0.40/

-0.50244816599320785E-003
-0.11420077429313835E-003
-0.46400243897348759E-004
-0.83411284109491390E-004
-0.24324892214000471E-003
-0.16095293071449746E-003
0.45/

-0.50191521181819354E-003
-0.11414931005493401E-003
-0.46377701659938708E-004
-0.83355699528109284E-004
-0.24304173324773970E-003
-0.16078955353959756E-003
0.50/

-0.50008624256259182E-003
-0.11395497200616944E-003
-0.46293284785114963E-004
-0.83154733669044134E-004
-0.24231293728416148E-003
-0.16022612890909116E-003
0.55/

-0.49522563196546798E-003
-0.11339442443336623E-003
-0.46051505351751842E-004
-0.82596104113097368E-004
-0.24033427706182664E-003
-0.15872239039094183E-003
0.56/

-0.49366670450057271E-003
-0.11320715957774397E-003
-0.45971010993461903E-004
-0.82412844212065295E-004
-0.23969277049395998E-003
-0.15823905189238374E-003
0.57/

-0.49185472400425923E-003
-0.11298619951105593E-003
-0.45876152982682328E-004
-0.82198049730308753E-004
-0.23894413691394334E-003
-0.15767680075295942E-003
0.58/

-0.48976300055647570E-003
-0.11272728481248606E-003
-0.45765139855546977E-004
-0.81948020211441985E-004
-0.23807645828055612E-003
-0.15702722023513971E-003
0.59/

-0.48736429779383528E-003
-0.11242591022941895E-003
-0.45636081508426685E-004
-0.81658896728953323E-004
-0.23707743743539567E-003
-0.15628170091464000E-003
0.60/

-0.48463118876362898E-003
-0.11207735375151628E-003
-0.45487002295008239E-004
-0.81326697143335736E-004
-0.23593453457726454E-003
-0.15543154952935012E-003
0.61/

-0.48153646116855242E-003
-0.11167671319611827E-003
-0.45315857337246968E-004
-0.80947358275906822E-004
-0.23463512604937620E-003
-0.15446811351571554E-003
0.62/

-0.47805356860397552E-003
-0.11121895062871090E-003
-0.45120552150557103E-004
-0.80516784944695274E-004
-0.23316668484874015E-003
-0.15338292028799216E-003
0.63/

-0.47415712218290551E-003
-0.11069894476101183E-003
-0.44898965603668017E-004
-0.80030905683869946E-004
-0.23151698122481079E-003
-0.15216782954574626E-003
0.64/

-0.46982341464474331E-003
-0.11011155118678673E-003
-0.44648976165628795E-004
-0.79485734700845967E-004
-0.22967430103815190E-003
-0.15081519644599695E-003

0.65/

-0.46503096676886457E-003
-0.10945167030262937E-003
-0.44368491279200839E-004
-0.78877439434688057E-004
-0.22762767849338061E-003
-0.14931804248785596E-003
0.70/

-0.43366087457297198E-003
-0.10489952670322822E-003
-0.42441672081672266E-004
-0.74774994735182787E-004
-0.21403476597692261E-003
-0.13948867001056797E-003
0.75/

-0.38978340894546548E-003
-0.97940057768308719E-004
-0.39516471455058877E-004
-0.68737402690643989E-004
-0.19454415982345097E-003
-0.12566967299854070E-003
0.80/

-0.33578880927365162E-003
-0.88485076688460396E-004
-0.35573330895211086E-004
-0.60876077923488481E-004
-0.16989086163832212E-003
-0.10856813468862470E-003
0.85/

-0.27687856407965228E-003
-0.77008246850418516E-004
-0.30827865320048886E-004
-0.51765490204580544E-004
-0.14219625634703803E-003
-0.89798655384498716E-004
0.90/

-0.21924303929177213E-003
-0.64482133966592414E-004
-0.25695078370802094E-004
-0.42290422579416287E-004
-0.11429531724038711E-003
-0.71326677809402383E-004
0.95/

-0.16789303592723570E-003
-0.52075774866100488E-004
-0.20656959940801300E-004
-0.33342161260829783E-004
-0.88739861011877252E-004
-0.54777689728169321E-004
