0.40/

-0.50211864585388607E-003
-0.11419171125120274E-003
-0.46402258025535407E-004
-0.83415432236430052E-004
-0.24321256121551490E-003
-0.16096360283910068E-003

0.45/

-0.50211864584174897E-003
-0.11419171125105559E-003
-0.46402258025458042E-004
-0.83415432236111147E-004
-0.24321256121204616E-003
-0.16096360283588871E-003

0.50/

-0.50211864481667582E-003
-0.11419171123435840E-003
-0.46402258016904697E-004
-0.83415432195422111E-004
-0.24321256095937972E-003
-0.16096360254837743E-003

0.55/

-0.50211860649430917E-003
-0.11419171043868368E-003
-0.46402257617898951E-004
-0.83415430459868366E-004
-0.24321255090680003E-003
-0.16096359166659823E-003

0.60/

-0.50211783111084112E-003
-0.11419169070927327E-003
-0.46402247899189207E-004
-0.83415391241557177E-004
-0.24321233662042902E-003
-0.16096336920979953E-003

0.65/

-0.50210806487563755E-003
-0.11419139528791085E-003
-0.46402104568556702E-004
-0.83414848598611978E-004
-0.24320951514777921E-003
-0.16096054258441788E-003

0.70/

-0.50202338981344876E-003
-0.11418842242703535E-003
-0.46400680910981790E-004
-0.83409746862519028E-004
-0.24318409859724009E-003
-0.16093584899087678E-003

0.75/

-0.50147949534083062E-003
-0.11416666615879524E-003
-0.46390380202027659E-004
-0.83374562770288790E-004
-0.24301525389503864E-003
-0.16077617243265074E-003

0.80/

-0.49875337873033377E-003
-0.11404386871050015E-003
-0.46332828125512144E-004
-0.83186273020110750E-004
-0.24214201955813112E-003
-0.15997079881185778E-003

0.84/

-0.49121937222758425E-003
-0.11366754757925587E-003
-0.46157909265551041E-004
-0.82634235981568849E-004
-0.23965743062164129E-003
-0.15773169290852969E-003

0.85/

-0.48779659668972538E-003
-0.11348629553775751E-003
-0.46074021943679410E-004
-0.82374561832776531E-004
-0.23850853158389679E-003
-0.15671065573534507E-003

0.86/

-0.48345742654534919E-003
-0.11324940233165718E-003
-0.45964614221059426E-004
-0.82039180281578110E-004
-0.23703796264875696E-003
-0.15541359952870158E-003

0.87/

-0.47801370197159409E-003
-0.11294215018860433E-003
-0.45823026602629501E-004
-0.81609663819207499E-004
-0.23517312444179975E-003
-0.15378262259187057E-003

0.88/

-0.47126031880461323E-003
-0.11254671116540313E-003
-0.45641231485298153E-004
-0.81064383869863056E-004
-0.23283145096442424E-003
-0.15175398272350218E-003

0.89/

-0.46298296445860116E-003
-0.11204176707122324E-003
-0.45409685478484310E-004
-0.80378455597491085E-004
-0.22992167780874360E-003
-0.14926018088222173E-003

0.90/

-0.45297022551818949E-003
-0.11140219985578911E-003
-0.45117223628284959E-004
-0.79523930114536501E-004
-0.22634650833236686E-003
-0.14623335608608407E-003

0.95/

-0.37209726089327926E-003
-0.10504152608305566E-003
-0.42244728943151545E-004
-0.71641917722994224E-004
-0.19538849139864525E-003
-0.12142036203877538E-003
