Oscillators N=4 2022-12-24 w=0.471533 a=4.50000.nb ( N = 4, M = 4 )
~~~~~~~~~~~~~~~~~~~~~~~~~~~~~~~~~~~~~~
Run Commenced: Sat 31 Dec 2022 08:18:29
Run Completed: Sat 31 Dec 2022 09:58:02
Time Elapsed: 01:39:33

Oscillators Used: 4
Wavefunctions Used: 4
Internuclear Separation: 1.2
omega: 0.472
nu : 0.235638

For display purposes, the threshold of Hamiltonian matrix elements has been set to: 10^-6.


    Hamiltonian Matrix A:    < psi_{i,A} | H_k | psi_{j,A} >
    H_1 = T_kin,    H_2 = V_pot,    H_3 = V_1-B,    H_4 = V_1-C,    H_5 = V_A-B,    H_6 = V_A-C 

HijkA: {{{0.35364975, 0.35364975, -0.6299910521, -0.4084124697, -0.2776458836, 0.8333326389, 0.4166663194, 0.2777775463}, {0., 0., -0.2034444656, -0.1532621228, -0.07894606202, 0., 0., 0.}, {0.2887538117, -0.2887538117, -0.1604309008, -0.02094597404, -0.0007038086646, 0., 0., 0.}, {0., 0., -0.07557933287, -0.08430610945, -0.03812796426, 0., 0., 0.}}, {{0., 0., -0.2034444656, -0.1532621228, -0.07894606202, 0., 0., 0.}, {0.58941625, 0.58941625, -0.5862715083, -0.4886601677, -0.3210976141, 0.8333326389, 0.4166663194, 0.2777775463}, {0., 0., -0.02079394577, 0.0763329559, 0.06199933751, 0., 0., 0.}, {0., 0., -0.1652139983, -0.2164975966, -0.120407538, 0., 0., 0.}}, {{0.2887538117, -0.2887538117, -0.1604309008, -0.02094597404, -0.0007038086646, 0., 0., 0.}, {0., 0., -0.02079394577, 0.0763329559, 0.06199933751, 0., 0., 0.}, {0.82518275, 0.82518275, -0.4755997362, -0.3534383196, -0.2738486957, 0.8333326389, 0.4166663194, 0.2777775463}, {0., 0., -0.002297116269, 0.07201615581, 0.05729901106, 0., 0., 0.}}, {{0., 0., -0.07557933287, -0.08430610945, -0.03812796426, 0., 0., 0.}, {0., 0., -0.1652139983, -0.2164975966, -0.120407538, 0., 0., 0.}, {0., 0., -0.002297116269, 0.07201615581, 0.05729901106, 0., 0., 0.}, {0.82518275, 0.82518275, -0.4632049324, -0.4887782649, -0.3442165168, 0.8333326389, 0.4166663194, 0.2777775463}}}
0.35365        0.             0.288754       0.
0.35365        0.             -0.288754      0.
-0.629991      -0.203444      -0.160431      -0.0755793
-0.408412      -0.153262      -0.020946      -0.0843061
-0.277646      -0.0789461     -0.000703809   -0.038128
0.833333       0.             0.             0.
0.416666       0.             0.             0.
0.277778       0.             0.             0.

0.             0.589416       0.             0.
0.             0.589416       0.             0.
-0.203444      -0.586272      -0.0207939     -0.165214
-0.153262      -0.48866       0.076333       -0.216498
-0.0789461     -0.321098      0.0619993      -0.120408
0.             0.833333       0.             0.
0.             0.416666       0.             0.
0.             0.277778       0.             0.

0.288754       0.             0.825183       0.
-0.288754      0.             0.825183       0.
-0.160431      -0.0207939     -0.4756        -0.00229712
-0.020946      0.076333       -0.353438      0.0720162
-0.000703809   0.0619993      -0.273849      0.057299
0.             0.             0.833333       0.
0.             0.             0.416666       0.
0.             0.             0.277778       0.

0.             0.             0.             0.825183
0.             0.             0.             0.825183
-0.0755793     -0.165214      -0.00229712    -0.463205
-0.0843061     -0.216498      0.0720162      -0.488778
-0.038128      -0.120408      0.057299       -0.344217
0.             0.             0.             0.833333
0.             0.             0.             0.416666
0.             0.             0.             0.277778


    Hamiltonian Matrix B:    < psi_{i,B} | H_k | psi_{j,B} >
    H_1 = T_kin,    H_2 = V_pot,    H_3 = V_2-A,    H_4 = V_2-C,    H_5 = V_B-A,    H_6 = V_B-C 

HijkB: {{{0.35364975, 0.35364975, -0.6299910521, -0.6299910521, -0.4084124697, 0.8333326389, 0.8333326389, 0.4166663194}, {0., 0., -0.2034444656, 0.2034444656, 0.1532621228, 0., 0., 0.}, {0.2887538117, -0.2887538117, -0.1604309008, -0.1604309008, -0.02094597404, 0., 0., 0.}, {0., 0., -0.07557933287, -0.07557933287, -0.08430610945, 0., 0., 0.}}, {{0., 0., -0.2034444656, 0.2034444656, 0.1532621228, 0., 0., 0.}, {0.58941625, 0.58941625, -0.5862715083, -0.5862715083, -0.4886601677, 0.8333326389, 0.8333326389, 0.4166663194}, {0., 0., -0.02079394577, 0.02079394577, -0.0763329559, 0., 0., 0.}, {0., 0., -0.1652139983, 0.1652139983, 0.2164975966, 0., 0., 0.}}, {{0.2887538117, -0.2887538117, -0.1604309008, -0.1604309008, -0.02094597404, 0., 0., 0.}, {0., 0., -0.02079394577, 0.02079394577, -0.0763329559, 0., 0., 0.}, {0.82518275, 0.82518275, -0.4755997362, -0.4755997362, -0.3534383196, 0.8333326389, 0.8333326389, 0.4166663194}, {0., 0., -0.002297116269, -0.002297116269, 0.07201615581, 0., 0., 0.}}, {{0., 0., -0.07557933287, -0.07557933287, -0.08430610945, 0., 0., 0.}, {0., 0., -0.1652139983, 0.1652139983, 0.2164975966, 0., 0., 0.}, {0., 0., -0.002297116269, -0.002297116269, 0.07201615581, 0., 0., 0.}, {0.82518275, 0.82518275, -0.4632049324, -0.4632049324, -0.4887782649, 0.8333326389, 0.8333326389, 0.4166663194}}}
0.35365       0.            0.288754      0.
0.35365       0.            -0.288754     0.
-0.629991     -0.203444     -0.160431     -0.0755793
-0.629991     0.203444      -0.160431     -0.0755793
-0.408412     0.153262      -0.020946     -0.0843061
0.833333      0.            0.            0.
0.833333      0.            0.            0.
0.416666      0.            0.            0.

0.            0.589416      0.            0.
0.            0.589416      0.            0.
-0.203444     -0.586272     -0.0207939    -0.165214
0.203444      -0.586272     0.0207939     0.165214
0.153262      -0.48866      -0.076333     0.216498
0.            0.833333      0.            0.
0.            0.833333      0.            0.
0.            0.416666      0.            0.

0.288754      0.            0.825183      0.
-0.288754     0.            0.825183      0.
-0.160431     -0.0207939    -0.4756       -0.00229712
-0.160431     0.0207939     -0.4756       -0.00229712
-0.020946     -0.076333     -0.353438     0.0720162
0.            0.            0.833333      0.
0.            0.            0.833333      0.
0.            0.            0.416666      0.

0.            0.            0.            0.825183
0.            0.            0.            0.825183
-0.0755793    -0.165214     -0.00229712   -0.463205
-0.0755793    0.165214      -0.00229712   -0.463205
-0.0843061    0.216498      0.0720162     -0.488778
0.            0.            0.            0.833333
0.            0.            0.            0.833333
0.            0.            0.            0.416666


    Hamiltonian Matrix C:    < psi_{i,C} | H_k | psi_{j,C} >
    H_1 = T_kin,    H_2 = V_pot,    H_3 = V_3-A,    H_4 = V_3-B,    H_5 = V_C-A,    H_6 = V_C-B 

HijkC: {{{0.35364975, 0.35364975, -0.4084124697, -0.6299910521, -0.6299910521, 0.4166663194, 0.8333326389, 0.8333326389}, {0., 0., 0.1532621228, 0.2034444656, -0.2034444656, 0., 0., 0.}, {0.2887538117, -0.2887538117, -0.02094597404, -0.1604309008, -0.1604309008, 0., 0., 0.}, {0., 0., -0.08430610945, -0.07557933287, -0.07557933287, 0., 0., 0.}}, {{0., 0., 0.1532621228, 0.2034444656, -0.2034444656, 0., 0., 0.}, {0.58941625, 0.58941625, -0.4886601677, -0.5862715083, -0.5862715083, 0.4166663194, 0.8333326389, 0.8333326389}, {0., 0., -0.0763329559, 0.02079394577, -0.02079394577, 0., 0., 0.}, {0., 0., 0.2164975966, 0.1652139983, -0.1652139983, 0., 0., 0.}}, {{0.2887538117, -0.2887538117, -0.02094597404, -0.1604309008, -0.1604309008, 0., 0., 0.}, {0., 0., -0.0763329559, 0.02079394577, -0.02079394577, 0., 0., 0.}, {0.82518275, 0.82518275, -0.3534383196, -0.4755997362, -0.4755997362, 0.4166663194, 0.8333326389, 0.8333326389}, {0., 0., 0.07201615581, -0.002297116269, -0.002297116269, 0., 0., 0.}}, {{0., 0., -0.08430610945, -0.07557933287, -0.07557933287, 0., 0., 0.}, {0., 0., 0.2164975966, 0.1652139983, -0.1652139983, 0., 0., 0.}, {0., 0., 0.07201615581, -0.002297116269, -0.002297116269, 0., 0., 0.}, {0.82518275, 0.82518275, -0.4887782649, -0.4632049324, -0.4632049324, 0.4166663194, 0.8333326389, 0.8333326389}}}
0.35365       0.            0.288754      0.
0.35365       0.            -0.288754     0.
-0.408412     0.153262      -0.020946     -0.0843061
-0.629991     0.203444      -0.160431     -0.0755793
-0.629991     -0.203444     -0.160431     -0.0755793
0.416666      0.            0.            0.
0.833333      0.            0.            0.
0.833333      0.            0.            0.

0.            0.589416      0.            0.
0.            0.589416      0.            0.
0.153262      -0.48866      -0.076333     0.216498
0.203444      -0.586272     0.0207939     0.165214
-0.203444     -0.586272     -0.0207939    -0.165214
0.            0.416666      0.            0.
0.            0.833333      0.            0.
0.            0.833333      0.            0.

0.288754      0.            0.825183      0.
-0.288754     0.            0.825183      0.
-0.020946     -0.076333     -0.353438     0.0720162
-0.160431     0.0207939     -0.4756       -0.00229712
-0.160431     -0.0207939    -0.4756       -0.00229712
0.            0.            0.416666      0.
0.            0.            0.833333      0.
0.            0.            0.833333      0.

0.            0.            0.            0.825183
0.            0.            0.            0.825183
-0.0843061    0.216498      0.0720162     -0.488778
-0.0755793    0.165214      -0.00229712   -0.463205
-0.0755793    -0.165214     -0.00229712   -0.463205
0.            0.            0.            0.416666
0.            0.            0.            0.833333
0.            0.            0.            0.833333


    Hamiltonian Matrix AB:    < psi_{i1,A} <psi_{i2,B} | V_e-e | psi_{i3,A} <psi_{i4,B} >

HijkAB: {{{{0.4925461964, 0.08754308233, 0.07943752977, 0.0170566599}, {0.08754308233, -0.04588984006, 0.0467677999, -0.02236690107}, {0.07964899343, 0.04676838821, 0.03827007127, 0.0157738957}, {0.0170566599, -0.02236690107, 0.0157738957, 0.009743968012}}, {{0.08754308233, 0.4465183894, -0.02482579061, 0.07902436535}, {-0.04588984006, 0.02365410496, 0.02453161592, -0.05437459878}, {0.04676838821, 0.06659446667, 0.003133517502, 0.03614812177}, {-0.02236690107, 0.01552949715, 0.0002500059632, -0.004673065505}}, {{0.07943752977, -0.02482579061, 0.3999463928, -0.01246570185}, {0.0467677999, 0.02453161592, 0.0524610856, 0.01858846415}, {0.03827007127, 0.003133517502, 0.04681533712, -0.005541223004}, {0.0157738957, 0.0002500059632, 0.01167187216, -0.01097457499}}, {{0.01705752182, 0.07902436535, -0.01246570185, 0.3914969106}, {-0.02236690107, -0.05437459878, 0.01858846415, 0.006310863443}, {0.0157738957, 0.03614812177, -0.005541223004, 0.04079016953}, {0.009743968012, -0.004673065505, -0.01097457499, 0.01430115923}}}, {{{0.08754308233, -0.04588984006, 0.0467677999, -0.02236690107}, {0.4465183894, 0.02365410496, 0.06659446667, 0.01555714477}, {-0.02482579061, 0.02451707103, 0.003133517502, 0.0002500059632}, {0.07902404252, -0.05437459878, 0.03614812177, -0.004673065505}}, {{-0.04588984006, 0.02365410496, 0.02453161111, -0.05437459878}, {0.02365410496, 0.4095757211, -0.02715049078, 0.04379202652}, {0.02451707583, -0.02715049078, -0.009690588965, 0.01855179409}, {-0.05437459878, 0.04379202652, 0.01855179409, -0.05514315347}}, {{0.0467677999, 0.02453161592, 0.0524610856, 0.01858846415}, {0.06659446667, -0.02715049078, 0.3752340878, -0.020439069}, {0.003133517502, -0.009690588965, -0.01287861356, -0.005483025789}, {0.03614812177, 0.01855179409, 0.04825393734, 0.01059619898}}, {{-0.02236690107, -0.05437459878, 0.01858846415, 0.006310863443}, {0.01555593917, 0.04379202652, -0.020439069, 0.3746413194}, {0.0002500059632, 0.01855179409, -0.005483025789, -0.02338837453}, {-0.004673065505, -0.05514315347, 0.01059619898, 0.01747987387}}}, {{{0.07964899343, 0.04676838821, 0.03827007127, 0.0157738957}, {-0.02482579061, 0.02451707103, 0.003133517502, 0.0002500059632}, {0.3999954662, 0.0524610856, 0.04683233419, 0.01167187216}, {-0.01246570185, 0.01858846415, -0.005541223004, -0.01098457337}}, {{0.04676838821, 0.06659446667, 0.003133517502, 0.03614812177}, {0.02451707103, -0.02715049078, -0.009690588965, 0.01855179409}, {0.0524610856, 0.3752340878, -0.01287861356, 0.04825393734}, {0.01858846415, -0.02043884946, -0.005483025789, 0.01059619898}}, {{0.03827007127, 0.003133517502, 0.04681533712, -0.005541223004}, {0.003133517502, -0.009690588965, -0.01287861356, -0.005483025789}, {0.04683233419, -0.01287861356, 0.3434005882, -0.002497794963}, {-0.005541223004, -0.005483025789, -0.002497794963, 0.0112931048}}, {{0.0157738957, 0.03614812177, -0.005541223004, 0.04079016953}, {0.0002500059632, 0.01855179409, -0.005483025789, -0.02338837453}, {0.01167187216, 0.04825393734, -0.002497794963, 0.3401716553}, {-0.01098341244, 0.01059619898, 0.0112931048, -0.01315158841}}}, {{{0.0170566599, -0.02236690107, 0.0157738957, 0.009743968012}, {0.07902404252, -0.05437459878, 0.03614812177, -0.004673065505}, {-0.01246570185, 0.01858846415, -0.005541223004, -0.01098457337}, {0.3914967665, 0.006310863443, 0.04079016953, 0.01430115923}}, {{-0.02236690107, 0.01552949715, 0.0002500059632, -0.004673065505}, {-0.05437459878, 0.04379202652, 0.01855179409, -0.05514315347}, {0.01858846415, -0.02043884946, -0.005483025789, 0.01059619898}, {0.006310863443, 0.3745939862, -0.02339193671, 0.01747987387}}, {{0.0157738957, 0.0002500059632, 0.01167187216, -0.01097371542}, {0.03614812177, 0.01855179409, 0.04825393734, 0.01059619898}, {-0.005541223004, -0.005483025789, -0.002497794963, 0.0112931048}, {0.04079016953, -0.02339193671, 0.3401716553, -0.01315158841}}, {{0.009743968012, -0.004673065505, -0.01097371542, 0.01430115923}, {-0.004673065505, -0.05514315347, 0.01059619898, 0.01747987387}, {-0.01098341244, 0.01059619898, 0.0112931048, -0.01315158841}, {0.01430115923, 0.01747987387, -0.01315158841, 0.3467593575}}}}
0.492546    0.0875431   0.0794375   0.0170567     0.0875431   0.446518    -0.0248258  0.0790244     0.0794375   -0.0248258  0.399946    -0.0124657    0.0170575   0.0790244   -0.0124657  0.391497
0.0875431   -0.0458898  0.0467678   -0.0223669    -0.0458898  0.0236541   0.0245316   -0.0543746    0.0467678   0.0245316   0.0524611   0.0185885     -0.0223669  -0.0543746  0.0185885   0.00631086
0.079649    0.0467684   0.0382701   0.0157739     0.0467684   0.0665945   0.00313352  0.0361481     0.0382701   0.00313352  0.0468153   -0.00554122   0.0157739   0.0361481   -0.00554122 0.0407902
0.0170567   -0.0223669  0.0157739   0.00974397    -0.0223669  0.0155295   0.000250006 -0.00467307   0.0157739   0.000250006 0.0116719   -0.0109746    0.00974397  -0.00467307 -0.0109746  0.0143012

0.0875431   -0.0458898  0.0467678   -0.0223669    -0.0458898  0.0236541   0.0245316   -0.0543746    0.0467678   0.0245316   0.0524611   0.0185885     -0.0223669  -0.0543746  0.0185885   0.00631086
0.446518    0.0236541   0.0665945   0.0155571     0.0236541   0.409576    -0.0271505  0.043792      0.0665945   -0.0271505  0.375234    -0.0204391    0.0155559   0.043792    -0.0204391  0.374641
-0.0248258  0.0245171   0.00313352  0.000250006   0.0245171   -0.0271505  -0.00969059 0.0185518     0.00313352  -0.00969059 -0.0128786  -0.00548303   0.000250006 0.0185518   -0.00548303 -0.0233884
0.079024    -0.0543746  0.0361481   -0.00467307   -0.0543746  0.043792    0.0185518   -0.0551432    0.0361481   0.0185518   0.0482539   0.0105962     -0.00467307 -0.0551432  0.0105962   0.0174799

0.079649    0.0467684   0.0382701   0.0157739     0.0467684   0.0665945   0.00313352  0.0361481     0.0382701   0.00313352  0.0468153   -0.00554122   0.0157739   0.0361481   -0.00554122 0.0407902
-0.0248258  0.0245171   0.00313352  0.000250006   0.0245171   -0.0271505  -0.00969059 0.0185518     0.00313352  -0.00969059 -0.0128786  -0.00548303   0.000250006 0.0185518   -0.00548303 -0.0233884
0.399995    0.0524611   0.0468323   0.0116719     0.0524611   0.375234    -0.0128786  0.0482539     0.0468323   -0.0128786  0.343401    -0.00249779   0.0116719   0.0482539   -0.00249779 0.340172
-0.0124657  0.0185885   -0.00554122 -0.0109846    0.0185885   -0.0204388  -0.00548303 0.0105962     -0.00554122 -0.00548303 -0.00249779 0.0112931     -0.0109834  0.0105962   0.0112931   -0.0131516

0.0170567   -0.0223669  0.0157739   0.00974397    -0.0223669  0.0155295   0.000250006 -0.00467307   0.0157739   0.000250006 0.0116719   -0.0109737    0.00974397  -0.00467307 -0.0109737  0.0143012
0.079024    -0.0543746  0.0361481   -0.00467307   -0.0543746  0.043792    0.0185518   -0.0551432    0.0361481   0.0185518   0.0482539   0.0105962     -0.00467307 -0.0551432  0.0105962   0.0174799
-0.0124657  0.0185885   -0.00554122 -0.0109846    0.0185885   -0.0204388  -0.00548303 0.0105962     -0.00554122 -0.00548303 -0.00249779 0.0112931     -0.0109834  0.0105962   0.0112931   -0.0131516
0.391497    0.00631086  0.0407902   0.0143012     0.00631086  0.374594    -0.0233919  0.0174799     0.0407902   -0.0233919  0.340172    -0.0131516    0.0143012   0.0174799   -0.0131516  0.346759


    Hamiltonian Matrix AC:    < psi_{i1,A} <psi_{i2,C} | V_e-e | psi_{i3,A} <psi_{i4,C} >

HijkAC: {{{{0.3751395454, -0.1008075024, 0.02824656926, 0.0343421398}, {0.1008075024, -0.0159976493, 0.03349024476, -0.003114179003}, {0.02827002999, -0.03349024476, 0.001621129972, 0.02261134814}, {0.0343421398, 0.003114179003, 0.02261134814, -0.001995142531}}, {{-0.1008075024, 0.391695549, 0.0487788783, -0.1128510441}, {-0.0159976493, 0.06939702251, -0.01185697626, 0.002359465021}, {-0.03349024476, 0.05336936313, 0.01171676999, -0.04573553958}, {0.003114179003, 0.01353728882, -0.01020383288, 0.005855716053}}, {{0.02824656926, 0.0487788783, 0.3301984862, -0.03304030458}, {0.03349024476, -0.01185697626, 0.0615650332, 0.01312151797}, {0.001621129972, 0.01171676999, 0.02019043593, -0.01693157754}, {0.02261134814, -0.01020383288, 0.01703499453, 0.002111192982}}, {{0.0343421398, -0.1128510441, -0.03304030458, 0.3661369671}, {-0.003114179003, 0.002359465021, 0.01312151797, 0.03981039442}, {0.02261134814, -0.04573553958, -0.01693157754, 0.05109771054}, {-0.001995142531, 0.005855716053, 0.002111192982, 0.007242985469}}}, {{{0.1008075024, -0.0159976493, 0.03349024476, -0.003114179003}, {0.391695549, -0.06939702251, 0.05336936313, 0.01357104761}, {-0.0487788783, -0.01185173269, -0.01171676999, 0.01020383288}, {0.1128510441, 0.002359465021, 0.04573553958, -0.005855716053}}, {{-0.0159976493, 0.06939702251, -0.01185698004, 0.002359465021}, {-0.06939702251, 0.3633162266, 0.02726032615, -0.06867010194}, {-0.01185172891, -0.02726032615, 0.002380611048, -0.01315876787}, {0.002359465021, 0.06867010194, -0.01315876787, 0.01141840624}}, {{0.03349024476, -0.01185697626, 0.0615650332, 0.01312151797}, {0.05336936313, 0.02726032615, 0.3332234779, -0.01688068957}, {-0.01171676999, 0.002380611048, -0.03635686304, -0.005476977351}, {0.04573553958, -0.01315876787, 0.07313711472, 0.0082187724}}, {{-0.003114179003, 0.002359465021, 0.01312151797, 0.03981039442}, {0.01357104761, -0.06867010194, -0.01688068957, 0.3328295963}, {0.01020383288, -0.01315876787, -0.005476977351, -0.02602815101}, {-0.005855716053, 0.01141840624, 0.0082187724, 0.04419311602}}}, {{{0.02827002999, -0.03349024476, 0.001621129972, 0.02261134814}, {-0.0487788783, -0.01185173269, -0.01171676999, 0.01020383288}, {0.3301923622, -0.0615650332, 0.02016607325, 0.01703419951}, {-0.03304030458, -0.01312151797, -0.01693157754, 0.002137758837}}, {{-0.03349024476, 0.05336936313, 0.01171676999, -0.04573553958}, {-0.01185173269, -0.02726032615, 0.002380611048, -0.01315876787}, {-0.0615650332, 0.3332234779, 0.03635686304, -0.07313711472}, {-0.01312151797, -0.01688068957, 0.005476977351, -0.0082187724}}, {{0.001621129972, 0.01171676999, 0.02019043593, -0.01693157754}, {-0.01171676999, 0.002380611048, -0.03635686304, -0.005476977351}, {0.02016607325, 0.03635686304, 0.2964505331, -0.01740303409}, {-0.01693157754, 0.005476977351, -0.01740303409, 0.001577253545}}, {{0.02261134814, -0.04573553958, -0.01693157754, 0.05109771054}, {0.01020383288, -0.01315876787, -0.005476977351, -0.02602815101}, {0.01703419951, -0.07313711472, -0.01740303409, 0.3196821235}, {0.002137756183, -0.0082187724, 0.001577253545, -0.01254180182}}}, {{{0.0343421398, 0.003114179003, 0.02261134814, -0.001995142531}, {0.1128510441, 0.002359465021, 0.04573553958, -0.005855716053}, {-0.03304030458, -0.01312151797, -0.01693157754, 0.002137758837}, {0.3661369671, -0.03981039442, 0.05109771054, 0.007242985469}}, {{0.003114179003, 0.01353728486, -0.01020383288, 0.005855716053}, {0.002359465021, 0.06867010194, -0.01315876787, 0.01141840624}, {-0.01312151797, -0.01688068957, 0.005476977351, -0.0082187724}, {-0.03981039442, 0.3328295963, 0.02602815101, -0.04419311602}}, {{0.02261134814, -0.01020383288, 0.01703499453, 0.002111195636}, {0.04573553958, -0.01315876787, 0.07313711472, 0.0082187724}, {-0.01693157754, 0.005476977351, -0.01740303409, 0.001577253545}, {0.05109771054, 0.02602815101, 0.3196821235, -0.01254180182}}, {{-0.001995142531, 0.005855716053, 0.002111195636, 0.007242985469}, {-0.005855716053, 0.01141840624, 0.0082187724, 0.04419311602}, {0.002137756183, -0.0082187724, 0.001577253545, -0.01254180182}, {0.007242985469, -0.04419311602, -0.01254180182, 0.3053070134}}}}
0.37514     -0.100808   0.0282466   0.0343421     -0.100808   0.391696    0.0487789   -0.112851     0.0282466   0.0487789   0.330198    -0.0330403    0.0343421   -0.112851   -0.0330403  0.366137
0.100808    -0.0159976  0.0334902   -0.00311418   -0.0159976  0.069397    -0.011857   0.00235947    0.0334902   -0.011857   0.061565    0.0131215     -0.00311418 0.00235947  0.0131215   0.0398104
0.02827     -0.0334902  0.00162113  0.0226113     -0.0334902  0.0533694   0.0117168   -0.0457355    0.00162113  0.0117168   0.0201904   -0.0169316    0.0226113   -0.0457355  -0.0169316  0.0510977
0.0343421   0.00311418  0.0226113   -0.00199514   0.00311418  0.0135373   -0.0102038  0.00585572    0.0226113   -0.0102038  0.017035    0.00211119    -0.00199514 0.00585572  0.00211119  0.00724299

0.100808    -0.0159976  0.0334902   -0.00311418   -0.0159976  0.069397    -0.011857   0.00235947    0.0334902   -0.011857   0.061565    0.0131215     -0.00311418 0.00235947  0.0131215   0.0398104
0.391696    -0.069397   0.0533694   0.013571      -0.069397   0.363316    0.0272603   -0.0686701    0.0533694   0.0272603   0.333223    -0.0168807    0.013571    -0.0686701  -0.0168807  0.33283
-0.0487789  -0.0118517  -0.0117168  0.0102038     -0.0118517  -0.0272603  0.00238061  -0.0131588    -0.0117168  0.00238061  -0.0363569  -0.00547698   0.0102038   -0.0131588  -0.00547698 -0.0260282
0.112851    0.00235947  0.0457355   -0.00585572   0.00235947  0.0686701   -0.0131588  0.0114184     0.0457355   -0.0131588  0.0731371   0.00821877    -0.00585572 0.0114184   0.00821877  0.0441931

0.02827     -0.0334902  0.00162113  0.0226113     -0.0334902  0.0533694   0.0117168   -0.0457355    0.00162113  0.0117168   0.0201904   -0.0169316    0.0226113   -0.0457355  -0.0169316  0.0510977
-0.0487789  -0.0118517  -0.0117168  0.0102038     -0.0118517  -0.0272603  0.00238061  -0.0131588    -0.0117168  0.00238061  -0.0363569  -0.00547698   0.0102038   -0.0131588  -0.00547698 -0.0260282
0.330192    -0.061565   0.0201661   0.0170342     -0.061565   0.333223    0.0363569   -0.0731371    0.0201661   0.0363569   0.296451    -0.017403     0.0170342   -0.0731371  -0.017403   0.319682
-0.0330403  -0.0131215  -0.0169316  0.00213776    -0.0131215  -0.0168807  0.00547698  -0.00821877   -0.0169316  0.00547698  -0.017403   0.00157725    0.00213776  -0.00821877 0.00157725  -0.0125418

0.0343421   0.00311418  0.0226113   -0.00199514   0.00311418  0.0135373   -0.0102038  0.00585572    0.0226113   -0.0102038  0.017035    0.0021112     -0.00199514 0.00585572  0.0021112   0.00724299
0.112851    0.00235947  0.0457355   -0.00585572   0.00235947  0.0686701   -0.0131588  0.0114184     0.0457355   -0.0131588  0.0731371   0.00821877    -0.00585572 0.0114184   0.00821877  0.0441931
-0.0330403  -0.0131215  -0.0169316  0.00213776    -0.0131215  -0.0168807  0.00547698  -0.00821877   -0.0169316  0.00547698  -0.017403   0.00157725    0.00213776  -0.00821877 0.00157725  -0.0125418
0.366137    -0.0398104  0.0510977   0.00724299    -0.0398104  0.33283     0.0260282   -0.0441931    0.0510977   0.0260282   0.319682    -0.0125418    0.00724299  -0.0441931  -0.0125418  0.305307


    Hamiltonian Matrix BA:    < psi_{i1,B} <psi_{i2,A} | V_e-e | psi_{i3,B} <psi_{i4,A} >

HijkBA: {{{{0.4925461964, 0.08754308233, 0.07943752977, 0.0170566599}, {0.08754308233, -0.04588984006, 0.0467677999, -0.02236690107}, {0.07964899343, 0.04676838821, 0.03827007127, 0.0157738957}, {0.0170566599, -0.02236690107, 0.0157738957, 0.009743968012}}, {{0.08754308233, 0.4465183894, -0.02482579061, 0.07902436535}, {-0.04588984006, 0.02365410496, 0.02453161592, -0.05437459878}, {0.04676838821, 0.06659446667, 0.003133517502, 0.03614812177}, {-0.02236690107, 0.01552949715, 0.0002500059632, -0.004673065505}}, {{0.07943752977, -0.02482579061, 0.3999463928, -0.01246570185}, {0.0467677999, 0.02453161592, 0.0524610856, 0.01858846415}, {0.03827007127, 0.003133517502, 0.04681533712, -0.005541223004}, {0.0157738957, 0.0002500059632, 0.01167187216, -0.01097457499}}, {{0.01705752182, 0.07902436535, -0.01246570185, 0.3914969106}, {-0.02236690107, -0.05437459878, 0.01858846415, 0.006310863443}, {0.0157738957, 0.03614812177, -0.005541223004, 0.04079016953}, {0.009743968012, -0.004673065505, -0.01097457499, 0.01430115923}}}, {{{0.08754308233, -0.04588984006, 0.0467677999, -0.02236690107}, {0.4465183894, 0.02365410496, 0.06659446667, 0.01555714477}, {-0.02482579061, 0.02451707103, 0.003133517502, 0.0002500059632}, {0.07902404252, -0.05437459878, 0.03614812177, -0.004673065505}}, {{-0.04588984006, 0.02365410496, 0.02453161111, -0.05437459878}, {0.02365410496, 0.4095757211, -0.02715049078, 0.04379202652}, {0.02451707583, -0.02715049078, -0.009690588965, 0.01855179409}, {-0.05437459878, 0.04379202652, 0.01855179409, -0.05514315347}}, {{0.0467677999, 0.02453161592, 0.0524610856, 0.01858846415}, {0.06659446667, -0.02715049078, 0.3752340878, -0.020439069}, {0.003133517502, -0.009690588965, -0.01287861356, -0.005483025789}, {0.03614812177, 0.01855179409, 0.04825393734, 0.01059619898}}, {{-0.02236690107, -0.05437459878, 0.01858846415, 0.006310863443}, {0.01555593917, 0.04379202652, -0.020439069, 0.3746413194}, {0.0002500059632, 0.01855179409, -0.005483025789, -0.02338837453}, {-0.004673065505, -0.05514315347, 0.01059619898, 0.01747987387}}}, {{{0.07964899343, 0.04676838821, 0.03827007127, 0.0157738957}, {-0.02482579061, 0.02451707103, 0.003133517502, 0.0002500059632}, {0.3999954662, 0.0524610856, 0.04683233419, 0.01167187216}, {-0.01246570185, 0.01858846415, -0.005541223004, -0.01098457337}}, {{0.04676838821, 0.06659446667, 0.003133517502, 0.03614812177}, {0.02451707103, -0.02715049078, -0.009690588965, 0.01855179409}, {0.0524610856, 0.3752340878, -0.01287861356, 0.04825393734}, {0.01858846415, -0.02043884946, -0.005483025789, 0.01059619898}}, {{0.03827007127, 0.003133517502, 0.04681533712, -0.005541223004}, {0.003133517502, -0.009690588965, -0.01287861356, -0.005483025789}, {0.04683233419, -0.01287861356, 0.3434005882, -0.002497794963}, {-0.005541223004, -0.005483025789, -0.002497794963, 0.0112931048}}, {{0.0157738957, 0.03614812177, -0.005541223004, 0.04079016953}, {0.0002500059632, 0.01855179409, -0.005483025789, -0.02338837453}, {0.01167187216, 0.04825393734, -0.002497794963, 0.3401716553}, {-0.01098341244, 0.01059619898, 0.0112931048, -0.01315158841}}}, {{{0.0170566599, -0.02236690107, 0.0157738957, 0.009743968012}, {0.07902404252, -0.05437459878, 0.03614812177, -0.004673065505}, {-0.01246570185, 0.01858846415, -0.005541223004, -0.01098457337}, {0.3914967665, 0.006310863443, 0.04079016953, 0.01430115923}}, {{-0.02236690107, 0.01552949715, 0.0002500059632, -0.004673065505}, {-0.05437459878, 0.04379202652, 0.01855179409, -0.05514315347}, {0.01858846415, -0.02043884946, -0.005483025789, 0.01059619898}, {0.006310863443, 0.3745939862, -0.02339193671, 0.01747987387}}, {{0.0157738957, 0.0002500059632, 0.01167187216, -0.01097371542}, {0.03614812177, 0.01855179409, 0.04825393734, 0.01059619898}, {-0.005541223004, -0.005483025789, -0.002497794963, 0.0112931048}, {0.04079016953, -0.02339193671, 0.3401716553, -0.01315158841}}, {{0.009743968012, -0.004673065505, -0.01097371542, 0.01430115923}, {-0.004673065505, -0.05514315347, 0.01059619898, 0.01747987387}, {-0.01098341244, 0.01059619898, 0.0112931048, -0.01315158841}, {0.01430115923, 0.01747987387, -0.01315158841, 0.3467593575}}}}
0.492546    0.0875431   0.0794375   0.0170567     0.0875431   0.446518    -0.0248258  0.0790244     0.0794375   -0.0248258  0.399946    -0.0124657    0.0170575   0.0790244   -0.0124657  0.391497
0.0875431   -0.0458898  0.0467678   -0.0223669    -0.0458898  0.0236541   0.0245316   -0.0543746    0.0467678   0.0245316   0.0524611   0.0185885     -0.0223669  -0.0543746  0.0185885   0.00631086
0.079649    0.0467684   0.0382701   0.0157739     0.0467684   0.0665945   0.00313352  0.0361481     0.0382701   0.00313352  0.0468153   -0.00554122   0.0157739   0.0361481   -0.00554122 0.0407902
0.0170567   -0.0223669  0.0157739   0.00974397    -0.0223669  0.0155295   0.000250006 -0.00467307   0.0157739   0.000250006 0.0116719   -0.0109746    0.00974397  -0.00467307 -0.0109746  0.0143012

0.0875431   -0.0458898  0.0467678   -0.0223669    -0.0458898  0.0236541   0.0245316   -0.0543746    0.0467678   0.0245316   0.0524611   0.0185885     -0.0223669  -0.0543746  0.0185885   0.00631086
0.446518    0.0236541   0.0665945   0.0155571     0.0236541   0.409576    -0.0271505  0.043792      0.0665945   -0.0271505  0.375234    -0.0204391    0.0155559   0.043792    -0.0204391  0.374641
-0.0248258  0.0245171   0.00313352  0.000250006   0.0245171   -0.0271505  -0.00969059 0.0185518     0.00313352  -0.00969059 -0.0128786  -0.00548303   0.000250006 0.0185518   -0.00548303 -0.0233884
0.079024    -0.0543746  0.0361481   -0.00467307   -0.0543746  0.043792    0.0185518   -0.0551432    0.0361481   0.0185518   0.0482539   0.0105962     -0.00467307 -0.0551432  0.0105962   0.0174799

0.079649    0.0467684   0.0382701   0.0157739     0.0467684   0.0665945   0.00313352  0.0361481     0.0382701   0.00313352  0.0468153   -0.00554122   0.0157739   0.0361481   -0.00554122 0.0407902
-0.0248258  0.0245171   0.00313352  0.000250006   0.0245171   -0.0271505  -0.00969059 0.0185518     0.00313352  -0.00969059 -0.0128786  -0.00548303   0.000250006 0.0185518   -0.00548303 -0.0233884
0.399995    0.0524611   0.0468323   0.0116719     0.0524611   0.375234    -0.0128786  0.0482539     0.0468323   -0.0128786  0.343401    -0.00249779   0.0116719   0.0482539   -0.00249779 0.340172
-0.0124657  0.0185885   -0.00554122 -0.0109846    0.0185885   -0.0204388  -0.00548303 0.0105962     -0.00554122 -0.00548303 -0.00249779 0.0112931     -0.0109834  0.0105962   0.0112931   -0.0131516

0.0170567   -0.0223669  0.0157739   0.00974397    -0.0223669  0.0155295   0.000250006 -0.00467307   0.0157739   0.000250006 0.0116719   -0.0109737    0.00974397  -0.00467307 -0.0109737  0.0143012
0.079024    -0.0543746  0.0361481   -0.00467307   -0.0543746  0.043792    0.0185518   -0.0551432    0.0361481   0.0185518   0.0482539   0.0105962     -0.00467307 -0.0551432  0.0105962   0.0174799
-0.0124657  0.0185885   -0.00554122 -0.0109846    0.0185885   -0.0204388  -0.00548303 0.0105962     -0.00554122 -0.00548303 -0.00249779 0.0112931     -0.0109834  0.0105962   0.0112931   -0.0131516
0.391497    0.00631086  0.0407902   0.0143012     0.00631086  0.374594    -0.0233919  0.0174799     0.0407902   -0.0233919  0.340172    -0.0131516    0.0143012   0.0174799   -0.0131516  0.346759


    Hamiltonian Matrix BC:    < psi_{i1,B} <psi_{i2,C} | V_e-e | psi_{i3,B} <psi_{i4,C} >

HijkBC: {{{{0.4925461964, -0.08754308233, 0.07943752977, 0.0170566599}, {-0.08754308233, -0.04588984006, -0.0467677999, 0.02236690107}, {0.07964899343, -0.04676838821, 0.03827007127, 0.0157738957}, {0.0170566599, 0.02236690107, 0.0157738957, 0.009743968012}}, {{-0.08754308233, 0.4465183894, 0.02482579061, -0.07902436535}, {-0.04588984006, -0.02365410496, 0.02453161592, -0.05437459878}, {-0.04676838821, 0.06659446667, -0.003133517502, -0.03614812177}, {0.02236690107, 0.01553045366, -0.0002500059632, 0.004673065505}}, {{0.07943752977, 0.02482579061, 0.3999463928, -0.01246570185}, {-0.0467677999, 0.02453161592, -0.0524610856, -0.01858846415}, {0.03827007127, -0.003133517502, 0.04681533712, -0.005541223004}, {0.0157738957, -0.0002500059632, 0.01167187216, -0.01097352936}}, {{0.0170566599, -0.07902436535, -0.01246570185, 0.3914969106}, {0.02236690107, -0.05437459878, -0.01858846415, -0.006310863443}, {0.0157738957, -0.03614812177, -0.005541223004, 0.04079016953}, {0.009743968012, 0.004673065505, -0.01097352936, 0.01430115923}}}, {{{-0.08754308233, -0.04588984006, -0.0467677999, 0.02236690107}, {0.4465183894, -0.02365410496, 0.06659446667, 0.01555865517}, {0.02482579061, 0.02451707103, -0.003133517502, -0.0002500059632}, {-0.07902404252, -0.05437459878, -0.03614812177, 0.004673065505}}, {{-0.04588984006, -0.02365410496, 0.02453161111, -0.05437459878}, {-0.02365410496, 0.4095757211, 0.02715049078, -0.04379202652}, {0.02451707583, 0.02715049078, -0.009690588965, 0.01855179409}, {-0.05437459878, -0.04379202652, 0.01855179409, -0.05514315347}}, {{-0.0467677999, 0.02453161592, -0.0524610856, -0.01858846415}, {0.06659446667, 0.02715049078, 0.3752340878, -0.020439069}, {-0.003133517502, -0.009690588965, 0.01287861356, 0.005483025789}, {-0.03614812177, 0.01855179409, -0.04825393734, -0.01059619898}}, {{0.02236690107, -0.05437459878, -0.01858846415, -0.006310863443}, {0.01555865517, -0.04379202652, -0.020439069, 0.3746413194}, {-0.0002500059632, 0.01855179409, 0.005483025789, 0.02338837453}, {0.004673065505, -0.05514315347, -0.01059619898, -0.01747987387}}}, {{{0.07964899343, -0.04676838821, 0.03827007127, 0.0157738957}, {0.02482579061, 0.02451707103, -0.003133517502, -0.0002500059632}, {0.3999954662, -0.0524610856, 0.04683233419, 0.01167187216}, {-0.01246570185, -0.01858846415, -0.005541223004, -0.01098224976}}, {{-0.04676838821, 0.06659446667, -0.003133517502, -0.03614812177}, {0.02451707103, 0.02715049078, -0.009690588965, 0.01855179409}, {-0.0524610856, 0.3752340878, 0.01287861356, -0.04825393734}, {-0.01858846415, -0.02043884946, 0.005483025789, -0.01059619898}}, {{0.03827007127, -0.003133517502, 0.04681533712, -0.005541223004}, {-0.003133517502, -0.009690588965, 0.01287861356, 0.005483025789}, {0.04683233419, 0.01287861356, 0.3434005882, -0.002497794963}, {-0.005541223004, 0.005483025789, -0.002497794963, 0.0112931048}}, {{0.0157738957, -0.03614812177, -0.005541223004, 0.04079016953}, {-0.0002500059632, 0.01855179409, 0.005483025789, 0.02338837453}, {0.01167187216, -0.04825393734, -0.002497794963, 0.3401716553}, {-0.01098227649, -0.01059619898, 0.0112931048, -0.01315158841}}}, {{{0.0170578544, 0.02236690107, 0.0157738957, 0.009743968012}, {-0.07902404252, -0.05437459878, -0.03614812177, 0.004673065505}, {-0.01246570185, -0.01858846415, -0.005541223004, -0.01098224976}, {0.3914967665, -0.006310863443, 0.04079016953, 0.01430115923}}, {{0.02236690107, 0.01553347446, -0.0002500059632, 0.004673065505}, {-0.05437459878, -0.04379202652, 0.01855179409, -0.05514315347}, {-0.01858846415, -0.02043884946, 0.005483025789, -0.01059619898}, {-0.006310863443, 0.3745939862, 0.02339178078, -0.01747987387}}, {{0.0157738957, -0.0002500059632, 0.01167187216, -0.01097352808}, {-0.03614812177, 0.01855179409, -0.04825393734, -0.01059619898}, {-0.005541223004, 0.005483025789, -0.002497794963, 0.0112931048}, {0.04079016953, 0.02339178078, 0.3401716553, -0.01315158841}}, {{0.009743968012, 0.004673065505, -0.01097352808, 0.01430115923}, {0.004673065505, -0.05514315347, -0.01059619898, -0.01747987387}, {-0.01098227649, -0.01059619898, 0.0112931048, -0.01315158841}, {0.01430115923, -0.01747987387, -0.01315158841, 0.3467593575}}}}
0.492546     -0.0875431   0.0794375    0.0170567      -0.0875431   0.446518     0.0248258    -0.0790244     0.0794375    0.0248258    0.399946     -0.0124657     0.0170567    -0.0790244   -0.0124657   0.391497
-0.0875431   -0.0458898   -0.0467678   0.0223669      -0.0458898   -0.0236541   0.0245316    -0.0543746     -0.0467678   0.0245316    -0.0524611   -0.0185885     0.0223669    -0.0543746   -0.0185885   -0.00631086
0.079649     -0.0467684   0.0382701    0.0157739      -0.0467684   0.0665945    -0.00313352  -0.0361481     0.0382701    -0.00313352  0.0468153    -0.00554122    0.0157739    -0.0361481   -0.00554122  0.0407902
0.0170567    0.0223669    0.0157739    0.00974397     0.0223669    0.0155305    -0.000250006 0.00467307     0.0157739    -0.000250006 0.0116719    -0.0109735     0.00974397   0.00467307   -0.0109735   0.0143012

-0.0875431   -0.0458898   -0.0467678   0.0223669      -0.0458898   -0.0236541   0.0245316    -0.0543746     -0.0467678   0.0245316    -0.0524611   -0.0185885     0.0223669    -0.0543746   -0.0185885   -0.00631086
0.446518     -0.0236541   0.0665945    0.0155587      -0.0236541   0.409576     0.0271505    -0.043792      0.0665945    0.0271505    0.375234     -0.0204391     0.0155587    -0.043792    -0.0204391   0.374641
0.0248258    0.0245171    -0.00313352  -0.000250006   0.0245171    0.0271505    -0.00969059  0.0185518      -0.00313352  -0.00969059  0.0128786    0.00548303     -0.000250006 0.0185518    0.00548303   0.0233884
-0.079024    -0.0543746   -0.0361481   0.00467307     -0.0543746   -0.043792    0.0185518    -0.0551432     -0.0361481   0.0185518    -0.0482539   -0.0105962     0.00467307   -0.0551432   -0.0105962   -0.0174799

0.079649     -0.0467684   0.0382701    0.0157739      -0.0467684   0.0665945    -0.00313352  -0.0361481     0.0382701    -0.00313352  0.0468153    -0.00554122    0.0157739    -0.0361481   -0.00554122  0.0407902
0.0248258    0.0245171    -0.00313352  -0.000250006   0.0245171    0.0271505    -0.00969059  0.0185518      -0.00313352  -0.00969059  0.0128786    0.00548303     -0.000250006 0.0185518    0.00548303   0.0233884
0.399995     -0.0524611   0.0468323    0.0116719      -0.0524611   0.375234     0.0128786    -0.0482539     0.0468323    0.0128786    0.343401     -0.00249779    0.0116719    -0.0482539   -0.00249779  0.340172
-0.0124657   -0.0185885   -0.00554122  -0.0109822     -0.0185885   -0.0204388   0.00548303   -0.0105962     -0.00554122  0.00548303   -0.00249779  0.0112931      -0.0109823   -0.0105962   0.0112931    -0.0131516

0.0170579    0.0223669    0.0157739    0.00974397     0.0223669    0.0155335    -0.000250006 0.00467307     0.0157739    -0.000250006 0.0116719    -0.0109735     0.00974397   0.00467307   -0.0109735   0.0143012
-0.079024    -0.0543746   -0.0361481   0.00467307     -0.0543746   -0.043792    0.0185518    -0.0551432     -0.0361481   0.0185518    -0.0482539   -0.0105962     0.00467307   -0.0551432   -0.0105962   -0.0174799
-0.0124657   -0.0185885   -0.00554122  -0.0109822     -0.0185885   -0.0204388   0.00548303   -0.0105962     -0.00554122  0.00548303   -0.00249779  0.0112931      -0.0109823   -0.0105962   0.0112931    -0.0131516
0.391497     -0.00631086  0.0407902    0.0143012      -0.00631086  0.374594     0.0233918    -0.0174799     0.0407902    0.0233918    0.340172     -0.0131516     0.0143012    -0.0174799   -0.0131516   0.346759


    Hamiltonian Matrix CA:    < psi_{i1,C} <psi_{i2,A} | V_e-e | psi_{i3,C} <psi_{i4,A} >

HijkCA: {{{{0.3751395454, -0.1008075024, 0.02824656926, 0.0343421398}, {0.1008075024, -0.0159976493, 0.03349024476, -0.003114179003}, {0.02827002999, -0.03349024476, 0.001621129972, 0.02261134814}, {0.0343421398, 0.003114179003, 0.02261134814, -0.001995142531}}, {{-0.1008075024, 0.391695549, 0.0487788783, -0.1128510441}, {-0.0159976493, 0.06939702251, -0.01185697626, 0.002359465021}, {-0.03349024476, 0.05336936313, 0.01171676999, -0.04573553958}, {0.003114179003, 0.01353728882, -0.01020383288, 0.005855716053}}, {{0.02824656926, 0.0487788783, 0.3301984862, -0.03304030458}, {0.03349024476, -0.01185697626, 0.0615650332, 0.01312151797}, {0.001621129972, 0.01171676999, 0.02019043593, -0.01693157754}, {0.02261134814, -0.01020383288, 0.01703499453, 0.002111192982}}, {{0.0343421398, -0.1128510441, -0.03304030458, 0.3661369671}, {-0.003114179003, 0.002359465021, 0.01312151797, 0.03981039442}, {0.02261134814, -0.04573553958, -0.01693157754, 0.05109771054}, {-0.001995142531, 0.005855716053, 0.002111192982, 0.007242985469}}}, {{{0.1008075024, -0.0159976493, 0.03349024476, -0.003114179003}, {0.391695549, -0.06939702251, 0.05336936313, 0.01357104761}, {-0.0487788783, -0.01185173269, -0.01171676999, 0.01020383288}, {0.1128510441, 0.002359465021, 0.04573553958, -0.005855716053}}, {{-0.0159976493, 0.06939702251, -0.01185698004, 0.002359465021}, {-0.06939702251, 0.3633162266, 0.02726032615, -0.06867010194}, {-0.01185172891, -0.02726032615, 0.002380611048, -0.01315876787}, {0.002359465021, 0.06867010194, -0.01315876787, 0.01141840624}}, {{0.03349024476, -0.01185697626, 0.0615650332, 0.01312151797}, {0.05336936313, 0.02726032615, 0.3332234779, -0.01688068957}, {-0.01171676999, 0.002380611048, -0.03635686304, -0.005476977351}, {0.04573553958, -0.01315876787, 0.07313711472, 0.0082187724}}, {{-0.003114179003, 0.002359465021, 0.01312151797, 0.03981039442}, {0.01357104761, -0.06867010194, -0.01688068957, 0.3328295963}, {0.01020383288, -0.01315876787, -0.005476977351, -0.02602815101}, {-0.005855716053, 0.01141840624, 0.0082187724, 0.04419311602}}}, {{{0.02827002999, -0.03349024476, 0.001621129972, 0.02261134814}, {-0.0487788783, -0.01185173269, -0.01171676999, 0.01020383288}, {0.3301923622, -0.0615650332, 0.02016607325, 0.01703419951}, {-0.03304030458, -0.01312151797, -0.01693157754, 0.002137758837}}, {{-0.03349024476, 0.05336936313, 0.01171676999, -0.04573553958}, {-0.01185173269, -0.02726032615, 0.002380611048, -0.01315876787}, {-0.0615650332, 0.3332234779, 0.03635686304, -0.07313711472}, {-0.01312151797, -0.01688068957, 0.005476977351, -0.0082187724}}, {{0.001621129972, 0.01171676999, 0.02019043593, -0.01693157754}, {-0.01171676999, 0.002380611048, -0.03635686304, -0.005476977351}, {0.02016607325, 0.03635686304, 0.2964505331, -0.01740303409}, {-0.01693157754, 0.005476977351, -0.01740303409, 0.001577253545}}, {{0.02261134814, -0.04573553958, -0.01693157754, 0.05109771054}, {0.01020383288, -0.01315876787, -0.005476977351, -0.02602815101}, {0.01703419951, -0.07313711472, -0.01740303409, 0.3196821235}, {0.002137756183, -0.0082187724, 0.001577253545, -0.01254180182}}}, {{{0.0343421398, 0.003114179003, 0.02261134814, -0.001995142531}, {0.1128510441, 0.002359465021, 0.04573553958, -0.005855716053}, {-0.03304030458, -0.01312151797, -0.01693157754, 0.002137758837}, {0.3661369671, -0.03981039442, 0.05109771054, 0.007242985469}}, {{0.003114179003, 0.01353728486, -0.01020383288, 0.005855716053}, {0.002359465021, 0.06867010194, -0.01315876787, 0.01141840624}, {-0.01312151797, -0.01688068957, 0.005476977351, -0.0082187724}, {-0.03981039442, 0.3328295963, 0.02602815101, -0.04419311602}}, {{0.02261134814, -0.01020383288, 0.01703499453, 0.002111195636}, {0.04573553958, -0.01315876787, 0.07313711472, 0.0082187724}, {-0.01693157754, 0.005476977351, -0.01740303409, 0.001577253545}, {0.05109771054, 0.02602815101, 0.3196821235, -0.01254180182}}, {{-0.001995142531, 0.005855716053, 0.002111195636, 0.007242985469}, {-0.005855716053, 0.01141840624, 0.0082187724, 0.04419311602}, {0.002137756183, -0.0082187724, 0.001577253545, -0.01254180182}, {0.007242985469, -0.04419311602, -0.01254180182, 0.3053070134}}}}
0.37514     -0.100808   0.0282466   0.0343421     -0.100808   0.391696    0.0487789   -0.112851     0.0282466   0.0487789   0.330198    -0.0330403    0.0343421   -0.112851   -0.0330403  0.366137
0.100808    -0.0159976  0.0334902   -0.00311418   -0.0159976  0.069397    -0.011857   0.00235947    0.0334902   -0.011857   0.061565    0.0131215     -0.00311418 0.00235947  0.0131215   0.0398104
0.02827     -0.0334902  0.00162113  0.0226113     -0.0334902  0.0533694   0.0117168   -0.0457355    0.00162113  0.0117168   0.0201904   -0.0169316    0.0226113   -0.0457355  -0.0169316  0.0510977
0.0343421   0.00311418  0.0226113   -0.00199514   0.00311418  0.0135373   -0.0102038  0.00585572    0.0226113   -0.0102038  0.017035    0.00211119    -0.00199514 0.00585572  0.00211119  0.00724299

0.100808    -0.0159976  0.0334902   -0.00311418   -0.0159976  0.069397    -0.011857   0.00235947    0.0334902   -0.011857   0.061565    0.0131215     -0.00311418 0.00235947  0.0131215   0.0398104
0.391696    -0.069397   0.0533694   0.013571      -0.069397   0.363316    0.0272603   -0.0686701    0.0533694   0.0272603   0.333223    -0.0168807    0.013571    -0.0686701  -0.0168807  0.33283
-0.0487789  -0.0118517  -0.0117168  0.0102038     -0.0118517  -0.0272603  0.00238061  -0.0131588    -0.0117168  0.00238061  -0.0363569  -0.00547698   0.0102038   -0.0131588  -0.00547698 -0.0260282
0.112851    0.00235947  0.0457355   -0.00585572   0.00235947  0.0686701   -0.0131588  0.0114184     0.0457355   -0.0131588  0.0731371   0.00821877    -0.00585572 0.0114184   0.00821877  0.0441931

0.02827     -0.0334902  0.00162113  0.0226113     -0.0334902  0.0533694   0.0117168   -0.0457355    0.00162113  0.0117168   0.0201904   -0.0169316    0.0226113   -0.0457355  -0.0169316  0.0510977
-0.0487789  -0.0118517  -0.0117168  0.0102038     -0.0118517  -0.0272603  0.00238061  -0.0131588    -0.0117168  0.00238061  -0.0363569  -0.00547698   0.0102038   -0.0131588  -0.00547698 -0.0260282
0.330192    -0.061565   0.0201661   0.0170342     -0.061565   0.333223    0.0363569   -0.0731371    0.0201661   0.0363569   0.296451    -0.017403     0.0170342   -0.0731371  -0.017403   0.319682
-0.0330403  -0.0131215  -0.0169316  0.00213776    -0.0131215  -0.0168807  0.00547698  -0.00821877   -0.0169316  0.00547698  -0.017403   0.00157725    0.00213776  -0.00821877 0.00157725  -0.0125418

0.0343421   0.00311418  0.0226113   -0.00199514   0.00311418  0.0135373   -0.0102038  0.00585572    0.0226113   -0.0102038  0.017035    0.0021112     -0.00199514 0.00585572  0.0021112   0.00724299
0.112851    0.00235947  0.0457355   -0.00585572   0.00235947  0.0686701   -0.0131588  0.0114184     0.0457355   -0.0131588  0.0731371   0.00821877    -0.00585572 0.0114184   0.00821877  0.0441931
-0.0330403  -0.0131215  -0.0169316  0.00213776    -0.0131215  -0.0168807  0.00547698  -0.00821877   -0.0169316  0.00547698  -0.017403   0.00157725    0.00213776  -0.00821877 0.00157725  -0.0125418
0.366137    -0.0398104  0.0510977   0.00724299    -0.0398104  0.33283     0.0260282   -0.0441931    0.0510977   0.0260282   0.319682    -0.0125418    0.00724299  -0.0441931  -0.0125418  0.305307


    Hamiltonian Matrix CB:    < psi_{i1,C} <psi_{i2,B} | V_e-e | psi_{i3,C} <psi_{i4,B} >

HijkCB: {{{{0.4925461964, -0.08754308233, 0.07943752977, 0.0170566599}, {-0.08754308233, -0.04588984006, -0.0467677999, 0.02236690107}, {0.07964899343, -0.04676838821, 0.03827007127, 0.0157738957}, {0.0170566599, 0.02236690107, 0.0157738957, 0.009743968012}}, {{-0.08754308233, 0.4465183894, 0.02482579061, -0.07902436535}, {-0.04588984006, -0.02365410496, 0.02453161592, -0.05437459878}, {-0.04676838821, 0.06659446667, -0.003133517502, -0.03614812177}, {0.02236690107, 0.01553045366, -0.0002500059632, 0.004673065505}}, {{0.07943752977, 0.02482579061, 0.3999463928, -0.01246570185}, {-0.0467677999, 0.02453161592, -0.0524610856, -0.01858846415}, {0.03827007127, -0.003133517502, 0.04681533712, -0.005541223004}, {0.0157738957, -0.0002500059632, 0.01167187216, -0.01097352936}}, {{0.0170566599, -0.07902436535, -0.01246570185, 0.3914969106}, {0.02236690107, -0.05437459878, -0.01858846415, -0.006310863443}, {0.0157738957, -0.03614812177, -0.005541223004, 0.04079016953}, {0.009743968012, 0.004673065505, -0.01097352936, 0.01430115923}}}, {{{-0.08754308233, -0.04588984006, -0.0467677999, 0.02236690107}, {0.4465183894, -0.02365410496, 0.06659446667, 0.01555865517}, {0.02482579061, 0.02451707103, -0.003133517502, -0.0002500059632}, {-0.07902404252, -0.05437459878, -0.03614812177, 0.004673065505}}, {{-0.04588984006, -0.02365410496, 0.02453161111, -0.05437459878}, {-0.02365410496, 0.4095757211, 0.02715049078, -0.04379202652}, {0.02451707583, 0.02715049078, -0.009690588965, 0.01855179409}, {-0.05437459878, -0.04379202652, 0.01855179409, -0.05514315347}}, {{-0.0467677999, 0.02453161592, -0.0524610856, -0.01858846415}, {0.06659446667, 0.02715049078, 0.3752340878, -0.020439069}, {-0.003133517502, -0.009690588965, 0.01287861356, 0.005483025789}, {-0.03614812177, 0.01855179409, -0.04825393734, -0.01059619898}}, {{0.02236690107, -0.05437459878, -0.01858846415, -0.006310863443}, {0.01555865517, -0.04379202652, -0.020439069, 0.3746413194}, {-0.0002500059632, 0.01855179409, 0.005483025789, 0.02338837453}, {0.004673065505, -0.05514315347, -0.01059619898, -0.01747987387}}}, {{{0.07964899343, -0.04676838821, 0.03827007127, 0.0157738957}, {0.02482579061, 0.02451707103, -0.003133517502, -0.0002500059632}, {0.3999954662, -0.0524610856, 0.04683233419, 0.01167187216}, {-0.01246570185, -0.01858846415, -0.005541223004, -0.01098224976}}, {{-0.04676838821, 0.06659446667, -0.003133517502, -0.03614812177}, {0.02451707103, 0.02715049078, -0.009690588965, 0.01855179409}, {-0.0524610856, 0.3752340878, 0.01287861356, -0.04825393734}, {-0.01858846415, -0.02043884946, 0.005483025789, -0.01059619898}}, {{0.03827007127, -0.003133517502, 0.04681533712, -0.005541223004}, {-0.003133517502, -0.009690588965, 0.01287861356, 0.005483025789}, {0.04683233419, 0.01287861356, 0.3434005882, -0.002497794963}, {-0.005541223004, 0.005483025789, -0.002497794963, 0.0112931048}}, {{0.0157738957, -0.03614812177, -0.005541223004, 0.04079016953}, {-0.0002500059632, 0.01855179409, 0.005483025789, 0.02338837453}, {0.01167187216, -0.04825393734, -0.002497794963, 0.3401716553}, {-0.01098227649, -0.01059619898, 0.0112931048, -0.01315158841}}}, {{{0.0170578544, 0.02236690107, 0.0157738957, 0.009743968012}, {-0.07902404252, -0.05437459878, -0.03614812177, 0.004673065505}, {-0.01246570185, -0.01858846415, -0.005541223004, -0.01098224976}, {0.3914967665, -0.006310863443, 0.04079016953, 0.01430115923}}, {{0.02236690107, 0.01553347446, -0.0002500059632, 0.004673065505}, {-0.05437459878, -0.04379202652, 0.01855179409, -0.05514315347}, {-0.01858846415, -0.02043884946, 0.005483025789, -0.01059619898}, {-0.006310863443, 0.3745939862, 0.02339178078, -0.01747987387}}, {{0.0157738957, -0.0002500059632, 0.01167187216, -0.01097352808}, {-0.03614812177, 0.01855179409, -0.04825393734, -0.01059619898}, {-0.005541223004, 0.005483025789, -0.002497794963, 0.0112931048}, {0.04079016953, 0.02339178078, 0.3401716553, -0.01315158841}}, {{0.009743968012, 0.004673065505, -0.01097352808, 0.01430115923}, {0.004673065505, -0.05514315347, -0.01059619898, -0.01747987387}, {-0.01098227649, -0.01059619898, 0.0112931048, -0.01315158841}, {0.01430115923, -0.01747987387, -0.01315158841, 0.3467593575}}}}
0.492546     -0.0875431   0.0794375    0.0170567      -0.0875431   0.446518     0.0248258    -0.0790244     0.0794375    0.0248258    0.399946     -0.0124657     0.0170567    -0.0790244   -0.0124657   0.391497
-0.0875431   -0.0458898   -0.0467678   0.0223669      -0.0458898   -0.0236541   0.0245316    -0.0543746     -0.0467678   0.0245316    -0.0524611   -0.0185885     0.0223669    -0.0543746   -0.0185885   -0.00631086
0.079649     -0.0467684   0.0382701    0.0157739      -0.0467684   0.0665945    -0.00313352  -0.0361481     0.0382701    -0.00313352  0.0468153    -0.00554122    0.0157739    -0.0361481   -0.00554122  0.0407902
0.0170567    0.0223669    0.0157739    0.00974397     0.0223669    0.0155305    -0.000250006 0.00467307     0.0157739    -0.000250006 0.0116719    -0.0109735     0.00974397   0.00467307   -0.0109735   0.0143012

-0.0875431   -0.0458898   -0.0467678   0.0223669      -0.0458898   -0.0236541   0.0245316    -0.0543746     -0.0467678   0.0245316    -0.0524611   -0.0185885     0.0223669    -0.0543746   -0.0185885   -0.00631086
0.446518     -0.0236541   0.0665945    0.0155587      -0.0236541   0.409576     0.0271505    -0.043792      0.0665945    0.0271505    0.375234     -0.0204391     0.0155587    -0.043792    -0.0204391   0.374641
0.0248258    0.0245171    -0.00313352  -0.000250006   0.0245171    0.0271505    -0.00969059  0.0185518      -0.00313352  -0.00969059  0.0128786    0.00548303     -0.000250006 0.0185518    0.00548303   0.0233884
-0.079024    -0.0543746   -0.0361481   0.00467307     -0.0543746   -0.043792    0.0185518    -0.0551432     -0.0361481   0.0185518    -0.0482539   -0.0105962     0.00467307   -0.0551432   -0.0105962   -0.0174799

0.079649     -0.0467684   0.0382701    0.0157739      -0.0467684   0.0665945    -0.00313352  -0.0361481     0.0382701    -0.00313352  0.0468153    -0.00554122    0.0157739    -0.0361481   -0.00554122  0.0407902
0.0248258    0.0245171    -0.00313352  -0.000250006   0.0245171    0.0271505    -0.00969059  0.0185518      -0.00313352  -0.00969059  0.0128786    0.00548303     -0.000250006 0.0185518    0.00548303   0.0233884
0.399995     -0.0524611   0.0468323    0.0116719      -0.0524611   0.375234     0.0128786    -0.0482539     0.0468323    0.0128786    0.343401     -0.00249779    0.0116719    -0.0482539   -0.00249779  0.340172
-0.0124657   -0.0185885   -0.00554122  -0.0109822     -0.0185885   -0.0204388   0.00548303   -0.0105962     -0.00554122  0.00548303   -0.00249779  0.0112931      -0.0109823   -0.0105962   0.0112931    -0.0131516

0.0170579    0.0223669    0.0157739    0.00974397     0.0223669    0.0155335    -0.000250006 0.00467307     0.0157739    -0.000250006 0.0116719    -0.0109735     0.00974397   0.00467307   -0.0109735   0.0143012
-0.079024    -0.0543746   -0.0361481   0.00467307     -0.0543746   -0.043792    0.0185518    -0.0551432     -0.0361481   0.0185518    -0.0482539   -0.0105962     0.00467307   -0.0551432   -0.0105962   -0.0174799
-0.0124657   -0.0185885   -0.00554122  -0.0109822     -0.0185885   -0.0204388   0.00548303   -0.0105962     -0.00554122  0.00548303   -0.00249779  0.0112931      -0.0109823   -0.0105962   0.0112931    -0.0131516
0.391497     -0.00631086  0.0407902    0.0143012      -0.00631086  0.374594     0.0233918    -0.0174799     0.0407902    0.0233918    0.340172     -0.0131516     0.0143012    -0.0174799   -0.0131516   0.346759


Energy:  {2.399691206}


Coefficients: {{0.8831323017, 0.4283667322, 0.04792234474, 0.1851559595}, {0.8388184642, -0.466233367, -0.008728400399, 0.2809516802}, {0.8388184642, -0.466233367, -0.008728400399, 0.2809516802}, {0.8831323017, 0.4283667322, 0.04792234474, 0.1851559595}}


r2: {3.507474973, 4.017447104, 4.017447104, 3.507474973}
r2f: {3.18284615}


r3: {8.098449381, 9.829459524, 9.829459524, 8.098449381}
r3f: {6.975440461}


alpha: {5.224476135, 6.341186353, 6.341186353, 5.224476135}
alphaf: {4.5}




~~~XDM (a1=0.65, a2=3.17474)~~~

M1^2: {4.022155227, 4.3445956, 4.3445956, 4.022155227}
M1f^2: {3.18284615}

M2^2: {20.4286216, 22.86889403, 22.86889403, 20.4286216}
M2f^2: {16.88418269}

M3^2: {197.8581671, 235.5352261, 235.5352261, 197.8581671}
M3f^2: {125.3927637}

C6XDM: {{10.506827, 12.01000344, 12.01000344, 10.506827}, {12.01000344, 13.77494517, 13.77494517, 12.01000344}, {12.01000344, 13.77494517, 13.77494517, 12.01000344}, {10.506827, 12.01000344, 12.01000344, 10.506827}}
C6XDMf: {7.161403837}

C8XDM: {{160.093269, 186.3252411, 186.3252411, 160.093269}, {186.3252411, 217.5238781, 217.5238781, 186.3252411}, {186.3252411, 217.5238781, 217.5238781, 186.3252411}, {160.093269, 186.3252411, 186.3252411, 160.093269}}
C8XDMf: {113.9682331}

C10XDM: {{3205.775048, 3832.354228, 3832.354228, 3205.775048}, {3832.354228, 4590.135391, 4590.135391, 3832.354228}, {3832.354228, 4590.135391, 4590.135391, 3832.354228}, {3205.775048, 3832.354228, 3832.354228, 3205.775048}}
C10XDMf: {1974.936028}

EXDMC6: {-12.78790723}
EXDMC8: {-137.5989927}
EXDMC10: {-1980.426843}

EXDMBJC6: {-0.00165241397}
EXDMBJC8: {-0.0007343622362}
EXDMBJC10: {-0.0004311000797}

EXDM: {-2130.813743}
EXDMBJ: {-0.002817876286}




~~~TS (dTS=20, sR=0.62)~~~

C6TS: {{9.652918432, 11.71618992, 11.71618992, 9.652918432}, {11.71618992, 14.22047718, 14.22047718, 11.71618992}, {11.71618992, 14.22047718, 14.22047718, 11.71618992}, {9.652918432, 11.71618992, 11.71618992, 9.652918432}}
C6TSf: {7.161403837}

ETS: {-12.73685295}
ETSWY: {-0.000483423285}




~~~MBD~~~

 alpha: {4.665356875, 2.429372023, 2.429372023, 4.665356875}
  C6ii: {8.478955403, 4.249759831, 4.249759831, 8.478955403}
 omega: {0.5194112435, 0.9600969107, 0.9600969107, 0.5194112435}
lambda: {1.592218866, 1.592218866, 0.9944670184, 0.92086319, 0.5313877591, 0.5313877591, 0.2607390246, 0.2070790026, 0.1602889863, 0.1602889863, 0.09925262389, 0.09925262389}
Energy: {-0.2710588684}

~~~MBD@rsSCS (drsSCS=6, sR=0.62)~~~

 alpha: {4.592324053, 2.370899763, 2.370899763, 4.592324053}
  C6ii: {8.153070893, 4.066213963, 4.066213963, 8.153070893}
 omega: {0.5154599214, 0.9645007669, 0.9645007669, 0.5154599214}
lambda: {0.9635762678, 0.9475551859, 0.9475551859, 0.9136921585, 0.9136921585, 0.899927142, 0.2834809169, 0.2739537364, 0.2739537364, 0.2567202391, 0.2567202391, 0.2449369932}
Energy: {-0.001701336995}




~~~MBDFree1~~~

 alpha: {4.387471767, 1.862905036, 1.862905036, 4.387471767}
  C6ii: {7.36149483, 2.664076027, 2.664076027, 7.36149483}
 omega: {0.5098895113, 1.023537874, 1.023537874, 0.5098895113}
lambda: {1.712798767, 1.712798767, 1.188271447, 0.9591316723, 0.6112407737, 0.6112407737, 0.2713657424, 0.1964653263, 0.1695823061, 0.1695823061, 0.1216123409, 0.1216123409}
Energy: {-0.2323889617}

~~~MBDFree1@rsSCS (drsSCS=6, sR=0.62)~~~

 alpha: {4.298505324, 1.81199135, 1.81199135, 4.298505324}
  C6ii: {7.036021846, 2.528928431, 2.528928431, 7.036021846}
 omega: {0.5077278404, 1.026982482, 1.026982482, 0.5077278404}
lambda: {1.083536, 1.069533578, 1.069533578, 1.040329279, 1.040329279, 1.027795885, 0.2739648176, 0.2654571196, 0.2654571196, 0.2496411773, 0.2496411773, 0.2396644517}
Energy: {-0.001264267256}




~~~MBDFree2~~~

 alpha: {4.387471767, 1.862905036, 1.862905036, 4.387471767}
  C6ii: {9.113656654, 5.998362332, 5.998362332, 9.113656654}
 omega: {0.6312519461, 2.304570504, 2.304570504, 0.6312519461}
lambda: {8.264517555, 8.264517555, 5.891421427, 4.797129324, 2.664693245, 2.664693245, 0.4252810764, 0.305216625, 0.2730831087, 0.2730831087, 0.2167545436, 0.2167545436}
Energy: {-0.4010985626}

~~~MBDFree2@rsSCS (drsSCS=6, sR=0.62)~~~

 alpha: {4.298505324, 1.81199135, 1.81199135, 4.298505324}
  C6ii: {8.729906905, 5.769106809, 5.769106809, 8.729906905}
 omega: {0.6299606336, 2.342799248, 2.342799248, 0.6299606336}
lambda: {5.638506939, 5.56413125, 5.56413125, 5.413881119, 5.413881119, 5.341374261, 0.4217770726, 0.4087901128, 0.4087901128, 0.3843149475, 0.3843149475, 0.3694591566}
Energy: {-0.001880077956}




~~~MBD@XDM1~~~

 alpha: {5.005990227, 2.249541026, 2.249541026, 5.005990227}
  C6ii: {9.59713818, 3.931180153, 3.931180153, 9.59713818}
 omega: {0.5106231373, 1.035795088, 1.035795088, 0.5106231373}
lambda: {1.805969233, 1.805969233, 1.168303274, 1.040536775, 0.592793759, 0.592793759, 0.2599138948, 0.1984609606, 0.1605650464, 0.1605650464, 0.1078868652, 0.1078868652}
Energy: {-0.2681656148}

~~~MBD@XDM1@rsSCS (drsSCS=6, sR=0.62)~~~

 alpha: {4.928215646, 2.189412829, 2.189412829, 4.928215646}
  C6ii: {9.227105646, 3.750358463, 3.750358463, 9.227105646}
 omega: {0.5065529202, 1.043172668, 1.043172668, 0.5065529202}
lambda: {1.12417581, 1.106762423, 1.106762423, 1.070304462, 1.070304462, 1.054906325, 0.2750408231, 0.265248432, 0.265248432, 0.2472948358, 0.2472948358, 0.2354871945}
Energy: {-0.001747832472}




~~~MBD@XDM2~~~

 alpha: {4.665356875, 2.429372023, 2.429372023, 4.665356875}
  C6ii: {9.59627455, 3.908674561, 3.908674561, 9.59627455}
 omega: {0.5878569541, 0.8830396353, 0.8830396353, 0.5878569541}
lambda: {1.416180322, 1.416180322, 0.8828554915, 0.7870372286, 0.5317442576, 0.5317442576, 0.3182421322, 0.2625347397, 0.1952714585, 0.1952714585, 0.1074735542, 0.1074735542}
Energy: {-0.2720881256}

~~~MBD@XDM2@rsSCS (drsSCS=6, sR=0.62)~~~

 alpha: {4.592324053, 2.370899763, 2.370899763, 4.592324053}
  C6ii: {9.217288286, 3.725192965, 3.725192965, 9.217288286}
 omega: {0.5827427184, 0.8836110211, 0.8836110211, 0.5827427184}
lambda: {0.8088211903, 0.7958265786, 0.7958265786, 0.7668845375, 0.7668845375, 0.7574509049, 0.3622750302, 0.3499002878, 0.3499002878, 0.3281036209, 0.3281036209, 0.3121678995}
Energy: {-0.001786566083}




    ENERGY MATRIX: {Non-Interacting, Electron-Nuclear, Electron-Electron, Nuclear-Nuclear, Total Energy}
Oscillator 1 Energy: {0.8283215651, -1.811914372, 0.784524107, 0.7638882523, 0.5648195524}
Oscillator 2 Energy: {0.8843099778, -1.587811125, 0.820686195, 1.041665799, 1.158850846}
Oscillator 3 Energy: {0.8843099778, -2.327232182, 0.6393921763, 1.041665799, 0.2381357706}
Oscillator 4 Energy: {0.8283215651, -1.811914372, 0.6032290552, 0.7638882523, 0.3835245005}
Energy Totals: {3.425263086, -7.538872052, 2.847831533, 3.611108102, 2.34533067}


    COEFFICIENT MATRIX: {c1, c2, c5, c6, c11, c14}
Oscillator 1 Cs: {0.8831323017, 0.4283667322, 0.04792234474, 0.1851559595}
Oscillator 2 Cs: {0.8388184642, -0.466233367, -0.008728400399, 0.2809516802}
Oscillator 3 Cs: {0.8388184642, -0.466233367, -0.008728400399, 0.2809516802}
Oscillator 4 Cs: {0.8831323017, 0.4283667322, 0.04792234474, 0.1851559595}


    GENERAL RESULTS: {R, E, r2, r2f, r3, r3f, alpha, alphaf}
Oscillator 1 General Results: {1.200001, 2.399691206, 3.507474973, 3.18284615, 8.098449381, 6.975440461, 5.224476135, 4.5}
Oscillator 2 General Results: {1.200001, 2.399691206, 4.017447104, 3.18284615, 9.829459524, 6.975440461, 6.341186353, 4.5}
Oscillator 3 General Results: {1.200001, 2.399691206, 4.017447104, 3.18284615, 9.829459524, 6.975440461, 6.341186353, 4.5}
Oscillator 4 General Results: {1.200001, 2.399691206, 3.507474973, 3.18284615, 8.098449381, 6.975440461, 5.224476135, 4.5}


    XDM RESULTS: {M1^2, M1f^2, M2^2, M2f^2, M3^2, M3f^2, C6XDMii, C6XDMij, C6XDMf, C8XDMii, C8XDMij, C8XDMf, C10XDMii, C10XDMij, C10XDMf, EXDMC6, EXDMC8, EXDMC10, EXDMBJC6, EXDMBJC8, EXDMBJC10, EXDM, EXDMBJ}
Oscillator 1 XDM Results: {4.022155227, 3.18284615, 20.4286216, 16.88418269, 197.8581671, 125.3927637, 10.506827, {{10.506827, 12.01000344, 12.01000344, 10.506827}, {12.01000344, 13.77494517, 13.77494517, 12.01000344}, {12.01000344, 13.77494517, 13.77494517, 12.01000344}, {10.506827, 12.01000344, 12.01000344, 10.506827}}, 7.161403837, 160.093269, {{160.093269, 186.3252411, 186.3252411, 160.093269}, {186.3252411, 217.5238781, 217.5238781, 186.3252411}, {186.3252411, 217.5238781, 217.5238781, 186.3252411}, {160.093269, 186.3252411, 186.3252411, 160.093269}}, 113.9682331, 3205.775048, {{3205.775048, 3832.354228, 3832.354228, 3205.775048}, {3832.354228, 4590.135391, 4590.135391, 3832.354228}, {3832.354228, 4590.135391, 4590.135391, 3832.354228}, {3205.775048, 3832.354228, 3832.354228, 3205.775048}}, 1974.936028, -12.78790723, -137.5989927, -1980.426843, -0.00165241397, -0.0007343622362, -0.0004311000797, -2130.813743, -0.002817876286}
Oscillator 2 XDM Results: {4.3445956, 3.18284615, 22.86889403, 16.88418269, 235.5352261, 125.3927637, 13.77494517, {{10.506827, 12.01000344, 12.01000344, 10.506827}, {12.01000344, 13.77494517, 13.77494517, 12.01000344}, {12.01000344, 13.77494517, 13.77494517, 12.01000344}, {10.506827, 12.01000344, 12.01000344, 10.506827}}, 7.161403837, 217.5238781, {{160.093269, 186.3252411, 186.3252411, 160.093269}, {186.3252411, 217.5238781, 217.5238781, 186.3252411}, {186.3252411, 217.5238781, 217.5238781, 186.3252411}, {160.093269, 186.3252411, 186.3252411, 160.093269}}, 113.9682331, 4590.135391, {{3205.775048, 3832.354228, 3832.354228, 3205.775048}, {3832.354228, 4590.135391, 4590.135391, 3832.354228}, {3832.354228, 4590.135391, 4590.135391, 3832.354228}, {3205.775048, 3832.354228, 3832.354228, 3205.775048}}, 1974.936028, -12.78790723, -137.5989927, -1980.426843, -0.00165241397, -0.0007343622362, -0.0004311000797, -2130.813743, -0.002817876286}
Oscillator 3 XDM Results: {4.3445956, 3.18284615, 22.86889403, 16.88418269, 235.5352261, 125.3927637, 13.77494517, {{10.506827, 12.01000344, 12.01000344, 10.506827}, {12.01000344, 13.77494517, 13.77494517, 12.01000344}, {12.01000344, 13.77494517, 13.77494517, 12.01000344}, {10.506827, 12.01000344, 12.01000344, 10.506827}}, 7.161403837, 217.5238781, {{160.093269, 186.3252411, 186.3252411, 160.093269}, {186.3252411, 217.5238781, 217.5238781, 186.3252411}, {186.3252411, 217.5238781, 217.5238781, 186.3252411}, {160.093269, 186.3252411, 186.3252411, 160.093269}}, 113.9682331, 4590.135391, {{3205.775048, 3832.354228, 3832.354228, 3205.775048}, {3832.354228, 4590.135391, 4590.135391, 3832.354228}, {3832.354228, 4590.135391, 4590.135391, 3832.354228}, {3205.775048, 3832.354228, 3832.354228, 3205.775048}}, 1974.936028, -12.78790723, -137.5989927, -1980.426843, -0.00165241397, -0.0007343622362, -0.0004311000797, -2130.813743, -0.002817876286}
Oscillator 4 XDM Results: {4.022155227, 3.18284615, 20.4286216, 16.88418269, 197.8581671, 125.3927637, 10.506827, {{10.506827, 12.01000344, 12.01000344, 10.506827}, {12.01000344, 13.77494517, 13.77494517, 12.01000344}, {12.01000344, 13.77494517, 13.77494517, 12.01000344}, {10.506827, 12.01000344, 12.01000344, 10.506827}}, 7.161403837, 160.093269, {{160.093269, 186.3252411, 186.3252411, 160.093269}, {186.3252411, 217.5238781, 217.5238781, 186.3252411}, {186.3252411, 217.5238781, 217.5238781, 186.3252411}, {160.093269, 186.3252411, 186.3252411, 160.093269}}, 113.9682331, 3205.775048, {{3205.775048, 3832.354228, 3832.354228, 3205.775048}, {3832.354228, 4590.135391, 4590.135391, 3832.354228}, {3832.354228, 4590.135391, 4590.135391, 3832.354228}, {3205.775048, 3832.354228, 3832.354228, 3205.775048}}, 1974.936028, -12.78790723, -137.5989927, -1980.426843, -0.00165241397, -0.0007343622362, -0.0004311000797, -2130.813743, -0.002817876286}


    TS RESULTS: {C6TSii, C6TSij, C6TSf, ETS, ETSWY}
Oscillator 1 TS Results: {9.652918432, {{9.652918432, 11.71618992, 11.71618992, 9.652918432}, {11.71618992, 14.22047718, 14.22047718, 11.71618992}, {11.71618992, 14.22047718, 14.22047718, 11.71618992}, {9.652918432, 11.71618992, 11.71618992, 9.652918432}}, 7.161403837, -12.73685295, -0.000483423285}
Oscillator 2 TS Results: {14.22047718, {{9.652918432, 11.71618992, 11.71618992, 9.652918432}, {11.71618992, 14.22047718, 14.22047718, 11.71618992}, {11.71618992, 14.22047718, 14.22047718, 11.71618992}, {9.652918432, 11.71618992, 11.71618992, 9.652918432}}, 7.161403837, -12.73685295, -0.000483423285}
Oscillator 3 TS Results: {14.22047718, {{9.652918432, 11.71618992, 11.71618992, 9.652918432}, {11.71618992, 14.22047718, 14.22047718, 11.71618992}, {11.71618992, 14.22047718, 14.22047718, 11.71618992}, {9.652918432, 11.71618992, 11.71618992, 9.652918432}}, 7.161403837, -12.73685295, -0.000483423285}
Oscillator 4 TS Results: {9.652918432, {{9.652918432, 11.71618992, 11.71618992, 9.652918432}, {11.71618992, 14.22047718, 14.22047718, 11.71618992}, {11.71618992, 14.22047718, 14.22047718, 11.71618992}, {9.652918432, 11.71618992, 11.71618992, 9.652918432}}, 7.161403837, -12.73685295, -0.000483423285}


    MBD RESULTS: {MBD_alpha, MBD_C6, MBD_omega, MBD_Energy, MBDF1_alpha, MBDF1_C6, MBDF1_omega, MBDF1_Energy, MBDF2_alpha, MBDF2_C6, MBDF2_omega, MBDF2_Energy, MBDX1_alpha, MBDX1_C6, MBDX1_omega, MBDX1_Energy, MBDX2_alpha, MBDX2_C6, MBDX2_omega, MBDX2_Energy}
Oscillator 1 MBD Results: {4.665356875, 8.478955403, 0.5194112435, -0.2710588684, 4.387471767, 7.36149483, 0.5098895113, -0.2323889617, 4.387471767, 9.113656654, 0.6312519461, -0.4010985626, 5.005990227, 9.59713818, 0.5106231373, -0.2681656148, 4.665356875, 9.59627455, 0.5878569541, -0.2720881256}
Oscillator 2 MBD Results: {2.429372023, 4.249759831, 0.9600969107, -0.2710588684, 1.862905036, 2.664076027, 1.023537874, -0.2323889617, 1.862905036, 5.998362332, 2.304570504, -0.4010985626, 2.249541026, 3.931180153, 1.035795088, -0.2681656148, 2.429372023, 3.908674561, 0.8830396353, -0.2720881256}
Oscillator 3 MBD Results: {2.429372023, 4.249759831, 0.9600969107, -0.2710588684, 1.862905036, 2.664076027, 1.023537874, -0.2323889617, 1.862905036, 5.998362332, 2.304570504, -0.4010985626, 2.249541026, 3.931180153, 1.035795088, -0.2681656148, 2.429372023, 3.908674561, 0.8830396353, -0.2720881256}
Oscillator 4 MBD Results: {4.665356875, 8.478955403, 0.5194112435, -0.2710588684, 4.387471767, 7.36149483, 0.5098895113, -0.2323889617, 4.387471767, 9.113656654, 0.6312519461, -0.4010985626, 5.005990227, 9.59713818, 0.5106231373, -0.2681656148, 4.665356875, 9.59627455, 0.5878569541, -0.2720881256}


    MBDRSSCS RESULTS: {MBDrsSCS_alpha, MBDrsSCS_C6, MBDrsSCS_omega, MBDrsSCS_Energy, MBDF1rsSCS_alpha, MBDF1rsSCS_C6, MBDF1rsSCS_omega, MBDF1rsSCS_Energy, MBDF2rsSCS_alpha, MBDF2rsSCS_C6, MBDF2rsSCS_omega, MBDF2rsSCS_Energy, MBDX1rsSCS_alpha, MBDX1rsSCS_C6, MBDX1rsSCS_omega, MBDX1rsSCS_Energy, MBDX2rsSCS_alpha, MBDX2rsSCS_C6, MBDX2rsSCS_omega, MBDX2rsSCS_Energy}
Oscillator 1 MBDrsSCS Results: {4.592324053, 8.153070893, 0.5154599214, -0.001701336995, 4.298505324, 7.036021846, 0.5077278404, -0.001264267256, 4.298505324, 8.729906905, 0.6299606336, -0.001880077956, 4.928215646, 9.227105646, 0.5065529202, -0.001747832472, 4.592324053, 9.217288286, 0.5827427184, -0.001786566083}
Oscillator 2 MBDrsSCS Results: {2.370899763, 4.066213963, 0.9645007669, -0.001701336995, 1.81199135, 2.528928431, 1.026982482, -0.001264267256, 1.81199135, 5.769106809, 2.342799248, -0.001880077956, 2.189412829, 3.750358463, 1.043172668, -0.001747832472, 2.370899763, 3.725192965, 0.8836110211, -0.001786566083}
Oscillator 3 MBDrsSCS Results: {2.370899763, 4.066213963, 0.9645007669, -0.001701336995, 1.81199135, 2.528928431, 1.026982482, -0.001264267256, 1.81199135, 5.769106809, 2.342799248, -0.001880077956, 2.189412829, 3.750358463, 1.043172668, -0.001747832472, 2.370899763, 3.725192965, 0.8836110211, -0.001786566083}
Oscillator 4 MBDrsSCS Results: {4.592324053, 8.153070893, 0.5154599214, -0.001701336995, 4.298505324, 7.036021846, 0.5077278404, -0.001264267256, 4.298505324, 8.729906905, 0.6299606336, -0.001880077956, 4.928215646, 9.227105646, 0.5065529202, -0.001747832472, 4.592324053, 9.217288286, 0.5827427184, -0.001786566083}


         {R, Energy}
SUMMARY: {1.200001, 2.399691206}