Oscillators N=4 2022-12-24 w=0.471533 a=4.50000.nb ( N = 4, M = 4 )
~~~~~~~~~~~~~~~~~~~~~~~~~~~~~~~~~~~~~~
Run Commenced: Thu 29 Dec 2022 18:58:18
Run Completed: Thu 29 Dec 2022 20:52:52
Time Elapsed: 01:54:33

Oscillators Used: 4
Wavefunctions Used: 4
Internuclear Separation: 2.8
omega: 0.472
nu : 0.235638

For display purposes, the threshold of Hamiltonian matrix elements has been set to: 10^-6.


    Hamiltonian Matrix A:    < psi_{i,A} | H_k | psi_{j,A} >
    H_1 = T_kin,    H_2 = V_pot,    H_3 = V_1-B,    H_4 = V_1-C,    H_5 = V_A-B,    H_6 = V_A-C 

HijkA: {{{0.35364975, 0.35364975, -0.3547999355, -0.1785713542, -0.1190475767, 0.3571427296, 0.1785713648, 0.1190475765}, {0., 0., -0.1234367027, -0.03284506269, -0.01459783005, 0., 0., 0.}, {0.2887538117, -0.2887538117, -0.007859268292, -0.0000001206359388, 0., 0., 0., 0.}, {0., 0., -0.06753447973, -0.01046363663, -0.003100392632, 0., 0., 0.}}, {{0., 0., -0.1234367027, -0.03284506269, -0.01459783005, 0., 0., 0.}, {0.58941625, 0.58941625, -0.4263647332, -0.1906536231, -0.1226276128, 0.3571427296, 0.1785713648, 0.1190475765}, {0., 0., 0.07942116399, 0.02681722493, 0.01191907845, 0., 0., 0.}, {0., 0., -0.1868492691, -0.04369909786, -0.01799664974, 0., 0., 0.}}, {{0.2887538117, -0.2887538117, -0.007859268292, -0.0000001206359388, 0., 0., 0., 0.}, {0., 0., 0.07942116399, 0.02681722493, 0.01191907845, 0., 0., 0.}, {0.82518275, 0.82518275, -0.3278813911, -0.1785698527, -0.1190475773, 0.3571427296, 0.1785713648, 0.1190475765}, {0., 0., 0.0767525602, 0.01708498823, 0.005062919959, 0., 0., 0.}}, {{0., 0., -0.06753447973, -0.01046363663, -0.003100392632, 0., 0., 0.}, {0., 0., -0.1868492691, -0.04369909786, -0.01799664974, 0., 0., 0.}, {0., 0., 0.0767525602, 0.01708498823, 0.005062919959, 0., 0., 0.}, {0.82518275, 0.82518275, -0.4482532406, -0.194329161, -0.1231120698, 0.3571427296, 0.1785713648, 0.1190475765}}}
0.35365       0.            0.288754      0.
0.35365       0.            -0.288754     0.
-0.3548       -0.123437     -0.00785927   -0.0675345
-0.178571     -0.0328451    0.            -0.0104636
-0.119048     -0.0145978    0.            -0.00310039
0.357143      0.            0.            0.
0.178571      0.            0.            0.
0.119048      0.            0.            0.

0.            0.589416      0.            0.
0.            0.589416      0.            0.
-0.123437     -0.426365     0.0794212     -0.186849
-0.0328451    -0.190654     0.0268172     -0.0436991
-0.0145978    -0.122628     0.0119191     -0.0179966
0.            0.357143      0.            0.
0.            0.178571      0.            0.
0.            0.119048      0.            0.

0.288754      0.            0.825183      0.
-0.288754     0.            0.825183      0.
-0.00785927   0.0794212     -0.327881     0.0767526
0.            0.0268172     -0.17857      0.017085
0.            0.0119191     -0.119048     0.00506292
0.            0.            0.357143      0.
0.            0.            0.178571      0.
0.            0.            0.119048      0.

0.            0.            0.            0.825183
0.            0.            0.            0.825183
-0.0675345    -0.186849     0.0767526     -0.448253
-0.0104636    -0.0436991    0.017085      -0.194329
-0.00310039   -0.0179966    0.00506292    -0.123112
0.            0.            0.            0.357143
0.            0.            0.            0.178571
0.            0.            0.            0.119048


    Hamiltonian Matrix B:    < psi_{i,B} | H_k | psi_{j,B} >
    H_1 = T_kin,    H_2 = V_pot,    H_3 = V_2-A,    H_4 = V_2-C,    H_5 = V_B-A,    H_6 = V_B-C 

HijkB: {{{0.35364975, 0.35364975, -0.3547999355, -0.3547999355, -0.1785713542, 0.3571427296, 0.3571427296, 0.1785713648}, {0., 0., -0.1234367027, 0.1234367027, 0.03284506269, 0., 0., 0.}, {0.2887538117, -0.2887538117, -0.007859268292, -0.007859268292, -0.0000001206359388, 0., 0., 0.}, {0., 0., -0.06753447973, -0.06753447973, -0.01046363663, 0., 0., 0.}}, {{0., 0., -0.1234367027, 0.1234367027, 0.03284506269, 0., 0., 0.}, {0.58941625, 0.58941625, -0.4263647332, -0.4263647332, -0.1906536231, 0.3571427296, 0.3571427296, 0.1785713648}, {0., 0., 0.07942116399, -0.07942116399, -0.02681722493, 0., 0., 0.}, {0., 0., -0.1868492691, 0.1868492691, 0.04369909786, 0., 0., 0.}}, {{0.2887538117, -0.2887538117, -0.007859268292, -0.007859268292, -0.0000001206359388, 0., 0., 0.}, {0., 0., 0.07942116399, -0.07942116399, -0.02681722493, 0., 0., 0.}, {0.82518275, 0.82518275, -0.3278813911, -0.3278813911, -0.1785698527, 0.3571427296, 0.3571427296, 0.1785713648}, {0., 0., 0.0767525602, 0.0767525602, 0.01708498823, 0., 0., 0.}}, {{0., 0., -0.06753447973, -0.06753447973, -0.01046363663, 0., 0., 0.}, {0., 0., -0.1868492691, 0.1868492691, 0.04369909786, 0., 0., 0.}, {0., 0., 0.0767525602, 0.0767525602, 0.01708498823, 0., 0., 0.}, {0.82518275, 0.82518275, -0.4482532406, -0.4482532406, -0.194329161, 0.3571427296, 0.3571427296, 0.1785713648}}}
0.35365       0.            0.288754      0.
0.35365       0.            -0.288754     0.
-0.3548       -0.123437     -0.00785927   -0.0675345
-0.3548       0.123437      -0.00785927   -0.0675345
-0.178571     0.0328451     0.            -0.0104636
0.357143      0.            0.            0.
0.357143      0.            0.            0.
0.178571      0.            0.            0.

0.            0.589416      0.            0.
0.            0.589416      0.            0.
-0.123437     -0.426365     0.0794212     -0.186849
0.123437      -0.426365     -0.0794212    0.186849
0.0328451     -0.190654     -0.0268172    0.0436991
0.            0.357143      0.            0.
0.            0.357143      0.            0.
0.            0.178571      0.            0.

0.288754      0.            0.825183      0.
-0.288754     0.            0.825183      0.
-0.00785927   0.0794212     -0.327881     0.0767526
-0.00785927   -0.0794212    -0.327881     0.0767526
0.            -0.0268172    -0.17857      0.017085
0.            0.            0.357143      0.
0.            0.            0.357143      0.
0.            0.            0.178571      0.

0.            0.            0.            0.825183
0.            0.            0.            0.825183
-0.0675345    -0.186849     0.0767526     -0.448253
-0.0675345    0.186849      0.0767526     -0.448253
-0.0104636    0.0436991     0.017085      -0.194329
0.            0.            0.            0.357143
0.            0.            0.            0.357143
0.            0.            0.            0.178571


    Hamiltonian Matrix C:    < psi_{i,C} | H_k | psi_{j,C} >
    H_1 = T_kin,    H_2 = V_pot,    H_3 = V_3-A,    H_4 = V_3-B,    H_5 = V_C-A,    H_6 = V_C-B 

HijkC: {{{0.35364975, 0.35364975, -0.1785713542, -0.3547999355, -0.3547999355, 0.1785713648, 0.3571427296, 0.3571427296}, {0., 0., 0.03284506269, 0.1234367027, -0.1234367027, 0., 0., 0.}, {0.2887538117, -0.2887538117, -0.0000001206359388, -0.007859268292, -0.007859268292, 0., 0., 0.}, {0., 0., -0.01046363663, -0.06753447973, -0.06753447973, 0., 0., 0.}}, {{0., 0., 0.03284506269, 0.1234367027, -0.1234367027, 0., 0., 0.}, {0.58941625, 0.58941625, -0.1906536231, -0.4263647332, -0.4263647332, 0.1785713648, 0.3571427296, 0.3571427296}, {0., 0., -0.02681722493, -0.07942116399, 0.07942116399, 0., 0., 0.}, {0., 0., 0.04369909786, 0.1868492691, -0.1868492691, 0., 0., 0.}}, {{0.2887538117, -0.2887538117, -0.0000001206359388, -0.007859268292, -0.007859268292, 0., 0., 0.}, {0., 0., -0.02681722493, -0.07942116399, 0.07942116399, 0., 0., 0.}, {0.82518275, 0.82518275, -0.1785698527, -0.3278813911, -0.3278813911, 0.1785713648, 0.3571427296, 0.3571427296}, {0., 0., 0.01708498823, 0.0767525602, 0.0767525602, 0., 0., 0.}}, {{0., 0., -0.01046363663, -0.06753447973, -0.06753447973, 0., 0., 0.}, {0., 0., 0.04369909786, 0.1868492691, -0.1868492691, 0., 0., 0.}, {0., 0., 0.01708498823, 0.0767525602, 0.0767525602, 0., 0., 0.}, {0.82518275, 0.82518275, -0.194329161, -0.4482532406, -0.4482532406, 0.1785713648, 0.3571427296, 0.3571427296}}}
0.35365       0.            0.288754      0.
0.35365       0.            -0.288754     0.
-0.178571     0.0328451     0.            -0.0104636
-0.3548       0.123437      -0.00785927   -0.0675345
-0.3548       -0.123437     -0.00785927   -0.0675345
0.178571      0.            0.            0.
0.357143      0.            0.            0.
0.357143      0.            0.            0.

0.            0.589416      0.            0.
0.            0.589416      0.            0.
0.0328451     -0.190654     -0.0268172    0.0436991
0.123437      -0.426365     -0.0794212    0.186849
-0.123437     -0.426365     0.0794212     -0.186849
0.            0.178571      0.            0.
0.            0.357143      0.            0.
0.            0.357143      0.            0.

0.288754      0.            0.825183      0.
-0.288754     0.            0.825183      0.
0.            -0.0268172    -0.17857      0.017085
-0.00785927   -0.0794212    -0.327881     0.0767526
-0.00785927   0.0794212     -0.327881     0.0767526
0.            0.            0.178571      0.
0.            0.            0.357143      0.
0.            0.            0.357143      0.

0.            0.            0.            0.825183
0.            0.            0.            0.825183
-0.0104636    0.0436991     0.017085      -0.194329
-0.0675345    0.186849      0.0767526     -0.448253
-0.0675345    -0.186849     0.0767526     -0.448253
0.            0.            0.            0.178571
0.            0.            0.            0.357143
0.            0.            0.            0.357143


    Hamiltonian Matrix AB:    < psi_{i1,A} <psi_{i2,B} | V_e-e | psi_{i3,A} <psi_{i4,B} >

HijkAB: {{{{0.338067645, 0.09276314827, 0.01755272722, 0.03417241739}, {0.09276314827, 0.02517413411, 0.02382372242, 0.003671170639}, {0.01758288954, 0.02382372242, -0.002438319334, 0.01878216266}, {0.03417241739, 0.003671255143, 0.01878216266, -0.0003840473435}}, {{0.09276314827, 0.3629228374, -0.05172704557, 0.1107874287}, {0.02517413411, 0.07741106542, 0.003555016819, 0.01304826804}, {0.02382372242, 0.04136054133, -0.01317882312, 0.03962445563}, {0.003671255143, 0.01826634504, 0.008754944854, -0.001393257566}}, {{0.01755272722, -0.05172704557, 0.3065550666, -0.03700185699}, {0.02382372242, 0.003555016819, 0.05987292921, 0.005908168804}, {-0.002438319334, -0.01317882312, 0.01542451364, -0.01800320849}, {0.01878216266, 0.008754944854, 0.01608230287, 0.003456967225}}, {{0.03417241739, 0.1107874287, -0.03700185699, 0.3480636723}, {0.003671170639, 0.01304826804, 0.005908168804, 0.05208888646}, {0.01878216266, 0.03962445563, -0.01800320849, 0.0463991655}, {-0.0003840473435, -0.001393257566, 0.003456967225, 0.009252265456}}}, {{{0.09276314827, 0.02517413411, 0.02382372242, 0.003671170639}, {0.3629228374, 0.07741106542, 0.04136054133, 0.018254679}, {-0.05172704557, 0.003635692719, -0.01317882312, 0.008754944854}, {0.1107865394, 0.01304826804, 0.03962445563, -0.001393257566}}, {{0.02517413411, 0.07741106542, 0.003554950932, 0.01304826804}, {0.07741106542, 0.3502419922, -0.03062020119, 0.07672648832}, {0.003635758606, -0.03062020119, -0.002501214374, 0.009883577045}, {0.01304826804, 0.07672648832, 0.009883577045, 0.001764564066}}, {{0.02382372242, 0.003555016819, 0.05987292921, 0.005908168804}, {0.04136054133, -0.03062020119, 0.3126961776, -0.0180124431}, {-0.01317882312, -0.002501214374, -0.03848044176, -0.005540425743}, {0.03962445563, 0.009883577045, 0.07193200108, 0.006233611229}}, {{0.003671170639, 0.01304826804, 0.005908168804, 0.05208888646}, {0.0182631273, 0.07672648832, -0.0180124431, 0.3211628298}, {0.008754944854, 0.009883577045, -0.005540425743, -0.02508956578}, {-0.001393257566, 0.001764564066, 0.006233611229, 0.05235441616}}}, {{{0.01758288954, 0.02382372242, -0.002438319334, 0.01878216266}, {-0.05172704557, 0.003635692719, -0.01317882312, 0.008754944854}, {0.3065518824, 0.05987292921, 0.01543760929, 0.01608230287}, {-0.03700185699, 0.005908168804, -0.01800313773, 0.003467448999}}, {{0.02382372242, 0.04136054133, -0.01317882312, 0.03962445563}, {0.003635692719, -0.03062020119, -0.002501214374, 0.009883577045}, {0.05987292921, 0.3126961776, -0.03848044176, 0.07193200108}, {0.005908168804, -0.0180124431, -0.005538733217, 0.006233611229}}, {{-0.002438319334, -0.01317882312, 0.01542451364, -0.01800320849}, {-0.01317882312, -0.002501214374, -0.03848044176, -0.005540425743}, {0.01543760929, -0.03848044176, 0.28220038, -0.02016213062}, {-0.01800313773, -0.005538733217, -0.02016213062, -0.0005847071222}}, {{0.01878216266, 0.03962445563, -0.01800320849, 0.0463991655}, {0.008754944854, 0.009883577045, -0.005540425743, -0.02508956578}, {0.01608230287, 0.07193200108, -0.02016213062, 0.3041384033}, {0.003467448999, 0.006233611229, -0.0005847071222, -0.01266990257}}}, {{{0.03417241739, 0.003671255143, 0.01878216266, -0.0003840473435}, {0.1107865394, 0.01304826804, 0.03962445563, -0.001393257566}, {-0.03700185699, 0.005908168804, -0.01800313773, 0.003467448999}, {0.3480636723, 0.05208888646, 0.0463991655, 0.009252265456}}, {{0.003671255143, 0.01826634504, 0.008754944854, -0.001393257566}, {0.01304826804, 0.07672648832, 0.009883577045, 0.001764564066}, {0.005908168804, -0.0180124431, -0.005538733217, 0.006233611229}, {0.05208888646, 0.3211628298, -0.02508956578, 0.05235441616}}, {{0.01878216266, 0.008754944854, 0.01608230287, 0.003456967225}, {0.03962445563, 0.009883577045, 0.07193200108, 0.006233611229}, {-0.01800313773, -0.005538733217, -0.02016213062, -0.0005847071222}, {0.0463991655, -0.02508956578, 0.3041384033, -0.01266990257}}, {{-0.0003840473435, -0.001393257566, 0.003456967225, 0.009252265456}, {-0.001393257566, 0.001764564066, 0.006233611229, 0.05235441616}, {0.003467448999, 0.006233611229, -0.0005847071222, -0.01266990257}, {0.009252265456, 0.05235441616, -0.01266990257, 0.2944068434}}}}
0.338068     0.0927631    0.0175527    0.0341724      0.0927631    0.362923     -0.051727    0.110787       0.0175527    -0.051727    0.306555     -0.0370019     0.0341724    0.110787     -0.0370019   0.348064
0.0927631    0.0251741    0.0238237    0.00367117     0.0251741    0.0774111    0.00355502   0.0130483      0.0238237    0.00355502   0.0598729    0.00590817     0.00367117   0.0130483    0.00590817   0.0520889
0.0175829    0.0238237    -0.00243832  0.0187822      0.0238237    0.0413605    -0.0131788   0.0396245      -0.00243832  -0.0131788   0.0154245    -0.0180032     0.0187822    0.0396245    -0.0180032   0.0463992
0.0341724    0.00367126   0.0187822    -0.000384047   0.00367126   0.0182663    0.00875494   -0.00139326    0.0187822    0.00875494   0.0160823    0.00345697     -0.000384047 -0.00139326  0.00345697   0.00925227

0.0927631    0.0251741    0.0238237    0.00367117     0.0251741    0.0774111    0.00355495   0.0130483      0.0238237    0.00355502   0.0598729    0.00590817     0.00367117   0.0130483    0.00590817   0.0520889
0.362923     0.0774111    0.0413605    0.0182547      0.0774111    0.350242     -0.0306202   0.0767265      0.0413605    -0.0306202   0.312696     -0.0180124     0.0182631    0.0767265    -0.0180124   0.321163
-0.051727    0.00363569   -0.0131788   0.00875494     0.00363576   -0.0306202   -0.00250121  0.00988358     -0.0131788   -0.00250121  -0.0384804   -0.00554043    0.00875494   0.00988358   -0.00554043  -0.0250896
0.110787     0.0130483    0.0396245    -0.00139326    0.0130483    0.0767265    0.00988358   0.00176456     0.0396245    0.00988358   0.071932     0.00623361     -0.00139326  0.00176456   0.00623361   0.0523544

0.0175829    0.0238237    -0.00243832  0.0187822      0.0238237    0.0413605    -0.0131788   0.0396245      -0.00243832  -0.0131788   0.0154245    -0.0180032     0.0187822    0.0396245    -0.0180032   0.0463992
-0.051727    0.00363569   -0.0131788   0.00875494     0.00363569   -0.0306202   -0.00250121  0.00988358     -0.0131788   -0.00250121  -0.0384804   -0.00554043    0.00875494   0.00988358   -0.00554043  -0.0250896
0.306552     0.0598729    0.0154376    0.0160823      0.0598729    0.312696     -0.0384804   0.071932       0.0154376    -0.0384804   0.2822       -0.0201621     0.0160823    0.071932     -0.0201621   0.304138
-0.0370019   0.00590817   -0.0180031   0.00346745     0.00590817   -0.0180124   -0.00553873  0.00623361     -0.0180031   -0.00553873  -0.0201621   -0.000584707   0.00346745   0.00623361   -0.000584707 -0.0126699

0.0341724    0.00367126   0.0187822    -0.000384047   0.00367126   0.0182663    0.00875494   -0.00139326    0.0187822    0.00875494   0.0160823    0.00345697     -0.000384047 -0.00139326  0.00345697   0.00925227
0.110787     0.0130483    0.0396245    -0.00139326    0.0130483    0.0767265    0.00988358   0.00176456     0.0396245    0.00988358   0.071932     0.00623361     -0.00139326  0.00176456   0.00623361   0.0523544
-0.0370019   0.00590817   -0.0180031   0.00346745     0.00590817   -0.0180124   -0.00553873  0.00623361     -0.0180031   -0.00553873  -0.0201621   -0.000584707   0.00346745   0.00623361   -0.000584707 -0.0126699
0.348064     0.0520889    0.0463992    0.00925227     0.0520889    0.321163     -0.0250896   0.0523544      0.0463992    -0.0250896   0.304138     -0.0126699     0.00925227   0.0523544    -0.0126699   0.294407


    Hamiltonian Matrix AC:    < psi_{i1,A} <psi_{i2,C} | V_e-e | psi_{i3,A} <psi_{i4,C} >

HijkAC: {{{{0.1785523253, -0.03278638734, 0.00006388260048, 0.01034755244}, {0.03278638734, -0.01189770052, 0.0001819258362, 0.005448278185}, {0.00006425361896, -0.0001819258362, -0.0001629141653, 0.0002872705954}, {0.01034755244, -0.005448272779, 0.0002872705954, 0.003149935579}}, {{-0.03278638734, 0.1904366665, 0.02659454731, -0.04330158827}, {-0.01189770052, 0.03892679064, 0.009250561834, -0.01713057536}, {-0.0001819258362, 0.0005387755689, 0.0005111261725, -0.0008899889661}, {-0.005448272779, 0.01374983636, 0.003782718486, -0.008349418124}}, {{0.00006388260048, 0.02659454731, 0.1782908405, -0.01660895519}, {0.0001819258362, 0.009250561834, 0.03211426323, -0.008222696247}, {-0.0001629141653, 0.0005111261725, 0.0005695272596, -0.0009310425466}, {0.0002872705954, 0.003782718486, 0.00940470354, -0.004214084221}}, {{0.01034755244, -0.04330158827, -0.01660895519, 0.1935334314}, {0.005448278185, -0.01713057536, -0.008222696247, 0.04081006849}, {0.0002872705954, -0.0008899889661, -0.0009310425466, 0.001590655491}, {0.003149935579, -0.008349418124, -0.004214084221, 0.01476655628}}}, {{{0.03278638734, -0.01189770052, 0.0001819258362, 0.005448278185}, {0.1904366665, -0.03892679064, 0.0005387755689, 0.01375403104}, {-0.02659454731, 0.009250531965, -0.0005111261725, -0.003782718486}, {0.04330158827, -0.01713057536, 0.0008899889661, 0.008349418124}}, {{-0.01189770052, 0.03892679064, 0.009250430268, -0.01713057536}, {-0.03892679064, 0.2058782262, 0.03050394723, -0.05223527192}, {0.009250663532, -0.03050394723, -0.006460564791, 0.01200939763}, {-0.01713057536, 0.05223527192, 0.01200939763, -0.02442977186}}, {{0.0001819258362, 0.009250561834, 0.03211426323, -0.008222696247}, {0.0005387755689, 0.03050394723, 0.1887044091, -0.02070662066}, {-0.0005111261725, -0.006460564791, -0.02512014494, 0.004807896133}, {0.0008899889661, 0.01200939763, 0.04062970996, -0.01112836749}}, {{0.005448278185, -0.01713057536, -0.008222696247, 0.04081006849}, {0.01375384975, -0.05223527192, -0.02070662066, 0.209283647}, {-0.003782718486, 0.01200939763, 0.004807896133, -0.03004185434}, {0.008349418124, -0.02442977186, -0.01112836749, 0.05384281341}}}, {{{0.00006425361896, -0.0001819258362, -0.0001629141653, 0.0002872705954}, {-0.02659454731, 0.009250531965, -0.0005111261725, -0.003782718486}, {0.178291849, -0.03211426323, 0.0005665697955, 0.00940470354}, {-0.01660895519, 0.008222696247, -0.0009310425466, -0.004214001537}}, {{-0.0001819258362, 0.0005387755689, 0.0005111261725, -0.0008899889661}, {0.009250531965, -0.03050394723, -0.006460564791, 0.01200939763}, {-0.03211426323, 0.1887044091, 0.02512014494, -0.04062970996}, {0.008222696247, -0.02070662066, -0.004807896133, 0.01112836749}}, {{-0.0001629141653, 0.0005111261725, 0.0005695272596, -0.0009310425466}, {-0.0005111261725, -0.006460564791, -0.02512014494, 0.004807896133}, {0.0005665697955, 0.02512014494, 0.176672932, -0.01414241213}, {-0.0009310425466, -0.004807896133, -0.01414241213, 0.004728801983}}, {{0.0002872705954, -0.0008899889661, -0.0009310425466, 0.001590655491}, {-0.003782718486, 0.01200939763, 0.004807896133, -0.03004185434}, {0.00940470354, -0.04062970996, -0.01414241213, 0.1892394177}, {-0.004214080646, 0.01112836749, 0.004728801983, -0.02022252235}}}, {{{0.01034755244, -0.005448272779, 0.0002872705954, 0.003149935579}, {0.04330158827, -0.01713057536, 0.0008899889661, 0.008349418124}, {-0.01660895519, 0.008222696247, -0.0009310425466, -0.004214001537}, {0.1935334314, -0.04081006849, 0.001590655491, 0.01476655628}}, {{-0.005448272779, 0.01374983636, 0.003782718486, -0.008349418124}, {-0.01713057536, 0.05223527192, 0.01200939763, -0.02442977186}, {0.008222696247, -0.02070662066, -0.004807896133, 0.01112836749}, {-0.04081006849, 0.209283647, 0.03004185434, -0.05384281341}}, {{0.0002872705954, 0.003782718486, 0.00940470354, -0.004214078455}, {0.0008899889661, 0.01200939763, 0.04062970996, -0.01112836749}, {-0.0009310425466, -0.004807896133, -0.01414241213, 0.004728801983}, {0.001590655491, 0.03004185434, 0.1892394177, -0.02022252235}}, {{0.003149935579, -0.008349418124, -0.004214078455, 0.0147665423}, {0.008349418124, -0.02442977186, -0.01112836749, 0.05384281341}, {-0.004214080646, 0.01112836749, 0.004728801983, -0.02022252235}, {0.01476655628, -0.05384281341, -0.02022252235, 0.2109353272}}}}
0.178552     -0.0327864   0.0000638826 0.0103476      -0.0327864   0.190437     0.0265945    -0.0433016     0.0000638826 0.0265945    0.178291     -0.016609      0.0103476    -0.0433016   -0.016609    0.193533
0.0327864    -0.0118977   0.000181926  0.00544828     -0.0118977   0.0389268    0.00925056   -0.0171306     0.000181926  0.00925056   0.0321143    -0.0082227     0.00544828   -0.0171306   -0.0082227   0.0408101
0.0000642536 -0.000181926 -0.000162914 0.000287271    -0.000181926 0.000538776  0.000511126  -0.000889989   -0.000162914 0.000511126  0.000569527  -0.000931043   0.000287271  -0.000889989 -0.000931043 0.00159066
0.0103476    -0.00544827  0.000287271  0.00314994     -0.00544827  0.0137498    0.00378272   -0.00834942    0.000287271  0.00378272   0.0094047    -0.00421408    0.00314994   -0.00834942  -0.00421408  0.0147666

0.0327864    -0.0118977   0.000181926  0.00544828     -0.0118977   0.0389268    0.00925043   -0.0171306     0.000181926  0.00925056   0.0321143    -0.0082227     0.00544828   -0.0171306   -0.0082227   0.0408101
0.190437     -0.0389268   0.000538776  0.013754       -0.0389268   0.205878     0.0305039    -0.0522353     0.000538776  0.0305039    0.188704     -0.0207066     0.0137538    -0.0522353   -0.0207066   0.209284
-0.0265945   0.00925053   -0.000511126 -0.00378272    0.00925066   -0.0305039   -0.00646056  0.0120094      -0.000511126 -0.00646056  -0.0251201   0.0048079      -0.00378272  0.0120094    0.0048079    -0.0300419
0.0433016    -0.0171306   0.000889989  0.00834942     -0.0171306   0.0522353    0.0120094    -0.0244298     0.000889989  0.0120094    0.0406297    -0.0111284     0.00834942   -0.0244298   -0.0111284   0.0538428

0.0000642536 -0.000181926 -0.000162914 0.000287271    -0.000181926 0.000538776  0.000511126  -0.000889989   -0.000162914 0.000511126  0.000569527  -0.000931043   0.000287271  -0.000889989 -0.000931043 0.00159066
-0.0265945   0.00925053   -0.000511126 -0.00378272    0.00925053   -0.0305039   -0.00646056  0.0120094      -0.000511126 -0.00646056  -0.0251201   0.0048079      -0.00378272  0.0120094    0.0048079    -0.0300419
0.178292     -0.0321143   0.00056657   0.0094047      -0.0321143   0.188704     0.0251201    -0.0406297     0.00056657   0.0251201    0.176673     -0.0141424     0.0094047    -0.0406297   -0.0141424   0.189239
-0.016609    0.0082227    -0.000931043 -0.004214      0.0082227    -0.0207066   -0.0048079   0.0111284      -0.000931043 -0.0048079   -0.0141424   0.0047288      -0.00421408  0.0111284    0.0047288    -0.0202225

0.0103476    -0.00544827  0.000287271  0.00314994     -0.00544827  0.0137498    0.00378272   -0.00834942    0.000287271  0.00378272   0.0094047    -0.00421408    0.00314994   -0.00834942  -0.00421408  0.0147665
0.0433016    -0.0171306   0.000889989  0.00834942     -0.0171306   0.0522353    0.0120094    -0.0244298     0.000889989  0.0120094    0.0406297    -0.0111284     0.00834942   -0.0244298   -0.0111284   0.0538428
-0.016609    0.0082227    -0.000931043 -0.004214      0.0082227    -0.0207066   -0.0048079   0.0111284      -0.000931043 -0.0048079   -0.0141424   0.0047288      -0.00421408  0.0111284    0.0047288    -0.0202225
0.193533     -0.0408101   0.00159066   0.0147666      -0.0408101   0.209284     0.0300419    -0.0538428     0.00159066   0.0300419    0.189239     -0.0202225     0.0147666    -0.0538428   -0.0202225   0.210935


    Hamiltonian Matrix BA:    < psi_{i1,B} <psi_{i2,A} | V_e-e | psi_{i3,B} <psi_{i4,A} >

HijkBA: {{{{0.338067645, 0.09276314827, 0.01755272722, 0.03417241739}, {0.09276314827, 0.02517413411, 0.02382372242, 0.003671170639}, {0.01758288954, 0.02382372242, -0.002438319334, 0.01878216266}, {0.03417241739, 0.003671255143, 0.01878216266, -0.0003840473435}}, {{0.09276314827, 0.3629228374, -0.05172704557, 0.1107874287}, {0.02517413411, 0.07741106542, 0.003555016819, 0.01304826804}, {0.02382372242, 0.04136054133, -0.01317882312, 0.03962445563}, {0.003671255143, 0.01826634504, 0.008754944854, -0.001393257566}}, {{0.01755272722, -0.05172704557, 0.3065550666, -0.03700185699}, {0.02382372242, 0.003555016819, 0.05987292921, 0.005908168804}, {-0.002438319334, -0.01317882312, 0.01542451364, -0.01800320849}, {0.01878216266, 0.008754944854, 0.01608230287, 0.003456967225}}, {{0.03417241739, 0.1107874287, -0.03700185699, 0.3480636723}, {0.003671170639, 0.01304826804, 0.005908168804, 0.05208888646}, {0.01878216266, 0.03962445563, -0.01800320849, 0.0463991655}, {-0.0003840473435, -0.001393257566, 0.003456967225, 0.009252265456}}}, {{{0.09276314827, 0.02517413411, 0.02382372242, 0.003671170639}, {0.3629228374, 0.07741106542, 0.04136054133, 0.018254679}, {-0.05172704557, 0.003635692719, -0.01317882312, 0.008754944854}, {0.1107865394, 0.01304826804, 0.03962445563, -0.001393257566}}, {{0.02517413411, 0.07741106542, 0.003554950932, 0.01304826804}, {0.07741106542, 0.3502419922, -0.03062020119, 0.07672648832}, {0.003635758606, -0.03062020119, -0.002501214374, 0.009883577045}, {0.01304826804, 0.07672648832, 0.009883577045, 0.001764564066}}, {{0.02382372242, 0.003555016819, 0.05987292921, 0.005908168804}, {0.04136054133, -0.03062020119, 0.3126961776, -0.0180124431}, {-0.01317882312, -0.002501214374, -0.03848044176, -0.005540425743}, {0.03962445563, 0.009883577045, 0.07193200108, 0.006233611229}}, {{0.003671170639, 0.01304826804, 0.005908168804, 0.05208888646}, {0.0182631273, 0.07672648832, -0.0180124431, 0.3211628298}, {0.008754944854, 0.009883577045, -0.005540425743, -0.02508956578}, {-0.001393257566, 0.001764564066, 0.006233611229, 0.05235441616}}}, {{{0.01758288954, 0.02382372242, -0.002438319334, 0.01878216266}, {-0.05172704557, 0.003635692719, -0.01317882312, 0.008754944854}, {0.3065518824, 0.05987292921, 0.01543760929, 0.01608230287}, {-0.03700185699, 0.005908168804, -0.01800313773, 0.003467448999}}, {{0.02382372242, 0.04136054133, -0.01317882312, 0.03962445563}, {0.003635692719, -0.03062020119, -0.002501214374, 0.009883577045}, {0.05987292921, 0.3126961776, -0.03848044176, 0.07193200108}, {0.005908168804, -0.0180124431, -0.005538733217, 0.006233611229}}, {{-0.002438319334, -0.01317882312, 0.01542451364, -0.01800320849}, {-0.01317882312, -0.002501214374, -0.03848044176, -0.005540425743}, {0.01543760929, -0.03848044176, 0.28220038, -0.02016213062}, {-0.01800313773, -0.005538733217, -0.02016213062, -0.0005847071222}}, {{0.01878216266, 0.03962445563, -0.01800320849, 0.0463991655}, {0.008754944854, 0.009883577045, -0.005540425743, -0.02508956578}, {0.01608230287, 0.07193200108, -0.02016213062, 0.3041384033}, {0.003467448999, 0.006233611229, -0.0005847071222, -0.01266990257}}}, {{{0.03417241739, 0.003671255143, 0.01878216266, -0.0003840473435}, {0.1107865394, 0.01304826804, 0.03962445563, -0.001393257566}, {-0.03700185699, 0.005908168804, -0.01800313773, 0.003467448999}, {0.3480636723, 0.05208888646, 0.0463991655, 0.009252265456}}, {{0.003671255143, 0.01826634504, 0.008754944854, -0.001393257566}, {0.01304826804, 0.07672648832, 0.009883577045, 0.001764564066}, {0.005908168804, -0.0180124431, -0.005538733217, 0.006233611229}, {0.05208888646, 0.3211628298, -0.02508956578, 0.05235441616}}, {{0.01878216266, 0.008754944854, 0.01608230287, 0.003456967225}, {0.03962445563, 0.009883577045, 0.07193200108, 0.006233611229}, {-0.01800313773, -0.005538733217, -0.02016213062, -0.0005847071222}, {0.0463991655, -0.02508956578, 0.3041384033, -0.01266990257}}, {{-0.0003840473435, -0.001393257566, 0.003456967225, 0.009252265456}, {-0.001393257566, 0.001764564066, 0.006233611229, 0.05235441616}, {0.003467448999, 0.006233611229, -0.0005847071222, -0.01266990257}, {0.009252265456, 0.05235441616, -0.01266990257, 0.2944068434}}}}
0.338068     0.0927631    0.0175527    0.0341724      0.0927631    0.362923     -0.051727    0.110787       0.0175527    -0.051727    0.306555     -0.0370019     0.0341724    0.110787     -0.0370019   0.348064
0.0927631    0.0251741    0.0238237    0.00367117     0.0251741    0.0774111    0.00355502   0.0130483      0.0238237    0.00355502   0.0598729    0.00590817     0.00367117   0.0130483    0.00590817   0.0520889
0.0175829    0.0238237    -0.00243832  0.0187822      0.0238237    0.0413605    -0.0131788   0.0396245      -0.00243832  -0.0131788   0.0154245    -0.0180032     0.0187822    0.0396245    -0.0180032   0.0463992
0.0341724    0.00367126   0.0187822    -0.000384047   0.00367126   0.0182663    0.00875494   -0.00139326    0.0187822    0.00875494   0.0160823    0.00345697     -0.000384047 -0.00139326  0.00345697   0.00925227

0.0927631    0.0251741    0.0238237    0.00367117     0.0251741    0.0774111    0.00355495   0.0130483      0.0238237    0.00355502   0.0598729    0.00590817     0.00367117   0.0130483    0.00590817   0.0520889
0.362923     0.0774111    0.0413605    0.0182547      0.0774111    0.350242     -0.0306202   0.0767265      0.0413605    -0.0306202   0.312696     -0.0180124     0.0182631    0.0767265    -0.0180124   0.321163
-0.051727    0.00363569   -0.0131788   0.00875494     0.00363576   -0.0306202   -0.00250121  0.00988358     -0.0131788   -0.00250121  -0.0384804   -0.00554043    0.00875494   0.00988358   -0.00554043  -0.0250896
0.110787     0.0130483    0.0396245    -0.00139326    0.0130483    0.0767265    0.00988358   0.00176456     0.0396245    0.00988358   0.071932     0.00623361     -0.00139326  0.00176456   0.00623361   0.0523544

0.0175829    0.0238237    -0.00243832  0.0187822      0.0238237    0.0413605    -0.0131788   0.0396245      -0.00243832  -0.0131788   0.0154245    -0.0180032     0.0187822    0.0396245    -0.0180032   0.0463992
-0.051727    0.00363569   -0.0131788   0.00875494     0.00363569   -0.0306202   -0.00250121  0.00988358     -0.0131788   -0.00250121  -0.0384804   -0.00554043    0.00875494   0.00988358   -0.00554043  -0.0250896
0.306552     0.0598729    0.0154376    0.0160823      0.0598729    0.312696     -0.0384804   0.071932       0.0154376    -0.0384804   0.2822       -0.0201621     0.0160823    0.071932     -0.0201621   0.304138
-0.0370019   0.00590817   -0.0180031   0.00346745     0.00590817   -0.0180124   -0.00553873  0.00623361     -0.0180031   -0.00553873  -0.0201621   -0.000584707   0.00346745   0.00623361   -0.000584707 -0.0126699

0.0341724    0.00367126   0.0187822    -0.000384047   0.00367126   0.0182663    0.00875494   -0.00139326    0.0187822    0.00875494   0.0160823    0.00345697     -0.000384047 -0.00139326  0.00345697   0.00925227
0.110787     0.0130483    0.0396245    -0.00139326    0.0130483    0.0767265    0.00988358   0.00176456     0.0396245    0.00988358   0.071932     0.00623361     -0.00139326  0.00176456   0.00623361   0.0523544
-0.0370019   0.00590817   -0.0180031   0.00346745     0.00590817   -0.0180124   -0.00553873  0.00623361     -0.0180031   -0.00553873  -0.0201621   -0.000584707   0.00346745   0.00623361   -0.000584707 -0.0126699
0.348064     0.0520889    0.0463992    0.00925227     0.0520889    0.321163     -0.0250896   0.0523544      0.0463992    -0.0250896   0.304138     -0.0126699     0.00925227   0.0523544    -0.0126699   0.294407


    Hamiltonian Matrix BC:    < psi_{i1,B} <psi_{i2,C} | V_e-e | psi_{i3,B} <psi_{i4,C} >

HijkBC: {{{{0.338067645, -0.09276314827, 0.01755272722, 0.03417241739}, {-0.09276314827, 0.02517413411, -0.02382372242, -0.003671170639}, {0.01758288954, -0.02382372242, -0.002438319334, 0.01878216266}, {0.03417241739, -0.003671255143, 0.01878216266, -0.0003840473435}}, {{-0.09276314827, 0.3629228374, 0.05172704557, -0.1107874287}, {0.02517413411, -0.07741106542, 0.003555016819, 0.01304826804}, {-0.02382372242, 0.04136054133, 0.01317882312, -0.03962445563}, {-0.003671255143, 0.01826627473, -0.008754944854, 0.001393257566}}, {{0.01755272722, 0.05172704557, 0.3065550666, -0.03700185699}, {-0.02382372242, 0.003555016819, -0.05987292921, -0.005908168804}, {-0.002438319334, 0.01317882312, 0.01542451364, -0.01800320849}, {0.01878216266, -0.008754944854, 0.01608230287, 0.003456927645}}, {{0.03417241739, -0.1107874287, -0.03700185699, 0.3480636723}, {-0.003671170639, 0.01304826804, -0.005908168804, -0.05208888646}, {0.01878216266, -0.03962445563, -0.01800320849, 0.0463991655}, {-0.0003840473435, 0.001393257566, 0.003456927645, 0.009252265456}}}, {{{-0.09276314827, 0.02517413411, -0.02382372242, -0.003671170639}, {0.3629228374, -0.07741106542, 0.04136054133, 0.01826313947}, {0.05172704557, 0.003635692719, 0.01317882312, -0.008754944854}, {-0.1107865394, 0.01304826804, -0.03962445563, 0.001393257566}}, {{0.02517413411, -0.07741106542, 0.003554950932, 0.01304826804}, {-0.07741106542, 0.3502419922, 0.03062020119, -0.07672648832}, {0.003635758606, 0.03062020119, -0.002501214374, 0.009883577045}, {0.01304826804, -0.07672648832, 0.009883577045, 0.001764564066}}, {{-0.02382372242, 0.003555016819, -0.05987292921, -0.005908168804}, {0.04136054133, 0.03062020119, 0.3126961776, -0.0180124431}, {0.01317882312, -0.002501214374, 0.03848044176, 0.005540425743}, {-0.03962445563, 0.009883577045, -0.07193200108, -0.006233611229}}, {{-0.003671170639, 0.01304826804, -0.005908168804, -0.05208888646}, {0.01826313947, -0.07672648832, -0.0180124431, 0.3211628298}, {-0.008754944854, 0.009883577045, 0.005540425743, 0.02508956578}, {0.001393257566, 0.001764564066, -0.006233611229, -0.05235441616}}}, {{{0.01758288954, -0.02382372242, -0.002438319334, 0.01878216266}, {0.05172704557, 0.003635692719, 0.01317882312, -0.008754944854}, {0.3065518824, -0.05987292921, 0.01543760929, 0.01608230287}, {-0.03700185699, -0.005908168804, -0.01800313773, 0.003467488578}}, {{-0.02382372242, 0.04136054133, 0.01317882312, -0.03962445563}, {0.003635692719, 0.03062020119, -0.002501214374, 0.009883577045}, {-0.05987292921, 0.3126961776, 0.03848044176, -0.07193200108}, {-0.005908168804, -0.0180124431, 0.005538733217, -0.006233611229}}, {{-0.002438319334, 0.01317882312, 0.01542451364, -0.01800320849}, {0.01317882312, -0.002501214374, 0.03848044176, 0.005540425743}, {0.01543760929, 0.03848044176, 0.28220038, -0.02016213062}, {-0.01800313773, 0.005538733217, -0.02016213062, -0.0005847071222}}, {{0.01878216266, -0.03962445563, -0.01800320849, 0.0463991655}, {-0.008754944854, 0.009883577045, 0.005540425743, 0.02508956578}, {0.01608230287, -0.07193200108, -0.02016213062, 0.3041384033}, {0.003467468688, -0.006233611229, -0.0005847071222, -0.01266990257}}}, {{{0.03417241739, -0.003671255143, 0.01878216266, -0.0003840473435}, {-0.1107865394, 0.01304826804, -0.03962445563, 0.001393257566}, {-0.03700185699, -0.005908168804, -0.01800313773, 0.003467488578}, {0.3480636723, -0.05208888646, 0.0463991655, 0.009252265456}}, {{-0.003671255143, 0.01826627728, -0.008754944854, 0.001393257566}, {0.01304826804, -0.07672648832, 0.009883577045, 0.001764564066}, {-0.005908168804, -0.0180124431, 0.005538733217, -0.006233611229}, {-0.05208888646, 0.3211628298, 0.02508956578, -0.05235441616}}, {{0.01878216266, -0.008754944854, 0.01608230287, 0.003456947535}, {-0.03962445563, 0.009883577045, -0.07193200108, -0.006233611229}, {-0.01800313773, 0.005538733217, -0.02016213062, -0.0005847071222}, {0.0463991655, 0.02508956578, 0.3041384033, -0.01266990257}}, {{-0.0003840473435, 0.001393257566, 0.003456947535, 0.009252265456}, {0.001393257566, 0.001764564066, -0.006233611229, -0.05235441616}, {0.003467468688, -0.006233611229, -0.0005847071222, -0.01266990257}, {0.009252265456, -0.05235441616, -0.01266990257, 0.2944068434}}}}
0.338068     -0.0927631   0.0175527    0.0341724      -0.0927631   0.362923     0.051727     -0.110787      0.0175527    0.051727     0.306555     -0.0370019     0.0341724    -0.110787    -0.0370019   0.348064
-0.0927631   0.0251741    -0.0238237   -0.00367117    0.0251741    -0.0774111   0.00355502   0.0130483      -0.0238237   0.00355502   -0.0598729   -0.00590817    -0.00367117  0.0130483    -0.00590817  -0.0520889
0.0175829    -0.0238237   -0.00243832  0.0187822      -0.0238237   0.0413605    0.0131788    -0.0396245     -0.00243832  0.0131788    0.0154245    -0.0180032     0.0187822    -0.0396245   -0.0180032   0.0463992
0.0341724    -0.00367126  0.0187822    -0.000384047   -0.00367126  0.0182663    -0.00875494  0.00139326     0.0187822    -0.00875494  0.0160823    0.00345693     -0.000384047 0.00139326   0.00345693   0.00925227

-0.0927631   0.0251741    -0.0238237   -0.00367117    0.0251741    -0.0774111   0.00355495   0.0130483      -0.0238237   0.00355502   -0.0598729   -0.00590817    -0.00367117  0.0130483    -0.00590817  -0.0520889
0.362923     -0.0774111   0.0413605    0.0182631      -0.0774111   0.350242     0.0306202    -0.0767265     0.0413605    0.0306202    0.312696     -0.0180124     0.0182631    -0.0767265   -0.0180124   0.321163
0.051727     0.00363569   0.0131788    -0.00875494    0.00363576   0.0306202    -0.00250121  0.00988358     0.0131788    -0.00250121  0.0384804    0.00554043     -0.00875494  0.00988358   0.00554043   0.0250896
-0.110787    0.0130483    -0.0396245   0.00139326     0.0130483    -0.0767265   0.00988358   0.00176456     -0.0396245   0.00988358   -0.071932    -0.00623361    0.00139326   0.00176456   -0.00623361  -0.0523544

0.0175829    -0.0238237   -0.00243832  0.0187822      -0.0238237   0.0413605    0.0131788    -0.0396245     -0.00243832  0.0131788    0.0154245    -0.0180032     0.0187822    -0.0396245   -0.0180032   0.0463992
0.051727     0.00363569   0.0131788    -0.00875494    0.00363569   0.0306202    -0.00250121  0.00988358     0.0131788    -0.00250121  0.0384804    0.00554043     -0.00875494  0.00988358   0.00554043   0.0250896
0.306552     -0.0598729   0.0154376    0.0160823      -0.0598729   0.312696     0.0384804    -0.071932      0.0154376    0.0384804    0.2822       -0.0201621     0.0160823    -0.071932    -0.0201621   0.304138
-0.0370019   -0.00590817  -0.0180031   0.00346749     -0.00590817  -0.0180124   0.00553873   -0.00623361    -0.0180031   0.00553873   -0.0201621   -0.000584707   0.00346747   -0.00623361  -0.000584707 -0.0126699

0.0341724    -0.00367126  0.0187822    -0.000384047   -0.00367126  0.0182663    -0.00875494  0.00139326     0.0187822    -0.00875494  0.0160823    0.00345695     -0.000384047 0.00139326   0.00345695   0.00925227
-0.110787    0.0130483    -0.0396245   0.00139326     0.0130483    -0.0767265   0.00988358   0.00176456     -0.0396245   0.00988358   -0.071932    -0.00623361    0.00139326   0.00176456   -0.00623361  -0.0523544
-0.0370019   -0.00590817  -0.0180031   0.00346749     -0.00590817  -0.0180124   0.00553873   -0.00623361    -0.0180031   0.00553873   -0.0201621   -0.000584707   0.00346747   -0.00623361  -0.000584707 -0.0126699
0.348064     -0.0520889   0.0463992    0.00925227     -0.0520889   0.321163     0.0250896    -0.0523544     0.0463992    0.0250896    0.304138     -0.0126699     0.00925227   -0.0523544   -0.0126699   0.294407


    Hamiltonian Matrix CA:    < psi_{i1,C} <psi_{i2,A} | V_e-e | psi_{i3,C} <psi_{i4,A} >

HijkCA: {{{{0.1785523253, -0.03278638734, 0.00006388260048, 0.01034755244}, {0.03278638734, -0.01189770052, 0.0001819258362, 0.005448278185}, {0.00006425361896, -0.0001819258362, -0.0001629141653, 0.0002872705954}, {0.01034755244, -0.005448272779, 0.0002872705954, 0.003149935579}}, {{-0.03278638734, 0.1904366665, 0.02659454731, -0.04330158827}, {-0.01189770052, 0.03892679064, 0.009250561834, -0.01713057536}, {-0.0001819258362, 0.0005387755689, 0.0005111261725, -0.0008899889661}, {-0.005448272779, 0.01374983636, 0.003782718486, -0.008349418124}}, {{0.00006388260048, 0.02659454731, 0.1782908405, -0.01660895519}, {0.0001819258362, 0.009250561834, 0.03211426323, -0.008222696247}, {-0.0001629141653, 0.0005111261725, 0.0005695272596, -0.0009310425466}, {0.0002872705954, 0.003782718486, 0.00940470354, -0.004214084221}}, {{0.01034755244, -0.04330158827, -0.01660895519, 0.1935334314}, {0.005448278185, -0.01713057536, -0.008222696247, 0.04081006849}, {0.0002872705954, -0.0008899889661, -0.0009310425466, 0.001590655491}, {0.003149935579, -0.008349418124, -0.004214084221, 0.01476655628}}}, {{{0.03278638734, -0.01189770052, 0.0001819258362, 0.005448278185}, {0.1904366665, -0.03892679064, 0.0005387755689, 0.01375403104}, {-0.02659454731, 0.009250531965, -0.0005111261725, -0.003782718486}, {0.04330158827, -0.01713057536, 0.0008899889661, 0.008349418124}}, {{-0.01189770052, 0.03892679064, 0.009250430268, -0.01713057536}, {-0.03892679064, 0.2058782262, 0.03050394723, -0.05223527192}, {0.009250663532, -0.03050394723, -0.006460564791, 0.01200939763}, {-0.01713057536, 0.05223527192, 0.01200939763, -0.02442977186}}, {{0.0001819258362, 0.009250561834, 0.03211426323, -0.008222696247}, {0.0005387755689, 0.03050394723, 0.1887044091, -0.02070662066}, {-0.0005111261725, -0.006460564791, -0.02512014494, 0.004807896133}, {0.0008899889661, 0.01200939763, 0.04062970996, -0.01112836749}}, {{0.005448278185, -0.01713057536, -0.008222696247, 0.04081006849}, {0.01375384975, -0.05223527192, -0.02070662066, 0.209283647}, {-0.003782718486, 0.01200939763, 0.004807896133, -0.03004185434}, {0.008349418124, -0.02442977186, -0.01112836749, 0.05384281341}}}, {{{0.00006425361896, -0.0001819258362, -0.0001629141653, 0.0002872705954}, {-0.02659454731, 0.009250531965, -0.0005111261725, -0.003782718486}, {0.178291849, -0.03211426323, 0.0005665697955, 0.00940470354}, {-0.01660895519, 0.008222696247, -0.0009310425466, -0.004214001537}}, {{-0.0001819258362, 0.0005387755689, 0.0005111261725, -0.0008899889661}, {0.009250531965, -0.03050394723, -0.006460564791, 0.01200939763}, {-0.03211426323, 0.1887044091, 0.02512014494, -0.04062970996}, {0.008222696247, -0.02070662066, -0.004807896133, 0.01112836749}}, {{-0.0001629141653, 0.0005111261725, 0.0005695272596, -0.0009310425466}, {-0.0005111261725, -0.006460564791, -0.02512014494, 0.004807896133}, {0.0005665697955, 0.02512014494, 0.176672932, -0.01414241213}, {-0.0009310425466, -0.004807896133, -0.01414241213, 0.004728801983}}, {{0.0002872705954, -0.0008899889661, -0.0009310425466, 0.001590655491}, {-0.003782718486, 0.01200939763, 0.004807896133, -0.03004185434}, {0.00940470354, -0.04062970996, -0.01414241213, 0.1892394177}, {-0.004214080646, 0.01112836749, 0.004728801983, -0.02022252235}}}, {{{0.01034755244, -0.005448272779, 0.0002872705954, 0.003149935579}, {0.04330158827, -0.01713057536, 0.0008899889661, 0.008349418124}, {-0.01660895519, 0.008222696247, -0.0009310425466, -0.004214001537}, {0.1935334314, -0.04081006849, 0.001590655491, 0.01476655628}}, {{-0.005448272779, 0.01374983636, 0.003782718486, -0.008349418124}, {-0.01713057536, 0.05223527192, 0.01200939763, -0.02442977186}, {0.008222696247, -0.02070662066, -0.004807896133, 0.01112836749}, {-0.04081006849, 0.209283647, 0.03004185434, -0.05384281341}}, {{0.0002872705954, 0.003782718486, 0.00940470354, -0.004214078455}, {0.0008899889661, 0.01200939763, 0.04062970996, -0.01112836749}, {-0.0009310425466, -0.004807896133, -0.01414241213, 0.004728801983}, {0.001590655491, 0.03004185434, 0.1892394177, -0.02022252235}}, {{0.003149935579, -0.008349418124, -0.004214078455, 0.0147665423}, {0.008349418124, -0.02442977186, -0.01112836749, 0.05384281341}, {-0.004214080646, 0.01112836749, 0.004728801983, -0.02022252235}, {0.01476655628, -0.05384281341, -0.02022252235, 0.2109353272}}}}
0.178552     -0.0327864   0.0000638826 0.0103476      -0.0327864   0.190437     0.0265945    -0.0433016     0.0000638826 0.0265945    0.178291     -0.016609      0.0103476    -0.0433016   -0.016609    0.193533
0.0327864    -0.0118977   0.000181926  0.00544828     -0.0118977   0.0389268    0.00925056   -0.0171306     0.000181926  0.00925056   0.0321143    -0.0082227     0.00544828   -0.0171306   -0.0082227   0.0408101
0.0000642536 -0.000181926 -0.000162914 0.000287271    -0.000181926 0.000538776  0.000511126  -0.000889989   -0.000162914 0.000511126  0.000569527  -0.000931043   0.000287271  -0.000889989 -0.000931043 0.00159066
0.0103476    -0.00544827  0.000287271  0.00314994     -0.00544827  0.0137498    0.00378272   -0.00834942    0.000287271  0.00378272   0.0094047    -0.00421408    0.00314994   -0.00834942  -0.00421408  0.0147666

0.0327864    -0.0118977   0.000181926  0.00544828     -0.0118977   0.0389268    0.00925043   -0.0171306     0.000181926  0.00925056   0.0321143    -0.0082227     0.00544828   -0.0171306   -0.0082227   0.0408101
0.190437     -0.0389268   0.000538776  0.013754       -0.0389268   0.205878     0.0305039    -0.0522353     0.000538776  0.0305039    0.188704     -0.0207066     0.0137538    -0.0522353   -0.0207066   0.209284
-0.0265945   0.00925053   -0.000511126 -0.00378272    0.00925066   -0.0305039   -0.00646056  0.0120094      -0.000511126 -0.00646056  -0.0251201   0.0048079      -0.00378272  0.0120094    0.0048079    -0.0300419
0.0433016    -0.0171306   0.000889989  0.00834942     -0.0171306   0.0522353    0.0120094    -0.0244298     0.000889989  0.0120094    0.0406297    -0.0111284     0.00834942   -0.0244298   -0.0111284   0.0538428

0.0000642536 -0.000181926 -0.000162914 0.000287271    -0.000181926 0.000538776  0.000511126  -0.000889989   -0.000162914 0.000511126  0.000569527  -0.000931043   0.000287271  -0.000889989 -0.000931043 0.00159066
-0.0265945   0.00925053   -0.000511126 -0.00378272    0.00925053   -0.0305039   -0.00646056  0.0120094      -0.000511126 -0.00646056  -0.0251201   0.0048079      -0.00378272  0.0120094    0.0048079    -0.0300419
0.178292     -0.0321143   0.00056657   0.0094047      -0.0321143   0.188704     0.0251201    -0.0406297     0.00056657   0.0251201    0.176673     -0.0141424     0.0094047    -0.0406297   -0.0141424   0.189239
-0.016609    0.0082227    -0.000931043 -0.004214      0.0082227    -0.0207066   -0.0048079   0.0111284      -0.000931043 -0.0048079   -0.0141424   0.0047288      -0.00421408  0.0111284    0.0047288    -0.0202225

0.0103476    -0.00544827  0.000287271  0.00314994     -0.00544827  0.0137498    0.00378272   -0.00834942    0.000287271  0.00378272   0.0094047    -0.00421408    0.00314994   -0.00834942  -0.00421408  0.0147665
0.0433016    -0.0171306   0.000889989  0.00834942     -0.0171306   0.0522353    0.0120094    -0.0244298     0.000889989  0.0120094    0.0406297    -0.0111284     0.00834942   -0.0244298   -0.0111284   0.0538428
-0.016609    0.0082227    -0.000931043 -0.004214      0.0082227    -0.0207066   -0.0048079   0.0111284      -0.000931043 -0.0048079   -0.0141424   0.0047288      -0.00421408  0.0111284    0.0047288    -0.0202225
0.193533     -0.0408101   0.00159066   0.0147666      -0.0408101   0.209284     0.0300419    -0.0538428     0.00159066   0.0300419    0.189239     -0.0202225     0.0147666    -0.0538428   -0.0202225   0.210935


    Hamiltonian Matrix CB:    < psi_{i1,C} <psi_{i2,B} | V_e-e | psi_{i3,C} <psi_{i4,B} >

HijkCB: {{{{0.338067645, -0.09276314827, 0.01755272722, 0.03417241739}, {-0.09276314827, 0.02517413411, -0.02382372242, -0.003671170639}, {0.01758288954, -0.02382372242, -0.002438319334, 0.01878216266}, {0.03417241739, -0.003671255143, 0.01878216266, -0.0003840473435}}, {{-0.09276314827, 0.3629228374, 0.05172704557, -0.1107874287}, {0.02517413411, -0.07741106542, 0.003555016819, 0.01304826804}, {-0.02382372242, 0.04136054133, 0.01317882312, -0.03962445563}, {-0.003671255143, 0.01826627473, -0.008754944854, 0.001393257566}}, {{0.01755272722, 0.05172704557, 0.3065550666, -0.03700185699}, {-0.02382372242, 0.003555016819, -0.05987292921, -0.005908168804}, {-0.002438319334, 0.01317882312, 0.01542451364, -0.01800320849}, {0.01878216266, -0.008754944854, 0.01608230287, 0.003456927645}}, {{0.03417241739, -0.1107874287, -0.03700185699, 0.3480636723}, {-0.003671170639, 0.01304826804, -0.005908168804, -0.05208888646}, {0.01878216266, -0.03962445563, -0.01800320849, 0.0463991655}, {-0.0003840473435, 0.001393257566, 0.003456927645, 0.009252265456}}}, {{{-0.09276314827, 0.02517413411, -0.02382372242, -0.003671170639}, {0.3629228374, -0.07741106542, 0.04136054133, 0.01826313947}, {0.05172704557, 0.003635692719, 0.01317882312, -0.008754944854}, {-0.1107865394, 0.01304826804, -0.03962445563, 0.001393257566}}, {{0.02517413411, -0.07741106542, 0.003554950932, 0.01304826804}, {-0.07741106542, 0.3502419922, 0.03062020119, -0.07672648832}, {0.003635758606, 0.03062020119, -0.002501214374, 0.009883577045}, {0.01304826804, -0.07672648832, 0.009883577045, 0.001764564066}}, {{-0.02382372242, 0.003555016819, -0.05987292921, -0.005908168804}, {0.04136054133, 0.03062020119, 0.3126961776, -0.0180124431}, {0.01317882312, -0.002501214374, 0.03848044176, 0.005540425743}, {-0.03962445563, 0.009883577045, -0.07193200108, -0.006233611229}}, {{-0.003671170639, 0.01304826804, -0.005908168804, -0.05208888646}, {0.01826313947, -0.07672648832, -0.0180124431, 0.3211628298}, {-0.008754944854, 0.009883577045, 0.005540425743, 0.02508956578}, {0.001393257566, 0.001764564066, -0.006233611229, -0.05235441616}}}, {{{0.01758288954, -0.02382372242, -0.002438319334, 0.01878216266}, {0.05172704557, 0.003635692719, 0.01317882312, -0.008754944854}, {0.3065518824, -0.05987292921, 0.01543760929, 0.01608230287}, {-0.03700185699, -0.005908168804, -0.01800313773, 0.003467488578}}, {{-0.02382372242, 0.04136054133, 0.01317882312, -0.03962445563}, {0.003635692719, 0.03062020119, -0.002501214374, 0.009883577045}, {-0.05987292921, 0.3126961776, 0.03848044176, -0.07193200108}, {-0.005908168804, -0.0180124431, 0.005538733217, -0.006233611229}}, {{-0.002438319334, 0.01317882312, 0.01542451364, -0.01800320849}, {0.01317882312, -0.002501214374, 0.03848044176, 0.005540425743}, {0.01543760929, 0.03848044176, 0.28220038, -0.02016213062}, {-0.01800313773, 0.005538733217, -0.02016213062, -0.0005847071222}}, {{0.01878216266, -0.03962445563, -0.01800320849, 0.0463991655}, {-0.008754944854, 0.009883577045, 0.005540425743, 0.02508956578}, {0.01608230287, -0.07193200108, -0.02016213062, 0.3041384033}, {0.003467468688, -0.006233611229, -0.0005847071222, -0.01266990257}}}, {{{0.03417241739, -0.003671255143, 0.01878216266, -0.0003840473435}, {-0.1107865394, 0.01304826804, -0.03962445563, 0.001393257566}, {-0.03700185699, -0.005908168804, -0.01800313773, 0.003467488578}, {0.3480636723, -0.05208888646, 0.0463991655, 0.009252265456}}, {{-0.003671255143, 0.01826627728, -0.008754944854, 0.001393257566}, {0.01304826804, -0.07672648832, 0.009883577045, 0.001764564066}, {-0.005908168804, -0.0180124431, 0.005538733217, -0.006233611229}, {-0.05208888646, 0.3211628298, 0.02508956578, -0.05235441616}}, {{0.01878216266, -0.008754944854, 0.01608230287, 0.003456947535}, {-0.03962445563, 0.009883577045, -0.07193200108, -0.006233611229}, {-0.01800313773, 0.005538733217, -0.02016213062, -0.0005847071222}, {0.0463991655, 0.02508956578, 0.3041384033, -0.01266990257}}, {{-0.0003840473435, 0.001393257566, 0.003456947535, 0.009252265456}, {0.001393257566, 0.001764564066, -0.006233611229, -0.05235441616}, {0.003467468688, -0.006233611229, -0.0005847071222, -0.01266990257}, {0.009252265456, -0.05235441616, -0.01266990257, 0.2944068434}}}}
0.338068     -0.0927631   0.0175527    0.0341724      -0.0927631   0.362923     0.051727     -0.110787      0.0175527    0.051727     0.306555     -0.0370019     0.0341724    -0.110787    -0.0370019   0.348064
-0.0927631   0.0251741    -0.0238237   -0.00367117    0.0251741    -0.0774111   0.00355502   0.0130483      -0.0238237   0.00355502   -0.0598729   -0.00590817    -0.00367117  0.0130483    -0.00590817  -0.0520889
0.0175829    -0.0238237   -0.00243832  0.0187822      -0.0238237   0.0413605    0.0131788    -0.0396245     -0.00243832  0.0131788    0.0154245    -0.0180032     0.0187822    -0.0396245   -0.0180032   0.0463992
0.0341724    -0.00367126  0.0187822    -0.000384047   -0.00367126  0.0182663    -0.00875494  0.00139326     0.0187822    -0.00875494  0.0160823    0.00345693     -0.000384047 0.00139326   0.00345693   0.00925227

-0.0927631   0.0251741    -0.0238237   -0.00367117    0.0251741    -0.0774111   0.00355495   0.0130483      -0.0238237   0.00355502   -0.0598729   -0.00590817    -0.00367117  0.0130483    -0.00590817  -0.0520889
0.362923     -0.0774111   0.0413605    0.0182631      -0.0774111   0.350242     0.0306202    -0.0767265     0.0413605    0.0306202    0.312696     -0.0180124     0.0182631    -0.0767265   -0.0180124   0.321163
0.051727     0.00363569   0.0131788    -0.00875494    0.00363576   0.0306202    -0.00250121  0.00988358     0.0131788    -0.00250121  0.0384804    0.00554043     -0.00875494  0.00988358   0.00554043   0.0250896
-0.110787    0.0130483    -0.0396245   0.00139326     0.0130483    -0.0767265   0.00988358   0.00176456     -0.0396245   0.00988358   -0.071932    -0.00623361    0.00139326   0.00176456   -0.00623361  -0.0523544

0.0175829    -0.0238237   -0.00243832  0.0187822      -0.0238237   0.0413605    0.0131788    -0.0396245     -0.00243832  0.0131788    0.0154245    -0.0180032     0.0187822    -0.0396245   -0.0180032   0.0463992
0.051727     0.00363569   0.0131788    -0.00875494    0.00363569   0.0306202    -0.00250121  0.00988358     0.0131788    -0.00250121  0.0384804    0.00554043     -0.00875494  0.00988358   0.00554043   0.0250896
0.306552     -0.0598729   0.0154376    0.0160823      -0.0598729   0.312696     0.0384804    -0.071932      0.0154376    0.0384804    0.2822       -0.0201621     0.0160823    -0.071932    -0.0201621   0.304138
-0.0370019   -0.00590817  -0.0180031   0.00346749     -0.00590817  -0.0180124   0.00553873   -0.00623361    -0.0180031   0.00553873   -0.0201621   -0.000584707   0.00346747   -0.00623361  -0.000584707 -0.0126699

0.0341724    -0.00367126  0.0187822    -0.000384047   -0.00367126  0.0182663    -0.00875494  0.00139326     0.0187822    -0.00875494  0.0160823    0.00345695     -0.000384047 0.00139326   0.00345695   0.00925227
-0.110787    0.0130483    -0.0396245   0.00139326     0.0130483    -0.0767265   0.00988358   0.00176456     -0.0396245   0.00988358   -0.071932    -0.00623361    0.00139326   0.00176456   -0.00623361  -0.0523544
-0.0370019   -0.00590817  -0.0180031   0.00346749     -0.00590817  -0.0180124   0.00553873   -0.00623361    -0.0180031   0.00553873   -0.0201621   -0.000584707   0.00346747   -0.00623361  -0.000584707 -0.0126699
0.348064     -0.0520889   0.0463992    0.00925227     -0.0520889   0.321163     0.0250896    -0.0523544     0.0463992    0.0250896    0.304138     -0.0126699     0.00925227   -0.0523544   -0.0126699   0.294407


Energy:  {2.736340032}


Coefficients: {{0.9826964118, 0.1720682946, -0.02156247245, 0.06507936716}, {0.987362183, -0.1045802336, -0.05865986985, 0.1036239061}, {0.987362183, -0.1045802336, -0.05865986985, 0.1036239061}, {0.9826964118, 0.1720682946, -0.02156247245, 0.06507936716}}


r2: {3.3757503, 3.567261133, 3.567261133, 3.3757503}
r2f: {3.18284615}


r3: {7.617116055, 8.266132362, 8.266132362, 7.617116055}
r3f: {6.975440461}


alpha: {4.913958114, 5.332651872, 5.332651872, 4.913958114}
alphaf: {4.5}




~~~XDM (a1=0.65, a2=3.17474)~~~

M1^2: {3.278818789, 3.26812921, 3.26812921, 3.278818789}
M1f^2: {3.18284615}

M2^2: {17.67618325, 17.92331095, 17.92331095, 17.67618325}
M2f^2: {16.88418269}

M3^2: {136.2583579, 139.1275608, 139.1275608, 136.2583579}
M3f^2: {125.3927637}

C6XDM: {{8.055989095, 8.370920955, 8.370920955, 8.055989095}, {8.370920955, 8.713897674, 8.713897674, 8.370920955}, {8.370920955, 8.713897674, 8.713897674, 8.370920955}, {8.055989095, 8.370920955, 8.370920955, 8.055989095}}
C6XDMf: {7.161403837}

C8XDM: {{130.2900361, 136.5543414, 136.5543414, 130.2900361}, {136.5543414, 143.3681665, 143.3681665, 136.5543414}, {136.5543414, 143.3681665, 143.3681665, 136.5543414}, {130.2900361, 136.5543414, 136.5543414, 130.2900361}}
C8XDMf: {113.9682331}

C10XDM: {{2322.490704, 2447.93193, 2447.93193, 2322.490704}, {2447.93193, 2584.615812, 2584.615812, 2447.93193}, {2447.93193, 2584.615812, 2584.615812, 2447.93193}, {2322.490704, 2447.93193, 2447.93193, 2322.490704}}
C10XDMf: {1974.936028}

EXDMC6: {-0.05339042155}
EXDMC8: {-0.110524123}
EXDMC10: {-0.2527128662}

EXDMBJC6: {-0.0008720567175}
EXDMBJC8: {-0.000416610711}
EXDMBJC10: {-0.000218637098}

EXDM: {-0.4166274108}
EXDMBJ: {-0.001507304527}




~~~TS (dTS=20, sR=0.62)~~~

C6TS: {{8.539570682, 9.267184728, 9.267184728, 8.539570682}, {9.267184728, 10.05679512, 10.05679512, 9.267184728}, {9.267184728, 10.05679512, 10.05679512, 9.267184728}, {8.539570682, 9.267184728, 9.267184728, 8.539570682}}
C6TSf: {7.161403837}

ETS: {-0.05995641755}
ETSWY: {-0.0007567928809}




~~~MBD~~~

 alpha: {5.844776041, 6.579688003, 6.579688003, 5.844776041}
  C6ii: {11.0021735, 13.79956684, 13.79956684, 11.0021735}
 omega: {0.429419218, 0.4250045599, 0.4250045599, 0.429419218}
lambda: {0.2623235086, 0.2616628177, 0.2616628177, 0.2274286773, 0.2037232903, 0.2037232903, 0.1625033797, 0.1514849629, 0.1514849629, 0.1131884104, 0.1131884104, 0.07780391575}
Energy: {-0.03917838774}

~~~MBD@rsSCS (drsSCS=6, sR=0.62)~~~

 alpha: {5.301450272, 5.855197522, 5.855197522, 5.301450272}
  C6ii: {9.607600349, 11.70770538, 11.70770538, 9.607600349}
 omega: {0.455789464, 0.4553312118, 0.4553312118, 0.455789464}
lambda: {0.2258036432, 0.2258036432, 0.2257147839, 0.2227524387, 0.210799514, 0.206185016, 0.206185016, 0.1996448295, 0.1996448295, 0.198507607, 0.198507607, 0.1708743593}
Energy: {-0.001959931915}




~~~MBDFree1~~~

 alpha: {5.221093927, 5.44125443, 5.44125443, 5.221093927}
  C6ii: {8.83570768, 9.43107479, 9.43107479, 8.83570768}
 omega: {0.4321724354, 0.4247191644, 0.4247191644, 0.4321724354}
lambda: {0.2622513249, 0.2527215873, 0.2527215873, 0.2271374504, 0.2038452592, 0.2038452592, 0.1629092082, 0.156075849, 0.156075849, 0.1216760696, 0.1216760696, 0.08202078163}
Energy: {-0.03322947648}

~~~MBDFree1@rsSCS (drsSCS=6, sR=0.62)~~~

 alpha: {4.821505614, 4.930024333, 4.930024333, 4.821505614}
  C6ii: {7.933075588, 8.236040853, 8.236040853, 7.933075588}
 omega: {0.4550037493, 0.4518133959, 0.4518133959, 0.4550037493}
lambda: {0.2217537353, 0.2211308924, 0.2211308924, 0.2171984032, 0.2095739643, 0.2055315632, 0.2055315632, 0.1978371696, 0.1978371696, 0.1978278879, 0.1978278879, 0.1738014104}
Energy: {-0.001462453261}




~~~MBDFree2~~~

 alpha: {5.221093927, 5.44125443, 5.44125443, 5.221093927}
  C6ii: {10.64674476, 13.13876866, 13.13876866, 10.64674476}
 omega: {0.5207539429, 0.5916915063, 0.5916915063, 0.5207539429}
lambda: {0.4829672738, 0.4592769866, 0.4592769866, 0.367447107, 0.3285185986, 0.3285185986, 0.2492777874, 0.2420144645, 0.2420144645, 0.2127569657, 0.2127569657, 0.1428748472}
Energy: {-0.04406674665}

~~~MBDFree2@rsSCS (drsSCS=6, sR=0.62)~~~

 alpha: {4.821505614, 4.930024333, 4.930024333, 4.821505614}
  C6ii: {9.509350508, 11.52597104, 11.52597104, 9.509350508}
 omega: {0.5454114343, 0.6322926522, 0.6322926522, 0.5454114343}
lambda: {0.4239032407, 0.4150833528, 0.4150833528, 0.3912324604, 0.3878460953, 0.3878460953, 0.3021786729, 0.2965914193, 0.2965914193, 0.2950143939, 0.2950143939, 0.2772208874}
Energy: {-0.001920471109}




~~~MBD@XDM1~~~

 alpha: {5.620174111, 6.082123524, 6.082123524, 5.620174111}
  C6ii: {10.19395826, 11.77326433, 11.77326433, 10.19395826}
 omega: {0.4303106031, 0.4243509309, 0.4243509309, 0.4303106031}
lambda: {0.262011272, 0.2574735444, 0.2574735444, 0.2270404556, 0.2035513989, 0.2035513989, 0.1623643173, 0.1530420496, 0.1530420496, 0.1164148625, 0.1164148625, 0.07906581047}
Energy: {-0.03675277771}

~~~MBD@XDM1@rsSCS (drsSCS=6, sR=0.62)~~~

 alpha: {5.135690373, 5.450056032, 5.450056032, 5.135690373}
  C6ii: {9.006571011, 10.10355602, 10.10355602, 9.006571011}
 omega: {0.4553030389, 0.4535352591, 0.4535352591, 0.4553030389}
lambda: {0.2238795301, 0.2235861537, 0.2235861537, 0.2200556865, 0.2101668887, 0.2057475536, 0.2057475536, 0.1986337914, 0.1986337914, 0.1980226782, 0.1980226782, 0.1718880716}
Energy: {-0.001744217486}




~~~MBD@XDM2~~~

 alpha: {5.844776041, 6.579688003, 6.579688003, 5.844776041}
  C6ii: {10.30997703, 12.00768919, 12.00768919, 10.30997703}
 omega: {0.4024025139, 0.3698175979, 0.3698175979, 0.4024025139}
lambda: {0.2096196486, 0.2096196486, 0.2084169412, 0.1915598648, 0.1738516331, 0.1738516331, 0.1359918798, 0.1257262421, 0.1257262421, 0.08818815416, 0.08818815416, 0.06141699215}
Energy: {-0.03491996239}

~~~MBD@XDM2@rsSCS (drsSCS=6, sR=0.62)~~~

 alpha: {5.301450272, 5.855197522, 5.855197522, 5.301450272}
  C6ii: {9.034835448, 10.16143537, 10.16143537, 9.034835448}
 omega: {0.4286172047, 0.3951943213, 0.3951943213, 0.4286172047}
lambda: {0.1908808276, 0.1896449517, 0.1896449517, 0.1872429868, 0.1821106559, 0.1821106559, 0.1670566225, 0.1574504829, 0.1574504829, 0.1505764291, 0.1505764291, 0.1346020827}
Energy: {-0.001754745408}




    ENERGY MATRIX: {Non-Interacting, Electron-Nuclear, Electron-Electron, Nuclear-Nuclear, Total Energy}
Oscillator 1 Energy: {0.7256930718, -0.7300178205, 0.3468061271, 0.3273808355, 0.6698622138}
Oscillator 2 Energy: {0.7258283014, -0.9087682289, 0.4770271897, 0.446428412, 0.7405156742}
Oscillator 3 Energy: {0.7258283014, -1.002473111, 0.4560032635, 0.446428412, 0.6257868655}
Oscillator 4 Energy: {0.7256930718, -0.7300178205, 0.3257822003, 0.3273808355, 0.6488382871}
Energy Totals: {2.903042746, -3.371276981, 1.605618781, 1.547618495, 2.685003041}


    COEFFICIENT MATRIX: {c1, c2, c5, c6, c11, c14}
Oscillator 1 Cs: {0.9826964118, 0.1720682946, -0.02156247245, 0.06507936716}
Oscillator 2 Cs: {0.987362183, -0.1045802336, -0.05865986985, 0.1036239061}
Oscillator 3 Cs: {0.987362183, -0.1045802336, -0.05865986985, 0.1036239061}
Oscillator 4 Cs: {0.9826964118, 0.1720682946, -0.02156247245, 0.06507936716}


    GENERAL RESULTS: {R, E, r2, r2f, r3, r3f, alpha, alphaf}
Oscillator 1 General Results: {2.800001, 2.736340032, 3.3757503, 3.18284615, 7.617116055, 6.975440461, 4.913958114, 4.5}
Oscillator 2 General Results: {2.800001, 2.736340032, 3.567261133, 3.18284615, 8.266132362, 6.975440461, 5.332651872, 4.5}
Oscillator 3 General Results: {2.800001, 2.736340032, 3.567261133, 3.18284615, 8.266132362, 6.975440461, 5.332651872, 4.5}
Oscillator 4 General Results: {2.800001, 2.736340032, 3.3757503, 3.18284615, 7.617116055, 6.975440461, 4.913958114, 4.5}


    XDM RESULTS: {M1^2, M1f^2, M2^2, M2f^2, M3^2, M3f^2, C6XDMii, C6XDMij, C6XDMf, C8XDMii, C8XDMij, C8XDMf, C10XDMii, C10XDMij, C10XDMf, EXDMC6, EXDMC8, EXDMC10, EXDMBJC6, EXDMBJC8, EXDMBJC10, EXDM, EXDMBJ}
Oscillator 1 XDM Results: {3.278818789, 3.18284615, 17.67618325, 16.88418269, 136.2583579, 125.3927637, 8.055989095, {{8.055989095, 8.370920955, 8.370920955, 8.055989095}, {8.370920955, 8.713897674, 8.713897674, 8.370920955}, {8.370920955, 8.713897674, 8.713897674, 8.370920955}, {8.055989095, 8.370920955, 8.370920955, 8.055989095}}, 7.161403837, 130.2900361, {{130.2900361, 136.5543414, 136.5543414, 130.2900361}, {136.5543414, 143.3681665, 143.3681665, 136.5543414}, {136.5543414, 143.3681665, 143.3681665, 136.5543414}, {130.2900361, 136.5543414, 136.5543414, 130.2900361}}, 113.9682331, 2322.490704, {{2322.490704, 2447.93193, 2447.93193, 2322.490704}, {2447.93193, 2584.615812, 2584.615812, 2447.93193}, {2447.93193, 2584.615812, 2584.615812, 2447.93193}, {2322.490704, 2447.93193, 2447.93193, 2322.490704}}, 1974.936028, -0.05339042155, -0.110524123, -0.2527128662, -0.0008720567175, -0.000416610711, -0.000218637098, -0.4166274108, -0.001507304527}
Oscillator 2 XDM Results: {3.26812921, 3.18284615, 17.92331095, 16.88418269, 139.1275608, 125.3927637, 8.713897674, {{8.055989095, 8.370920955, 8.370920955, 8.055989095}, {8.370920955, 8.713897674, 8.713897674, 8.370920955}, {8.370920955, 8.713897674, 8.713897674, 8.370920955}, {8.055989095, 8.370920955, 8.370920955, 8.055989095}}, 7.161403837, 143.3681665, {{130.2900361, 136.5543414, 136.5543414, 130.2900361}, {136.5543414, 143.3681665, 143.3681665, 136.5543414}, {136.5543414, 143.3681665, 143.3681665, 136.5543414}, {130.2900361, 136.5543414, 136.5543414, 130.2900361}}, 113.9682331, 2584.615812, {{2322.490704, 2447.93193, 2447.93193, 2322.490704}, {2447.93193, 2584.615812, 2584.615812, 2447.93193}, {2447.93193, 2584.615812, 2584.615812, 2447.93193}, {2322.490704, 2447.93193, 2447.93193, 2322.490704}}, 1974.936028, -0.05339042155, -0.110524123, -0.2527128662, -0.0008720567175, -0.000416610711, -0.000218637098, -0.4166274108, -0.001507304527}
Oscillator 3 XDM Results: {3.26812921, 3.18284615, 17.92331095, 16.88418269, 139.1275608, 125.3927637, 8.713897674, {{8.055989095, 8.370920955, 8.370920955, 8.055989095}, {8.370920955, 8.713897674, 8.713897674, 8.370920955}, {8.370920955, 8.713897674, 8.713897674, 8.370920955}, {8.055989095, 8.370920955, 8.370920955, 8.055989095}}, 7.161403837, 143.3681665, {{130.2900361, 136.5543414, 136.5543414, 130.2900361}, {136.5543414, 143.3681665, 143.3681665, 136.5543414}, {136.5543414, 143.3681665, 143.3681665, 136.5543414}, {130.2900361, 136.5543414, 136.5543414, 130.2900361}}, 113.9682331, 2584.615812, {{2322.490704, 2447.93193, 2447.93193, 2322.490704}, {2447.93193, 2584.615812, 2584.615812, 2447.93193}, {2447.93193, 2584.615812, 2584.615812, 2447.93193}, {2322.490704, 2447.93193, 2447.93193, 2322.490704}}, 1974.936028, -0.05339042155, -0.110524123, -0.2527128662, -0.0008720567175, -0.000416610711, -0.000218637098, -0.4166274108, -0.001507304527}
Oscillator 4 XDM Results: {3.278818789, 3.18284615, 17.67618325, 16.88418269, 136.2583579, 125.3927637, 8.055989095, {{8.055989095, 8.370920955, 8.370920955, 8.055989095}, {8.370920955, 8.713897674, 8.713897674, 8.370920955}, {8.370920955, 8.713897674, 8.713897674, 8.370920955}, {8.055989095, 8.370920955, 8.370920955, 8.055989095}}, 7.161403837, 130.2900361, {{130.2900361, 136.5543414, 136.5543414, 130.2900361}, {136.5543414, 143.3681665, 143.3681665, 136.5543414}, {136.5543414, 143.3681665, 143.3681665, 136.5543414}, {130.2900361, 136.5543414, 136.5543414, 130.2900361}}, 113.9682331, 2322.490704, {{2322.490704, 2447.93193, 2447.93193, 2322.490704}, {2447.93193, 2584.615812, 2584.615812, 2447.93193}, {2447.93193, 2584.615812, 2584.615812, 2447.93193}, {2322.490704, 2447.93193, 2447.93193, 2322.490704}}, 1974.936028, -0.05339042155, -0.110524123, -0.2527128662, -0.0008720567175, -0.000416610711, -0.000218637098, -0.4166274108, -0.001507304527}


    TS RESULTS: {C6TSii, C6TSij, C6TSf, ETS, ETSWY}
Oscillator 1 TS Results: {8.539570682, {{8.539570682, 9.267184728, 9.267184728, 8.539570682}, {9.267184728, 10.05679512, 10.05679512, 9.267184728}, {9.267184728, 10.05679512, 10.05679512, 9.267184728}, {8.539570682, 9.267184728, 9.267184728, 8.539570682}}, 7.161403837, -0.05995641755, -0.0007567928809}
Oscillator 2 TS Results: {10.05679512, {{8.539570682, 9.267184728, 9.267184728, 8.539570682}, {9.267184728, 10.05679512, 10.05679512, 9.267184728}, {9.267184728, 10.05679512, 10.05679512, 9.267184728}, {8.539570682, 9.267184728, 9.267184728, 8.539570682}}, 7.161403837, -0.05995641755, -0.0007567928809}
Oscillator 3 TS Results: {10.05679512, {{8.539570682, 9.267184728, 9.267184728, 8.539570682}, {9.267184728, 10.05679512, 10.05679512, 9.267184728}, {9.267184728, 10.05679512, 10.05679512, 9.267184728}, {8.539570682, 9.267184728, 9.267184728, 8.539570682}}, 7.161403837, -0.05995641755, -0.0007567928809}
Oscillator 4 TS Results: {8.539570682, {{8.539570682, 9.267184728, 9.267184728, 8.539570682}, {9.267184728, 10.05679512, 10.05679512, 9.267184728}, {9.267184728, 10.05679512, 10.05679512, 9.267184728}, {8.539570682, 9.267184728, 9.267184728, 8.539570682}}, 7.161403837, -0.05995641755, -0.0007567928809}


    MBD RESULTS: {MBD_alpha, MBD_C6, MBD_omega, MBD_Energy, MBDF1_alpha, MBDF1_C6, MBDF1_omega, MBDF1_Energy, MBDF2_alpha, MBDF2_C6, MBDF2_omega, MBDF2_Energy, MBDX1_alpha, MBDX1_C6, MBDX1_omega, MBDX1_Energy, MBDX2_alpha, MBDX2_C6, MBDX2_omega, MBDX2_Energy}
Oscillator 1 MBD Results: {5.844776041, 11.0021735, 0.429419218, -0.03917838774, 5.221093927, 8.83570768, 0.4321724354, -0.03322947648, 5.221093927, 10.64674476, 0.5207539429, -0.04406674665, 5.620174111, 10.19395826, 0.4303106031, -0.03675277771, 5.844776041, 10.30997703, 0.4024025139, -0.03491996239}
Oscillator 2 MBD Results: {6.579688003, 13.79956684, 0.4250045599, -0.03917838774, 5.44125443, 9.43107479, 0.4247191644, -0.03322947648, 5.44125443, 13.13876866, 0.5916915063, -0.04406674665, 6.082123524, 11.77326433, 0.4243509309, -0.03675277771, 6.579688003, 12.00768919, 0.3698175979, -0.03491996239}
Oscillator 3 MBD Results: {6.579688003, 13.79956684, 0.4250045599, -0.03917838774, 5.44125443, 9.43107479, 0.4247191644, -0.03322947648, 5.44125443, 13.13876866, 0.5916915063, -0.04406674665, 6.082123524, 11.77326433, 0.4243509309, -0.03675277771, 6.579688003, 12.00768919, 0.3698175979, -0.03491996239}
Oscillator 4 MBD Results: {5.844776041, 11.0021735, 0.429419218, -0.03917838774, 5.221093927, 8.83570768, 0.4321724354, -0.03322947648, 5.221093927, 10.64674476, 0.5207539429, -0.04406674665, 5.620174111, 10.19395826, 0.4303106031, -0.03675277771, 5.844776041, 10.30997703, 0.4024025139, -0.03491996239}


    MBDRSSCS RESULTS: {MBDrsSCS_alpha, MBDrsSCS_C6, MBDrsSCS_omega, MBDrsSCS_Energy, MBDF1rsSCS_alpha, MBDF1rsSCS_C6, MBDF1rsSCS_omega, MBDF1rsSCS_Energy, MBDF2rsSCS_alpha, MBDF2rsSCS_C6, MBDF2rsSCS_omega, MBDF2rsSCS_Energy, MBDX1rsSCS_alpha, MBDX1rsSCS_C6, MBDX1rsSCS_omega, MBDX1rsSCS_Energy, MBDX2rsSCS_alpha, MBDX2rsSCS_C6, MBDX2rsSCS_omega, MBDX2rsSCS_Energy}
Oscillator 1 MBDrsSCS Results: {5.301450272, 9.607600349, 0.455789464, -0.001959931915, 4.821505614, 7.933075588, 0.4550037493, -0.001462453261, 4.821505614, 9.509350508, 0.5454114343, -0.001920471109, 5.135690373, 9.006571011, 0.4553030389, -0.001744217486, 5.301450272, 9.034835448, 0.4286172047, -0.001754745408}
Oscillator 2 MBDrsSCS Results: {5.855197522, 11.70770538, 0.4553312118, -0.001959931915, 4.930024333, 8.236040853, 0.4518133959, -0.001462453261, 4.930024333, 11.52597104, 0.6322926522, -0.001920471109, 5.450056032, 10.10355602, 0.4535352591, -0.001744217486, 5.855197522, 10.16143537, 0.3951943213, -0.001754745408}
Oscillator 3 MBDrsSCS Results: {5.855197522, 11.70770538, 0.4553312118, -0.001959931915, 4.930024333, 8.236040853, 0.4518133959, -0.001462453261, 4.930024333, 11.52597104, 0.6322926522, -0.001920471109, 5.450056032, 10.10355602, 0.4535352591, -0.001744217486, 5.855197522, 10.16143537, 0.3951943213, -0.001754745408}
Oscillator 4 MBDrsSCS Results: {5.301450272, 9.607600349, 0.455789464, -0.001959931915, 4.821505614, 7.933075588, 0.4550037493, -0.001462453261, 4.821505614, 9.509350508, 0.5454114343, -0.001920471109, 5.135690373, 9.006571011, 0.4553030389, -0.001744217486, 5.301450272, 9.034835448, 0.4286172047, -0.001754745408}


         {R, Energy}
SUMMARY: {2.800001, 2.736340032}