Oscillators N=4 2022-12-24 w=0.471533 a=4.50000.nb ( N = 4, M = 4 )
~~~~~~~~~~~~~~~~~~~~~~~~~~~~~~~~~~~~~~
Run Commenced: Thu 29 Dec 2022 20:52:53
Run Completed: Thu 29 Dec 2022 22:49:56
Time Elapsed: 01:57:03

Oscillators Used: 4
Wavefunctions Used: 4
Internuclear Separation: 3.
omega: 0.472
nu : 0.235638

For display purposes, the threshold of Hamiltonian matrix elements has been set to: 10^-6.


    Hamiltonian Matrix A:    < psi_{i,A} | H_k | psi_{j,A} >
    H_1 = T_kin,    H_2 = V_pot,    H_3 = V_1-B,    H_4 = V_1-C,    H_5 = V_A-B,    H_6 = V_A-C 

HijkA: {{{0.35364975, 0.35364975, -0.3321382758, -0.1666666094, -0.1111110742, 0.3333332222, 0.1666666111, 0.1111110741}, {0., 0., -0.110210561, -0.02861174318, -0.01271633254, 0., 0., 0.}, {0.2887538117, -0.2887538117, -0.004549479331, -0.00000001354550003, 0., 0., 0., 0.}, {0., 0., -0.05910654849, -0.008507457107, -0.002520734112, 0., 0., 0.}}, {{0., 0., -0.110210561, -0.02861174318, -0.01271633254, 0., 0., 0.}, {0.58941625, 0.58941625, -0.3966740017, -0.1764901671, -0.1140217782, 0.3333332222, 0.1666666111, 0.1111110741}, {0., 0., 0.07673593433, 0.0233613114, 0.01038284223, 0., 0., 0.}, {0., 0., -0.1694021218, -0.03741932301, -0.01554902779, 0., 0., 0.}}, {{0.2887538117, -0.2887538117, -0.004549479331, -0.00000001354550003, 0., 0., 0., 0.}, {0., 0., 0.07673593433, 0.0233613114, 0.01038284223, 0., 0., 0.}, {0.82518275, 0.82518275, -0.3145253785, -0.1666664169, -0.1111110755, 0.3333332222, 0.1666666111, 0.1111110741}, {0., 0., 0.07423882996, 0.0138923539, 0.004116341733, 0., 0., 0.}}, {{0., 0., -0.05910654849, -0.008507457107, -0.002520734112, 0., 0., 0.}, {0., 0., -0.1694021218, -0.03741932301, -0.01554902779, 0., 0., 0.}, {0., 0., 0.07423882996, 0.0138923539, 0.004116341733, 0., 0., 0.}, {0.82518275, 0.82518275, -0.4227143893, -0.1790953201, -0.1143648913, 0.3333332222, 0.1666666111, 0.1111110741}}}
0.35365       0.            0.288754      0.
0.35365       0.            -0.288754     0.
-0.332138     -0.110211     -0.00454948   -0.0591065
-0.166667     -0.0286117    0.            -0.00850746
-0.111111     -0.0127163    0.            -0.00252073
0.333333      0.            0.            0.
0.166667      0.            0.            0.
0.111111      0.            0.            0.

0.            0.589416      0.            0.
0.            0.589416      0.            0.
-0.110211     -0.396674     0.0767359     -0.169402
-0.0286117    -0.17649      0.0233613     -0.0374193
-0.0127163    -0.114022     0.0103828     -0.015549
0.            0.333333      0.            0.
0.            0.166667      0.            0.
0.            0.111111      0.            0.

0.288754      0.            0.825183      0.
-0.288754     0.            0.825183      0.
-0.00454948   0.0767359     -0.314525     0.0742388
0.            0.0233613     -0.166666     0.0138924
0.            0.0103828     -0.111111     0.00411634
0.            0.            0.333333      0.
0.            0.            0.166667      0.
0.            0.            0.111111      0.

0.            0.            0.            0.825183
0.            0.            0.            0.825183
-0.0591065    -0.169402     0.0742388     -0.422714
-0.00850746   -0.0374193    0.0138924     -0.179095
-0.00252073   -0.015549     0.00411634    -0.114365
0.            0.            0.            0.333333
0.            0.            0.            0.166667
0.            0.            0.            0.111111


    Hamiltonian Matrix B:    < psi_{i,B} | H_k | psi_{j,B} >
    H_1 = T_kin,    H_2 = V_pot,    H_3 = V_2-A,    H_4 = V_2-C,    H_5 = V_B-A,    H_6 = V_B-C 

HijkB: {{{0.35364975, 0.35364975, -0.3321382758, -0.3321382758, -0.1666666094, 0.3333332222, 0.3333332222, 0.1666666111}, {0., 0., -0.110210561, 0.110210561, 0.02861174318, 0., 0., 0.}, {0.2887538117, -0.2887538117, -0.004549479331, -0.004549479331, -0.00000001354550003, 0., 0., 0.}, {0., 0., -0.05910654849, -0.05910654849, -0.008507457107, 0., 0., 0.}}, {{0., 0., -0.110210561, 0.110210561, 0.02861174318, 0., 0., 0.}, {0.58941625, 0.58941625, -0.3966740017, -0.3966740017, -0.1764901671, 0.3333332222, 0.3333332222, 0.1666666111}, {0., 0., 0.07673593433, -0.07673593433, -0.0233613114, 0., 0., 0.}, {0., 0., -0.1694021218, 0.1694021218, 0.03741932301, 0., 0., 0.}}, {{0.2887538117, -0.2887538117, -0.004549479331, -0.004549479331, -0.00000001354550003, 0., 0., 0.}, {0., 0., 0.07673593433, -0.07673593433, -0.0233613114, 0., 0., 0.}, {0.82518275, 0.82518275, -0.3145253785, -0.3145253785, -0.1666664169, 0.3333332222, 0.3333332222, 0.1666666111}, {0., 0., 0.07423882996, 0.07423882996, 0.0138923539, 0., 0., 0.}}, {{0., 0., -0.05910654849, -0.05910654849, -0.008507457107, 0., 0., 0.}, {0., 0., -0.1694021218, 0.1694021218, 0.03741932301, 0., 0., 0.}, {0., 0., 0.07423882996, 0.07423882996, 0.0138923539, 0., 0., 0.}, {0.82518275, 0.82518275, -0.4227143893, -0.4227143893, -0.1790953201, 0.3333332222, 0.3333332222, 0.1666666111}}}
0.35365       0.            0.288754      0.
0.35365       0.            -0.288754     0.
-0.332138     -0.110211     -0.00454948   -0.0591065
-0.332138     0.110211      -0.00454948   -0.0591065
-0.166667     0.0286117     0.            -0.00850746
0.333333      0.            0.            0.
0.333333      0.            0.            0.
0.166667      0.            0.            0.

0.            0.589416      0.            0.
0.            0.589416      0.            0.
-0.110211     -0.396674     0.0767359     -0.169402
0.110211      -0.396674     -0.0767359    0.169402
0.0286117     -0.17649      -0.0233613    0.0374193
0.            0.333333      0.            0.
0.            0.333333      0.            0.
0.            0.166667      0.            0.

0.288754      0.            0.825183      0.
-0.288754     0.            0.825183      0.
-0.00454948   0.0767359     -0.314525     0.0742388
-0.00454948   -0.0767359    -0.314525     0.0742388
0.            -0.0233613    -0.166666     0.0138924
0.            0.            0.333333      0.
0.            0.            0.333333      0.
0.            0.            0.166667      0.

0.            0.            0.            0.825183
0.            0.            0.            0.825183
-0.0591065    -0.169402     0.0742388     -0.422714
-0.0591065    0.169402      0.0742388     -0.422714
-0.00850746   0.0374193     0.0138924     -0.179095
0.            0.            0.            0.333333
0.            0.            0.            0.333333
0.            0.            0.            0.166667


    Hamiltonian Matrix C:    < psi_{i,C} | H_k | psi_{j,C} >
    H_1 = T_kin,    H_2 = V_pot,    H_3 = V_3-A,    H_4 = V_3-B,    H_5 = V_C-A,    H_6 = V_C-B 

HijkC: {{{0.35364975, 0.35364975, -0.1666666094, -0.3321382758, -0.3321382758, 0.1666666111, 0.3333332222, 0.3333332222}, {0., 0., 0.02861174318, 0.110210561, -0.110210561, 0., 0., 0.}, {0.2887538117, -0.2887538117, -0.00000001354550003, -0.004549479331, -0.004549479331, 0., 0., 0.}, {0., 0., -0.008507457107, -0.05910654849, -0.05910654849, 0., 0., 0.}}, {{0., 0., 0.02861174318, 0.110210561, -0.110210561, 0., 0., 0.}, {0.58941625, 0.58941625, -0.1764901671, -0.3966740017, -0.3966740017, 0.1666666111, 0.3333332222, 0.3333332222}, {0., 0., -0.0233613114, -0.07673593433, 0.07673593433, 0., 0., 0.}, {0., 0., 0.03741932301, 0.1694021218, -0.1694021218, 0., 0., 0.}}, {{0.2887538117, -0.2887538117, -0.00000001354550003, -0.004549479331, -0.004549479331, 0., 0., 0.}, {0., 0., -0.0233613114, -0.07673593433, 0.07673593433, 0., 0., 0.}, {0.82518275, 0.82518275, -0.1666664169, -0.3145253785, -0.3145253785, 0.1666666111, 0.3333332222, 0.3333332222}, {0., 0., 0.0138923539, 0.07423882996, 0.07423882996, 0., 0., 0.}}, {{0., 0., -0.008507457107, -0.05910654849, -0.05910654849, 0., 0., 0.}, {0., 0., 0.03741932301, 0.1694021218, -0.1694021218, 0., 0., 0.}, {0., 0., 0.0138923539, 0.07423882996, 0.07423882996, 0., 0., 0.}, {0.82518275, 0.82518275, -0.1790953201, -0.4227143893, -0.4227143893, 0.1666666111, 0.3333332222, 0.3333332222}}}
0.35365       0.            0.288754      0.
0.35365       0.            -0.288754     0.
-0.166667     0.0286117     0.            -0.00850746
-0.332138     0.110211      -0.00454948   -0.0591065
-0.332138     -0.110211     -0.00454948   -0.0591065
0.166667      0.            0.            0.
0.333333      0.            0.            0.
0.333333      0.            0.            0.

0.            0.589416      0.            0.
0.            0.589416      0.            0.
0.0286117     -0.17649      -0.0233613    0.0374193
0.110211      -0.396674     -0.0767359    0.169402
-0.110211     -0.396674     0.0767359     -0.169402
0.            0.166667      0.            0.
0.            0.333333      0.            0.
0.            0.333333      0.            0.

0.288754      0.            0.825183      0.
-0.288754     0.            0.825183      0.
0.            -0.0233613    -0.166666     0.0138924
-0.00454948   -0.0767359    -0.314525     0.0742388
-0.00454948   0.0767359     -0.314525     0.0742388
0.            0.            0.166667      0.
0.            0.            0.333333      0.
0.            0.            0.333333      0.

0.            0.            0.            0.825183
0.            0.            0.            0.825183
-0.00850746   0.0374193     0.0138924     -0.179095
-0.0591065    0.169402      0.0742388     -0.422714
-0.0591065    -0.169402     0.0742388     -0.422714
0.            0.            0.            0.166667
0.            0.            0.            0.333333
0.            0.            0.            0.333333


    Hamiltonian Matrix AB:    < psi_{i1,A} <psi_{i2,B} | V_e-e | psi_{i3,A} <psi_{i4,B} >

HijkAB: {{{{0.3204089533, 0.0878110859, 0.01336464811, 0.03301910572}, {0.0878110859, 0.02754508073, 0.01946442672, 0.006456228018}, {0.01335192495, 0.01946442672, -0.00339377411, 0.01652631244}, {0.03301910572, 0.006456228018, 0.01652631244, 0.0008400372307}}, {{0.0878110859, 0.3477130698, -0.05204598971, 0.1072547048}, {0.02754508073, 0.07941163972, -0.0004404001847, 0.01892287533}, {0.01946442672, 0.03498984768, -0.01298942745, 0.03537904844}, {0.006456228018, 0.02054197535, 0.007596228518, 0.001229653521}}, {{0.01336464811, -0.05204598971, 0.2952083613, -0.03757937307}, {0.01946442672, -0.0004404001847, 0.05865739001, 0.002310218646}, {-0.00339377411, -0.01298942745, 0.01355918246, -0.01756422871}, {0.01652631244, 0.007596228518, 0.01542114386, 0.003274157329}}, {{0.03301910572, 0.1072547048, -0.03757937307, 0.3373805274}, {0.006456228018, 0.01892287533, 0.002310218646, 0.05676013743}, {0.01652631244, 0.03537904844, -0.01756422871, 0.04247254797}, {0.0008400372307, 0.001229653521, 0.003274157329, 0.01089896477}}}, {{{0.0878110859, 0.02754508073, 0.01946442672, 0.006456228018}, {0.3477131095, 0.07941163972, 0.03498984768, 0.0205443299}, {-0.05204598971, -0.0004595464769, -0.01298942745, 0.007596228518}, {0.1072547048, 0.01892287533, 0.03537904844, 0.001229653521}}, {{0.02754508073, 0.07941163972, -0.0004404027515, 0.01892287533}, {0.07941163972, 0.341419936, -0.03293999358, 0.08024552368}, {-0.0004595111157, -0.03293999358, -0.002440175151, 0.007537104551}, {0.01892287533, 0.08024552368, 0.007537104551, 0.008139117006}}, {{0.01946442672, -0.0004404001847, 0.05865739001, 0.002310218646}, {0.03498984768, -0.03293999358, 0.3017431714, -0.01948802576}, {-0.01298942745, -0.002440175151, -0.03843626384, -0.005757823026}, {0.03537904844, 0.007537104551, 0.07015089105, 0.004769927993}}, {{0.006456228018, 0.01892287533, 0.002310218646, 0.05676013743}, {0.02054026582, 0.08024552368, -0.01948802576, 0.3156408569}, {0.007596228518, 0.007537104551, -0.005757823026, -0.02501306695}, {0.001229653521, 0.008139117006, 0.004769927993, 0.05608684485}}}, {{{0.01335192495, 0.01946442672, -0.00339377411, 0.01652631244}, {-0.05204598971, -0.0004595464769, -0.01298942745, 0.007596228518}, {0.2951777893, 0.05865727196, 0.01355304348, 0.01542114386}, {-0.03757937307, 0.002310218646, -0.01756422871, 0.003275299492}}, {{0.01946442672, 0.03498984768, -0.01298942745, 0.03537904844}, {-0.0004595464769, -0.03293999358, -0.002440175151, 0.007537104551}, {0.05865727196, 0.3017431714, -0.03843626384, 0.07015089105}, {0.002310218646, -0.01948802576, -0.005757823026, 0.004769927993}}, {{-0.00339377411, -0.01298942745, 0.01355918246, -0.01756422871}, {-0.01298942745, -0.002440175151, -0.03843626384, -0.005757823026}, {0.01355304348, -0.03843626384, 0.273661753, -0.02086731547}, {-0.01756422871, -0.005757823026, -0.02086731547, -0.001446047363}}, {{0.01652631244, 0.03537904844, -0.01756422871, 0.04247254797}, {0.007596228518, 0.007537104551, -0.005757823026, -0.02501306695}, {0.01542114386, 0.07015089105, -0.02086731547, 0.2953667824}, {0.003275299136, 0.004769927993, -0.001446047363, -0.01323036121}}}, {{{0.03301910572, 0.006456228018, 0.01652631244, 0.0008400372307}, {0.1072547048, 0.01892287533, 0.03537904844, 0.001229653521}, {-0.03757937307, 0.002310218646, -0.01756422871, 0.003275299492}, {0.3373805274, 0.05676035274, 0.04247254797, 0.01089896477}}, {{0.006456228018, 0.02054197535, 0.007596228518, 0.001229653521}, {0.01892287533, 0.08024552368, 0.007537104551, 0.008139117006}, {0.002310218646, -0.01948802576, -0.005757823026, 0.004769927993}, {0.05676035274, 0.3156401187, -0.02501306695, 0.05608684485}}, {{0.01652631244, 0.007596228518, 0.01542114386, 0.003274157685}, {0.03537904844, 0.007537104551, 0.07015089105, 0.004769927993}, {-0.01756422871, -0.005757823026, -0.02086731547, -0.001446047363}, {0.04247254797, -0.02501306695, 0.2953667824, -0.01323036121}}, {{0.0008400372307, 0.001229653521, 0.003274157685, 0.01089896477}, {0.001229653521, 0.008139117006, 0.004769927993, 0.05608684485}, {0.003275299136, 0.004769927993, -0.001446047363, -0.01323036121}, {0.01089896477, 0.05608684485, -0.01323036121, 0.289690825}}}}
0.320409     0.0878111    0.0133646    0.0330191      0.0878111    0.347713     -0.052046    0.107255       0.0133646    -0.052046    0.295208     -0.0375794     0.0330191    0.107255     -0.0375794   0.337381
0.0878111    0.0275451    0.0194644    0.00645623     0.0275451    0.0794116    -0.0004404   0.0189229      0.0194644    -0.0004404   0.0586574    0.00231022     0.00645623   0.0189229    0.00231022   0.0567601
0.0133519    0.0194644    -0.00339377  0.0165263      0.0194644    0.0349898    -0.0129894   0.035379       -0.00339377  -0.0129894   0.0135592    -0.0175642     0.0165263    0.035379     -0.0175642   0.0424725
0.0330191    0.00645623   0.0165263    0.000840037    0.00645623   0.020542     0.00759623   0.00122965     0.0165263    0.00759623   0.0154211    0.00327416     0.000840037  0.00122965   0.00327416   0.010899

0.0878111    0.0275451    0.0194644    0.00645623     0.0275451    0.0794116    -0.000440403 0.0189229      0.0194644    -0.0004404   0.0586574    0.00231022     0.00645623   0.0189229    0.00231022   0.0567601
0.347713     0.0794116    0.0349898    0.0205443      0.0794116    0.34142      -0.03294     0.0802455      0.0349898    -0.03294     0.301743     -0.019488      0.0205403    0.0802455    -0.019488    0.315641
-0.052046    -0.000459546 -0.0129894   0.00759623     -0.000459511 -0.03294     -0.00244018  0.0075371      -0.0129894   -0.00244018  -0.0384363   -0.00575782    0.00759623   0.0075371    -0.00575782  -0.0250131
0.107255     0.0189229    0.035379     0.00122965     0.0189229    0.0802455    0.0075371    0.00813912     0.035379     0.0075371    0.0701509    0.00476993     0.00122965   0.00813912   0.00476993   0.0560868

0.0133519    0.0194644    -0.00339377  0.0165263      0.0194644    0.0349898    -0.0129894   0.035379       -0.00339377  -0.0129894   0.0135592    -0.0175642     0.0165263    0.035379     -0.0175642   0.0424725
-0.052046    -0.000459546 -0.0129894   0.00759623     -0.000459546 -0.03294     -0.00244018  0.0075371      -0.0129894   -0.00244018  -0.0384363   -0.00575782    0.00759623   0.0075371    -0.00575782  -0.0250131
0.295178     0.0586573    0.013553     0.0154211      0.0586573    0.301743     -0.0384363   0.0701509      0.013553     -0.0384363   0.273662     -0.0208673     0.0154211    0.0701509    -0.0208673   0.295367
-0.0375794   0.00231022   -0.0175642   0.0032753      0.00231022   -0.019488    -0.00575782  0.00476993     -0.0175642   -0.00575782  -0.0208673   -0.00144605    0.0032753    0.00476993   -0.00144605  -0.0132304

0.0330191    0.00645623   0.0165263    0.000840037    0.00645623   0.020542     0.00759623   0.00122965     0.0165263    0.00759623   0.0154211    0.00327416     0.000840037  0.00122965   0.00327416   0.010899
0.107255     0.0189229    0.035379     0.00122965     0.0189229    0.0802455    0.0075371    0.00813912     0.035379     0.0075371    0.0701509    0.00476993     0.00122965   0.00813912   0.00476993   0.0560868
-0.0375794   0.00231022   -0.0175642   0.0032753      0.00231022   -0.019488    -0.00575782  0.00476993     -0.0175642   -0.00575782  -0.0208673   -0.00144605    0.0032753    0.00476993   -0.00144605  -0.0132304
0.337381     0.0567604    0.0424725    0.010899       0.0567604    0.31564      -0.0250131   0.0560868      0.0424725    -0.0250131   0.295367     -0.0132304     0.010899     0.0560868    -0.0132304   0.289691


    Hamiltonian Matrix AC:    < psi_{i1,A} <psi_{i2,C} | V_e-e | psi_{i3,A} <psi_{i4,C} >

HijkAC: {{{{0.1666608876, -0.02859340621, 0.00002184687208, 0.008470636048}, {0.02859340621, -0.009762292982, 0.00005875422326, 0.004270535321}, {0.00002179706899, -0.00005875422326, -0.00006278642139, 0.0001097023573}, {0.008470636048, -0.004270535321, 0.0001097023573, 0.002415579807}}, {{-0.02859340621, 0.176426273, 0.02327891677, -0.0372924049}, {-0.009762292982, 0.03347288606, 0.007790521939, -0.0139465257}, {-0.00005875422326, 0.0002048919018, 0.0001964871425, -0.0003587928971}, {-0.004270535321, 0.01115533474, 0.003201608224, -0.006659470174}}, {{0.00002184687208, 0.02327891677, 0.1665670758, -0.01372027656}, {0.00005875422326, 0.007790521939, 0.02832072387, -0.006690270175}, {-0.00006278642139, 0.0001964871425, 0.0002461799855, -0.0003812145838}, {0.0001097023573, 0.003201608224, 0.008068858683, -0.003506101315}}, {{0.008470636048, -0.0372924049, -0.01372027656, 0.1788283003}, {0.004270535321, -0.0139465257, -0.006690270175, 0.03512438102}, {0.0001097023573, -0.0003587928971, -0.0003812145838, 0.0006774679926}, {0.002415579807, -0.006659470174, -0.003506101315, 0.01224498384}}}, {{{0.02859340621, -0.009762292982, 0.00005875422326, 0.004270535321}, {0.176426273, -0.03347288606, 0.0002048919018, 0.01115356454}, {-0.02327891677, 0.007790648375, -0.0001964871425, -0.003201608224}, {0.0372924049, -0.0139465257, 0.0003587928971, 0.006659470174}}, {{-0.009762292982, 0.03347288606, 0.007790616212, -0.0139465257}, {-0.03347288606, 0.1891610998, 0.02680212598, -0.04461061886}, {0.007790565181, -0.02680212598, -0.005863180261, 0.01053260877}, {-0.0139465257, 0.04461061886, 0.01053260877, -0.02025097507}}, {{0.00005875422326, 0.007790521939, 0.02832072387, -0.006690270175}, {0.0002048919018, 0.02680212598, 0.1756668033, -0.01743994773}, {-0.0001964871425, -0.005863180261, -0.02255119821, 0.004530552132}, {0.0003587928971, 0.01053260877, 0.03607327264, -0.009654269324}}, {{0.004270535321, -0.0139465257, -0.006690270175, 0.03512438102}, {0.01115355955, -0.04461061886, -0.01743994773, 0.1924462078}, {-0.003201608224, 0.01053260877, 0.004530552132, -0.02710081802}, {0.006659470174, -0.02025097507, -0.009654269324, 0.04682200364}}}, {{{0.00002179706899, -0.00005875422326, -0.00006278642139, 0.0001097023573}, {-0.02327891677, 0.007790648375, -0.0001964871425, -0.003201608224}, {0.1665665826, -0.02832072387, 0.0002474622394, 0.008068858683}, {-0.01372027656, 0.006690270175, -0.0003812145838, -0.003506052523}}, {{-0.00005875422326, 0.0002048919018, 0.0001964871425, -0.0003587928971}, {0.007790648375, -0.02680212598, -0.005863180261, 0.01053260877}, {-0.02832072387, 0.1756668033, 0.02255119821, -0.03607327264}, {0.006690270175, -0.01743994773, -0.004530552132, 0.009654269324}}, {{-0.00006278642139, 0.0001964871425, 0.0002461799855, -0.0003812145838}, {-0.0001964871425, -0.005863180261, -0.02255119821, 0.004530552132}, {0.0002474622394, 0.02255119821, 0.1657922501, -0.01246150007}, {-0.0003812145838, -0.004530552132, -0.01246150007, 0.004565972142}}, {{0.0001097023573, -0.0003587928971, -0.0003812145838, 0.0006774679926}, {-0.003201608224, 0.01053260877, 0.004530552132, -0.02710081802}, {0.008068858683, -0.03607327264, -0.01246150007, 0.1767228595}, {-0.003506052523, 0.009654269324, 0.004565972142, -0.01796542976}}}, {{{0.008470636048, -0.004270535321, 0.0001097023573, 0.002415579807}, {0.0372924049, -0.0139465257, 0.0003587928971, 0.006659470174}, {-0.01372027656, 0.006690270175, -0.0003812145838, -0.003506052523}, {0.1788283003, -0.03512438102, 0.0006774679926, 0.01224498384}}, {{-0.004270535321, 0.01115528677, 0.003201608224, -0.006659470174}, {-0.0139465257, 0.04461061886, 0.01053260877, -0.02025097507}, {0.006690270175, -0.01743994773, -0.004530552132, 0.009654269324}, {-0.03512438102, 0.1924462078, 0.02710081802, -0.04682200364}}, {{0.0001097023573, 0.003201608224, 0.008068858683, -0.003506101293}, {0.0003587928971, 0.01053260877, 0.03607327264, -0.009654269324}, {-0.0003812145838, -0.004530552132, -0.01246150007, 0.004565972142}, {0.0006774679926, 0.02710081802, 0.1767228595, -0.01796542976}}, {{0.002415579807, -0.006659470174, -0.003506101293, 0.01224498384}, {0.006659470174, -0.02025097507, -0.009654269324, 0.04682200364}, {-0.003506052523, 0.009654269324, 0.004565972142, -0.01796542976}, {0.01224498384, -0.04682200364, -0.01796542976, 0.1951479559}}}}
0.166661      -0.0285934    0.0000218469  0.00847064      -0.0285934    0.176426      0.0232789     -0.0372924      0.0000218469  0.0232789     0.166567      -0.0137203      0.00847064    -0.0372924    -0.0137203    0.178828
0.0285934     -0.00976229   0.0000587542  0.00427054      -0.00976229   0.0334729     0.00779052    -0.0139465      0.0000587542  0.00779052    0.0283207     -0.00669027     0.00427054    -0.0139465    -0.00669027   0.0351244
0.0000217971  -0.0000587542 -0.0000627864 0.000109702     -0.0000587542 0.000204892   0.000196487   -0.000358793    -0.0000627864 0.000196487   0.00024618    -0.000381215    0.000109702   -0.000358793  -0.000381215  0.000677468
0.00847064    -0.00427054   0.000109702   0.00241558      -0.00427054   0.0111553     0.00320161    -0.00665947     0.000109702   0.00320161    0.00806886    -0.0035061      0.00241558    -0.00665947   -0.0035061    0.012245

0.0285934     -0.00976229   0.0000587542  0.00427054      -0.00976229   0.0334729     0.00779062    -0.0139465      0.0000587542  0.00779052    0.0283207     -0.00669027     0.00427054    -0.0139465    -0.00669027   0.0351244
0.176426      -0.0334729    0.000204892   0.0111536       -0.0334729    0.189161      0.0268021     -0.0446106      0.000204892   0.0268021     0.175667      -0.0174399      0.0111536     -0.0446106    -0.0174399    0.192446
-0.0232789    0.00779065    -0.000196487  -0.00320161     0.00779057    -0.0268021    -0.00586318   0.0105326       -0.000196487  -0.00586318   -0.0225512    0.00453055      -0.00320161   0.0105326     0.00453055    -0.0271008
0.0372924     -0.0139465    0.000358793   0.00665947      -0.0139465    0.0446106     0.0105326     -0.020251       0.000358793   0.0105326     0.0360733     -0.00965427     0.00665947    -0.020251     -0.00965427   0.046822

0.0000217971  -0.0000587542 -0.0000627864 0.000109702     -0.0000587542 0.000204892   0.000196487   -0.000358793    -0.0000627864 0.000196487   0.00024618    -0.000381215    0.000109702   -0.000358793  -0.000381215  0.000677468
-0.0232789    0.00779065    -0.000196487  -0.00320161     0.00779065    -0.0268021    -0.00586318   0.0105326       -0.000196487  -0.00586318   -0.0225512    0.00453055      -0.00320161   0.0105326     0.00453055    -0.0271008
0.166567      -0.0283207    0.000247462   0.00806886      -0.0283207    0.175667      0.0225512     -0.0360733      0.000247462   0.0225512     0.165792      -0.0124615      0.00806886    -0.0360733    -0.0124615    0.176723
-0.0137203    0.00669027    -0.000381215  -0.00350605     0.00669027    -0.0174399    -0.00453055   0.00965427      -0.000381215  -0.00453055   -0.0124615    0.00456597      -0.00350605   0.00965427    0.00456597    -0.0179654

0.00847064    -0.00427054   0.000109702   0.00241558      -0.00427054   0.0111553     0.00320161    -0.00665947     0.000109702   0.00320161    0.00806886    -0.0035061      0.00241558    -0.00665947   -0.0035061    0.012245
0.0372924     -0.0139465    0.000358793   0.00665947      -0.0139465    0.0446106     0.0105326     -0.020251       0.000358793   0.0105326     0.0360733     -0.00965427     0.00665947    -0.020251     -0.00965427   0.046822
-0.0137203    0.00669027    -0.000381215  -0.00350605     0.00669027    -0.0174399    -0.00453055   0.00965427      -0.000381215  -0.00453055   -0.0124615    0.00456597      -0.00350605   0.00965427    0.00456597    -0.0179654
0.178828      -0.0351244    0.000677468   0.012245        -0.0351244    0.192446      0.0271008     -0.046822       0.000677468   0.0271008     0.176723      -0.0179654      0.012245      -0.046822     -0.0179654    0.195148


    Hamiltonian Matrix BA:    < psi_{i1,B} <psi_{i2,A} | V_e-e | psi_{i3,B} <psi_{i4,A} >

HijkBA: {{{{0.3204089533, 0.0878110859, 0.01336464811, 0.03301910572}, {0.0878110859, 0.02754508073, 0.01946442672, 0.006456228018}, {0.01335192495, 0.01946442672, -0.00339377411, 0.01652631244}, {0.03301910572, 0.006456228018, 0.01652631244, 0.0008400372307}}, {{0.0878110859, 0.3477130698, -0.05204598971, 0.1072547048}, {0.02754508073, 0.07941163972, -0.0004404001847, 0.01892287533}, {0.01946442672, 0.03498984768, -0.01298942745, 0.03537904844}, {0.006456228018, 0.02054197535, 0.007596228518, 0.001229653521}}, {{0.01336464811, -0.05204598971, 0.2952083613, -0.03757937307}, {0.01946442672, -0.0004404001847, 0.05865739001, 0.002310218646}, {-0.00339377411, -0.01298942745, 0.01355918246, -0.01756422871}, {0.01652631244, 0.007596228518, 0.01542114386, 0.003274157329}}, {{0.03301910572, 0.1072547048, -0.03757937307, 0.3373805274}, {0.006456228018, 0.01892287533, 0.002310218646, 0.05676013743}, {0.01652631244, 0.03537904844, -0.01756422871, 0.04247254797}, {0.0008400372307, 0.001229653521, 0.003274157329, 0.01089896477}}}, {{{0.0878110859, 0.02754508073, 0.01946442672, 0.006456228018}, {0.3477131095, 0.07941163972, 0.03498984768, 0.0205443299}, {-0.05204598971, -0.0004595464769, -0.01298942745, 0.007596228518}, {0.1072547048, 0.01892287533, 0.03537904844, 0.001229653521}}, {{0.02754508073, 0.07941163972, -0.0004404027515, 0.01892287533}, {0.07941163972, 0.341419936, -0.03293999358, 0.08024552368}, {-0.0004595111157, -0.03293999358, -0.002440175151, 0.007537104551}, {0.01892287533, 0.08024552368, 0.007537104551, 0.008139117006}}, {{0.01946442672, -0.0004404001847, 0.05865739001, 0.002310218646}, {0.03498984768, -0.03293999358, 0.3017431714, -0.01948802576}, {-0.01298942745, -0.002440175151, -0.03843626384, -0.005757823026}, {0.03537904844, 0.007537104551, 0.07015089105, 0.004769927993}}, {{0.006456228018, 0.01892287533, 0.002310218646, 0.05676013743}, {0.02054026582, 0.08024552368, -0.01948802576, 0.3156408569}, {0.007596228518, 0.007537104551, -0.005757823026, -0.02501306695}, {0.001229653521, 0.008139117006, 0.004769927993, 0.05608684485}}}, {{{0.01335192495, 0.01946442672, -0.00339377411, 0.01652631244}, {-0.05204598971, -0.0004595464769, -0.01298942745, 0.007596228518}, {0.2951777893, 0.05865727196, 0.01355304348, 0.01542114386}, {-0.03757937307, 0.002310218646, -0.01756422871, 0.003275299492}}, {{0.01946442672, 0.03498984768, -0.01298942745, 0.03537904844}, {-0.0004595464769, -0.03293999358, -0.002440175151, 0.007537104551}, {0.05865727196, 0.3017431714, -0.03843626384, 0.07015089105}, {0.002310218646, -0.01948802576, -0.005757823026, 0.004769927993}}, {{-0.00339377411, -0.01298942745, 0.01355918246, -0.01756422871}, {-0.01298942745, -0.002440175151, -0.03843626384, -0.005757823026}, {0.01355304348, -0.03843626384, 0.273661753, -0.02086731547}, {-0.01756422871, -0.005757823026, -0.02086731547, -0.001446047363}}, {{0.01652631244, 0.03537904844, -0.01756422871, 0.04247254797}, {0.007596228518, 0.007537104551, -0.005757823026, -0.02501306695}, {0.01542114386, 0.07015089105, -0.02086731547, 0.2953667824}, {0.003275299136, 0.004769927993, -0.001446047363, -0.01323036121}}}, {{{0.03301910572, 0.006456228018, 0.01652631244, 0.0008400372307}, {0.1072547048, 0.01892287533, 0.03537904844, 0.001229653521}, {-0.03757937307, 0.002310218646, -0.01756422871, 0.003275299492}, {0.3373805274, 0.05676035274, 0.04247254797, 0.01089896477}}, {{0.006456228018, 0.02054197535, 0.007596228518, 0.001229653521}, {0.01892287533, 0.08024552368, 0.007537104551, 0.008139117006}, {0.002310218646, -0.01948802576, -0.005757823026, 0.004769927993}, {0.05676035274, 0.3156401187, -0.02501306695, 0.05608684485}}, {{0.01652631244, 0.007596228518, 0.01542114386, 0.003274157685}, {0.03537904844, 0.007537104551, 0.07015089105, 0.004769927993}, {-0.01756422871, -0.005757823026, -0.02086731547, -0.001446047363}, {0.04247254797, -0.02501306695, 0.2953667824, -0.01323036121}}, {{0.0008400372307, 0.001229653521, 0.003274157685, 0.01089896477}, {0.001229653521, 0.008139117006, 0.004769927993, 0.05608684485}, {0.003275299136, 0.004769927993, -0.001446047363, -0.01323036121}, {0.01089896477, 0.05608684485, -0.01323036121, 0.289690825}}}}
0.320409     0.0878111    0.0133646    0.0330191      0.0878111    0.347713     -0.052046    0.107255       0.0133646    -0.052046    0.295208     -0.0375794     0.0330191    0.107255     -0.0375794   0.337381
0.0878111    0.0275451    0.0194644    0.00645623     0.0275451    0.0794116    -0.0004404   0.0189229      0.0194644    -0.0004404   0.0586574    0.00231022     0.00645623   0.0189229    0.00231022   0.0567601
0.0133519    0.0194644    -0.00339377  0.0165263      0.0194644    0.0349898    -0.0129894   0.035379       -0.00339377  -0.0129894   0.0135592    -0.0175642     0.0165263    0.035379     -0.0175642   0.0424725
0.0330191    0.00645623   0.0165263    0.000840037    0.00645623   0.020542     0.00759623   0.00122965     0.0165263    0.00759623   0.0154211    0.00327416     0.000840037  0.00122965   0.00327416   0.010899

0.0878111    0.0275451    0.0194644    0.00645623     0.0275451    0.0794116    -0.000440403 0.0189229      0.0194644    -0.0004404   0.0586574    0.00231022     0.00645623   0.0189229    0.00231022   0.0567601
0.347713     0.0794116    0.0349898    0.0205443      0.0794116    0.34142      -0.03294     0.0802455      0.0349898    -0.03294     0.301743     -0.019488      0.0205403    0.0802455    -0.019488    0.315641
-0.052046    -0.000459546 -0.0129894   0.00759623     -0.000459511 -0.03294     -0.00244018  0.0075371      -0.0129894   -0.00244018  -0.0384363   -0.00575782    0.00759623   0.0075371    -0.00575782  -0.0250131
0.107255     0.0189229    0.035379     0.00122965     0.0189229    0.0802455    0.0075371    0.00813912     0.035379     0.0075371    0.0701509    0.00476993     0.00122965   0.00813912   0.00476993   0.0560868

0.0133519    0.0194644    -0.00339377  0.0165263      0.0194644    0.0349898    -0.0129894   0.035379       -0.00339377  -0.0129894   0.0135592    -0.0175642     0.0165263    0.035379     -0.0175642   0.0424725
-0.052046    -0.000459546 -0.0129894   0.00759623     -0.000459546 -0.03294     -0.00244018  0.0075371      -0.0129894   -0.00244018  -0.0384363   -0.00575782    0.00759623   0.0075371    -0.00575782  -0.0250131
0.295178     0.0586573    0.013553     0.0154211      0.0586573    0.301743     -0.0384363   0.0701509      0.013553     -0.0384363   0.273662     -0.0208673     0.0154211    0.0701509    -0.0208673   0.295367
-0.0375794   0.00231022   -0.0175642   0.0032753      0.00231022   -0.019488    -0.00575782  0.00476993     -0.0175642   -0.00575782  -0.0208673   -0.00144605    0.0032753    0.00476993   -0.00144605  -0.0132304

0.0330191    0.00645623   0.0165263    0.000840037    0.00645623   0.020542     0.00759623   0.00122965     0.0165263    0.00759623   0.0154211    0.00327416     0.000840037  0.00122965   0.00327416   0.010899
0.107255     0.0189229    0.035379     0.00122965     0.0189229    0.0802455    0.0075371    0.00813912     0.035379     0.0075371    0.0701509    0.00476993     0.00122965   0.00813912   0.00476993   0.0560868
-0.0375794   0.00231022   -0.0175642   0.0032753      0.00231022   -0.019488    -0.00575782  0.00476993     -0.0175642   -0.00575782  -0.0208673   -0.00144605    0.0032753    0.00476993   -0.00144605  -0.0132304
0.337381     0.0567604    0.0424725    0.010899       0.0567604    0.31564      -0.0250131   0.0560868      0.0424725    -0.0250131   0.295367     -0.0132304     0.010899     0.0560868    -0.0132304   0.289691


    Hamiltonian Matrix BC:    < psi_{i1,B} <psi_{i2,C} | V_e-e | psi_{i3,B} <psi_{i4,C} >

HijkBC: {{{{0.3204089533, -0.0878110859, 0.01336464811, 0.03301910572}, {-0.0878110859, 0.02754508073, -0.01946442672, -0.006456228018}, {0.01335192495, -0.01946442672, -0.00339377411, 0.01652631244}, {0.03301910572, -0.006456228018, 0.01652631244, 0.0008400372307}}, {{-0.0878110859, 0.3477130698, 0.05204598971, -0.1072547048}, {0.02754508073, -0.07941163972, -0.0004404001847, 0.01892287533}, {-0.01946442672, 0.03498984768, 0.01298942745, -0.03537904844}, {-0.006456228018, 0.02054133303, -0.007596228518, -0.001229653521}}, {{0.01336464811, 0.05204598971, 0.2952083613, -0.03757937307}, {-0.01946442672, -0.0004404001847, -0.05865739001, -0.002310218646}, {-0.00339377411, 0.01298942745, 0.01355918246, -0.01756422871}, {0.01652631244, -0.007596228518, 0.01542114386, 0.003273661437}}, {{0.03301910572, -0.1072547048, -0.03757937307, 0.3373805274}, {-0.006456228018, 0.01892287533, -0.002310218646, -0.05676013743}, {0.01652631244, -0.03537904844, -0.01756422871, 0.04247254797}, {0.0008400372307, -0.001229653521, 0.003273661437, 0.01089896477}}}, {{{-0.0878110859, 0.02754508073, -0.01946442672, -0.006456228018}, {0.3477131095, -0.07941163972, 0.03498984768, 0.02054244595}, {0.05204598971, -0.0004595464769, 0.01298942745, -0.007596228518}, {-0.1072547048, 0.01892287533, -0.03537904844, -0.001229653521}}, {{0.02754508073, -0.07941163972, -0.0004404027515, 0.01892287533}, {-0.07941163972, 0.341419936, 0.03293999358, -0.08024552368}, {-0.0004595111157, 0.03293999358, -0.002440175151, 0.007537104551}, {0.01892287533, -0.08024552368, 0.007537104551, 0.008139117006}}, {{-0.01946442672, -0.0004404001847, -0.05865739001, -0.002310218646}, {0.03498984768, 0.03293999358, 0.3017431714, -0.01948802576}, {0.01298942745, -0.002440175151, 0.03843626384, 0.005757823026}, {-0.03537904844, 0.007537104551, -0.07015089105, -0.004769927993}}, {{-0.006456228018, 0.01892287533, -0.002310218646, -0.05676013743}, {0.02054244595, -0.08024552368, -0.01948802576, 0.3156408569}, {-0.007596228518, 0.007537104551, 0.005757823026, 0.02501306695}, {-0.001229653521, 0.008139117006, -0.004769927993, -0.05608684485}}}, {{{0.01335192495, -0.01946442672, -0.00339377411, 0.01652631244}, {0.05204598971, -0.0004595464769, 0.01298942745, -0.007596228518}, {0.2951777893, -0.05865727196, 0.01355304348, 0.01542114386}, {-0.03757937307, -0.002310218646, -0.01756422871, 0.003275972944}}, {{-0.01946442672, 0.03498984768, 0.01298942745, -0.03537904844}, {-0.0004595464769, 0.03293999358, -0.002440175151, 0.007537104551}, {-0.05865727196, 0.3017431714, 0.03843626384, -0.07015089105}, {-0.002310218646, -0.01948802576, 0.005757823026, -0.004769927993}}, {{-0.00339377411, 0.01298942745, 0.01355918246, -0.01756422871}, {0.01298942745, -0.002440175151, 0.03843626384, 0.005757823026}, {0.01355304348, 0.03843626384, 0.273661753, -0.02086731547}, {-0.01756422871, 0.005757823026, -0.02086731547, -0.001446047363}}, {{0.01652631244, -0.03537904844, -0.01756422871, 0.04247254797}, {-0.007596228518, 0.007537104551, 0.005757823026, 0.02501306695}, {0.01542114386, -0.07015089105, -0.02086731547, 0.2953667824}, {0.0032753013, -0.004769927993, -0.001446047363, -0.01323036121}}}, {{{0.03301910572, -0.006456228018, 0.01652631244, 0.0008400372307}, {-0.1072547048, 0.01892287533, -0.03537904844, -0.001229653521}, {-0.03757937307, -0.002310218646, -0.01756422871, 0.003275972944}, {0.3373805274, -0.05676035274, 0.04247254797, 0.01089896477}}, {{-0.006456228018, 0.02054112624, -0.007596228518, -0.001229653521}, {0.01892287533, -0.08024552368, 0.007537104551, 0.008139117006}, {-0.002310218646, -0.01948802576, 0.005757823026, -0.004769927993}, {-0.05676035274, 0.3156401187, 0.02501306695, -0.05608684485}}, {{0.01652631244, -0.007596228518, 0.01542114386, 0.003274704806}, {-0.03537904844, 0.007537104551, -0.07015089105, -0.004769927993}, {-0.01756422871, 0.005757823026, -0.02086731547, -0.001446047363}, {0.04247254797, 0.02501306695, 0.2953667824, -0.01323036121}}, {{0.0008400372307, -0.001229653521, 0.003274704806, 0.01089896477}, {-0.001229653521, 0.008139117006, -0.004769927993, -0.05608684485}, {0.0032753013, -0.004769927993, -0.001446047363, -0.01323036121}, {0.01089896477, -0.05608684485, -0.01323036121, 0.289690825}}}}
0.320409     -0.0878111   0.0133646    0.0330191      -0.0878111   0.347713     0.052046     -0.107255      0.0133646    0.052046     0.295208     -0.0375794     0.0330191    -0.107255    -0.0375794   0.337381
-0.0878111   0.0275451    -0.0194644   -0.00645623    0.0275451    -0.0794116   -0.0004404   0.0189229      -0.0194644   -0.0004404   -0.0586574   -0.00231022    -0.00645623  0.0189229    -0.00231022  -0.0567601
0.0133519    -0.0194644   -0.00339377  0.0165263      -0.0194644   0.0349898    0.0129894    -0.035379      -0.00339377  0.0129894    0.0135592    -0.0175642     0.0165263    -0.035379    -0.0175642   0.0424725
0.0330191    -0.00645623  0.0165263    0.000840037    -0.00645623  0.0205413    -0.00759623  -0.00122965    0.0165263    -0.00759623  0.0154211    0.00327366     0.000840037  -0.00122965  0.00327366   0.010899

-0.0878111   0.0275451    -0.0194644   -0.00645623    0.0275451    -0.0794116   -0.000440403 0.0189229      -0.0194644   -0.0004404   -0.0586574   -0.00231022    -0.00645623  0.0189229    -0.00231022  -0.0567601
0.347713     -0.0794116   0.0349898    0.0205424      -0.0794116   0.34142      0.03294      -0.0802455     0.0349898    0.03294      0.301743     -0.019488      0.0205424    -0.0802455   -0.019488    0.315641
0.052046     -0.000459546 0.0129894    -0.00759623    -0.000459511 0.03294      -0.00244018  0.0075371      0.0129894    -0.00244018  0.0384363    0.00575782     -0.00759623  0.0075371    0.00575782   0.0250131
-0.107255    0.0189229    -0.035379    -0.00122965    0.0189229    -0.0802455   0.0075371    0.00813912     -0.035379    0.0075371    -0.0701509   -0.00476993    -0.00122965  0.00813912   -0.00476993  -0.0560868

0.0133519    -0.0194644   -0.00339377  0.0165263      -0.0194644   0.0349898    0.0129894    -0.035379      -0.00339377  0.0129894    0.0135592    -0.0175642     0.0165263    -0.035379    -0.0175642   0.0424725
0.052046     -0.000459546 0.0129894    -0.00759623    -0.000459546 0.03294      -0.00244018  0.0075371      0.0129894    -0.00244018  0.0384363    0.00575782     -0.00759623  0.0075371    0.00575782   0.0250131
0.295178     -0.0586573   0.013553     0.0154211      -0.0586573   0.301743     0.0384363    -0.0701509     0.013553     0.0384363    0.273662     -0.0208673     0.0154211    -0.0701509   -0.0208673   0.295367
-0.0375794   -0.00231022  -0.0175642   0.00327597     -0.00231022  -0.019488    0.00575782   -0.00476993    -0.0175642   0.00575782   -0.0208673   -0.00144605    0.0032753    -0.00476993  -0.00144605  -0.0132304

0.0330191    -0.00645623  0.0165263    0.000840037    -0.00645623  0.0205411    -0.00759623  -0.00122965    0.0165263    -0.00759623  0.0154211    0.0032747      0.000840037  -0.00122965  0.0032747    0.010899
-0.107255    0.0189229    -0.035379    -0.00122965    0.0189229    -0.0802455   0.0075371    0.00813912     -0.035379    0.0075371    -0.0701509   -0.00476993    -0.00122965  0.00813912   -0.00476993  -0.0560868
-0.0375794   -0.00231022  -0.0175642   0.00327597     -0.00231022  -0.019488    0.00575782   -0.00476993    -0.0175642   0.00575782   -0.0208673   -0.00144605    0.0032753    -0.00476993  -0.00144605  -0.0132304
0.337381     -0.0567604   0.0424725    0.010899       -0.0567604   0.31564      0.0250131    -0.0560868     0.0424725    0.0250131    0.295367     -0.0132304     0.010899     -0.0560868   -0.0132304   0.289691


    Hamiltonian Matrix CA:    < psi_{i1,C} <psi_{i2,A} | V_e-e | psi_{i3,C} <psi_{i4,A} >

HijkCA: {{{{0.1666608876, -0.02859340621, 0.00002184687208, 0.008470636048}, {0.02859340621, -0.009762292982, 0.00005875422326, 0.004270535321}, {0.00002179706899, -0.00005875422326, -0.00006278642139, 0.0001097023573}, {0.008470636048, -0.004270535321, 0.0001097023573, 0.002415579807}}, {{-0.02859340621, 0.176426273, 0.02327891677, -0.0372924049}, {-0.009762292982, 0.03347288606, 0.007790521939, -0.0139465257}, {-0.00005875422326, 0.0002048919018, 0.0001964871425, -0.0003587928971}, {-0.004270535321, 0.01115533474, 0.003201608224, -0.006659470174}}, {{0.00002184687208, 0.02327891677, 0.1665670758, -0.01372027656}, {0.00005875422326, 0.007790521939, 0.02832072387, -0.006690270175}, {-0.00006278642139, 0.0001964871425, 0.0002461799855, -0.0003812145838}, {0.0001097023573, 0.003201608224, 0.008068858683, -0.003506101315}}, {{0.008470636048, -0.0372924049, -0.01372027656, 0.1788283003}, {0.004270535321, -0.0139465257, -0.006690270175, 0.03512438102}, {0.0001097023573, -0.0003587928971, -0.0003812145838, 0.0006774679926}, {0.002415579807, -0.006659470174, -0.003506101315, 0.01224498384}}}, {{{0.02859340621, -0.009762292982, 0.00005875422326, 0.004270535321}, {0.176426273, -0.03347288606, 0.0002048919018, 0.01115356454}, {-0.02327891677, 0.007790648375, -0.0001964871425, -0.003201608224}, {0.0372924049, -0.0139465257, 0.0003587928971, 0.006659470174}}, {{-0.009762292982, 0.03347288606, 0.007790616212, -0.0139465257}, {-0.03347288606, 0.1891610998, 0.02680212598, -0.04461061886}, {0.007790565181, -0.02680212598, -0.005863180261, 0.01053260877}, {-0.0139465257, 0.04461061886, 0.01053260877, -0.02025097507}}, {{0.00005875422326, 0.007790521939, 0.02832072387, -0.006690270175}, {0.0002048919018, 0.02680212598, 0.1756668033, -0.01743994773}, {-0.0001964871425, -0.005863180261, -0.02255119821, 0.004530552132}, {0.0003587928971, 0.01053260877, 0.03607327264, -0.009654269324}}, {{0.004270535321, -0.0139465257, -0.006690270175, 0.03512438102}, {0.01115355955, -0.04461061886, -0.01743994773, 0.1924462078}, {-0.003201608224, 0.01053260877, 0.004530552132, -0.02710081802}, {0.006659470174, -0.02025097507, -0.009654269324, 0.04682200364}}}, {{{0.00002179706899, -0.00005875422326, -0.00006278642139, 0.0001097023573}, {-0.02327891677, 0.007790648375, -0.0001964871425, -0.003201608224}, {0.1665665826, -0.02832072387, 0.0002474622394, 0.008068858683}, {-0.01372027656, 0.006690270175, -0.0003812145838, -0.003506052523}}, {{-0.00005875422326, 0.0002048919018, 0.0001964871425, -0.0003587928971}, {0.007790648375, -0.02680212598, -0.005863180261, 0.01053260877}, {-0.02832072387, 0.1756668033, 0.02255119821, -0.03607327264}, {0.006690270175, -0.01743994773, -0.004530552132, 0.009654269324}}, {{-0.00006278642139, 0.0001964871425, 0.0002461799855, -0.0003812145838}, {-0.0001964871425, -0.005863180261, -0.02255119821, 0.004530552132}, {0.0002474622394, 0.02255119821, 0.1657922501, -0.01246150007}, {-0.0003812145838, -0.004530552132, -0.01246150007, 0.004565972142}}, {{0.0001097023573, -0.0003587928971, -0.0003812145838, 0.0006774679926}, {-0.003201608224, 0.01053260877, 0.004530552132, -0.02710081802}, {0.008068858683, -0.03607327264, -0.01246150007, 0.1767228595}, {-0.003506052523, 0.009654269324, 0.004565972142, -0.01796542976}}}, {{{0.008470636048, -0.004270535321, 0.0001097023573, 0.002415579807}, {0.0372924049, -0.0139465257, 0.0003587928971, 0.006659470174}, {-0.01372027656, 0.006690270175, -0.0003812145838, -0.003506052523}, {0.1788283003, -0.03512438102, 0.0006774679926, 0.01224498384}}, {{-0.004270535321, 0.01115528677, 0.003201608224, -0.006659470174}, {-0.0139465257, 0.04461061886, 0.01053260877, -0.02025097507}, {0.006690270175, -0.01743994773, -0.004530552132, 0.009654269324}, {-0.03512438102, 0.1924462078, 0.02710081802, -0.04682200364}}, {{0.0001097023573, 0.003201608224, 0.008068858683, -0.003506101293}, {0.0003587928971, 0.01053260877, 0.03607327264, -0.009654269324}, {-0.0003812145838, -0.004530552132, -0.01246150007, 0.004565972142}, {0.0006774679926, 0.02710081802, 0.1767228595, -0.01796542976}}, {{0.002415579807, -0.006659470174, -0.003506101293, 0.01224498384}, {0.006659470174, -0.02025097507, -0.009654269324, 0.04682200364}, {-0.003506052523, 0.009654269324, 0.004565972142, -0.01796542976}, {0.01224498384, -0.04682200364, -0.01796542976, 0.1951479559}}}}
0.166661      -0.0285934    0.0000218469  0.00847064      -0.0285934    0.176426      0.0232789     -0.0372924      0.0000218469  0.0232789     0.166567      -0.0137203      0.00847064    -0.0372924    -0.0137203    0.178828
0.0285934     -0.00976229   0.0000587542  0.00427054      -0.00976229   0.0334729     0.00779052    -0.0139465      0.0000587542  0.00779052    0.0283207     -0.00669027     0.00427054    -0.0139465    -0.00669027   0.0351244
0.0000217971  -0.0000587542 -0.0000627864 0.000109702     -0.0000587542 0.000204892   0.000196487   -0.000358793    -0.0000627864 0.000196487   0.00024618    -0.000381215    0.000109702   -0.000358793  -0.000381215  0.000677468
0.00847064    -0.00427054   0.000109702   0.00241558      -0.00427054   0.0111553     0.00320161    -0.00665947     0.000109702   0.00320161    0.00806886    -0.0035061      0.00241558    -0.00665947   -0.0035061    0.012245

0.0285934     -0.00976229   0.0000587542  0.00427054      -0.00976229   0.0334729     0.00779062    -0.0139465      0.0000587542  0.00779052    0.0283207     -0.00669027     0.00427054    -0.0139465    -0.00669027   0.0351244
0.176426      -0.0334729    0.000204892   0.0111536       -0.0334729    0.189161      0.0268021     -0.0446106      0.000204892   0.0268021     0.175667      -0.0174399      0.0111536     -0.0446106    -0.0174399    0.192446
-0.0232789    0.00779065    -0.000196487  -0.00320161     0.00779057    -0.0268021    -0.00586318   0.0105326       -0.000196487  -0.00586318   -0.0225512    0.00453055      -0.00320161   0.0105326     0.00453055    -0.0271008
0.0372924     -0.0139465    0.000358793   0.00665947      -0.0139465    0.0446106     0.0105326     -0.020251       0.000358793   0.0105326     0.0360733     -0.00965427     0.00665947    -0.020251     -0.00965427   0.046822

0.0000217971  -0.0000587542 -0.0000627864 0.000109702     -0.0000587542 0.000204892   0.000196487   -0.000358793    -0.0000627864 0.000196487   0.00024618    -0.000381215    0.000109702   -0.000358793  -0.000381215  0.000677468
-0.0232789    0.00779065    -0.000196487  -0.00320161     0.00779065    -0.0268021    -0.00586318   0.0105326       -0.000196487  -0.00586318   -0.0225512    0.00453055      -0.00320161   0.0105326     0.00453055    -0.0271008
0.166567      -0.0283207    0.000247462   0.00806886      -0.0283207    0.175667      0.0225512     -0.0360733      0.000247462   0.0225512     0.165792      -0.0124615      0.00806886    -0.0360733    -0.0124615    0.176723
-0.0137203    0.00669027    -0.000381215  -0.00350605     0.00669027    -0.0174399    -0.00453055   0.00965427      -0.000381215  -0.00453055   -0.0124615    0.00456597      -0.00350605   0.00965427    0.00456597    -0.0179654

0.00847064    -0.00427054   0.000109702   0.00241558      -0.00427054   0.0111553     0.00320161    -0.00665947     0.000109702   0.00320161    0.00806886    -0.0035061      0.00241558    -0.00665947   -0.0035061    0.012245
0.0372924     -0.0139465    0.000358793   0.00665947      -0.0139465    0.0446106     0.0105326     -0.020251       0.000358793   0.0105326     0.0360733     -0.00965427     0.00665947    -0.020251     -0.00965427   0.046822
-0.0137203    0.00669027    -0.000381215  -0.00350605     0.00669027    -0.0174399    -0.00453055   0.00965427      -0.000381215  -0.00453055   -0.0124615    0.00456597      -0.00350605   0.00965427    0.00456597    -0.0179654
0.178828      -0.0351244    0.000677468   0.012245        -0.0351244    0.192446      0.0271008     -0.046822       0.000677468   0.0271008     0.176723      -0.0179654      0.012245      -0.046822     -0.0179654    0.195148


    Hamiltonian Matrix CB:    < psi_{i1,C} <psi_{i2,B} | V_e-e | psi_{i3,C} <psi_{i4,B} >

HijkCB: {{{{0.3204089533, -0.0878110859, 0.01336464811, 0.03301910572}, {-0.0878110859, 0.02754508073, -0.01946442672, -0.006456228018}, {0.01335192495, -0.01946442672, -0.00339377411, 0.01652631244}, {0.03301910572, -0.006456228018, 0.01652631244, 0.0008400372307}}, {{-0.0878110859, 0.3477130698, 0.05204598971, -0.1072547048}, {0.02754508073, -0.07941163972, -0.0004404001847, 0.01892287533}, {-0.01946442672, 0.03498984768, 0.01298942745, -0.03537904844}, {-0.006456228018, 0.02054133303, -0.007596228518, -0.001229653521}}, {{0.01336464811, 0.05204598971, 0.2952083613, -0.03757937307}, {-0.01946442672, -0.0004404001847, -0.05865739001, -0.002310218646}, {-0.00339377411, 0.01298942745, 0.01355918246, -0.01756422871}, {0.01652631244, -0.007596228518, 0.01542114386, 0.003273661437}}, {{0.03301910572, -0.1072547048, -0.03757937307, 0.3373805274}, {-0.006456228018, 0.01892287533, -0.002310218646, -0.05676013743}, {0.01652631244, -0.03537904844, -0.01756422871, 0.04247254797}, {0.0008400372307, -0.001229653521, 0.003273661437, 0.01089896477}}}, {{{-0.0878110859, 0.02754508073, -0.01946442672, -0.006456228018}, {0.3477131095, -0.07941163972, 0.03498984768, 0.02054244595}, {0.05204598971, -0.0004595464769, 0.01298942745, -0.007596228518}, {-0.1072547048, 0.01892287533, -0.03537904844, -0.001229653521}}, {{0.02754508073, -0.07941163972, -0.0004404027515, 0.01892287533}, {-0.07941163972, 0.341419936, 0.03293999358, -0.08024552368}, {-0.0004595111157, 0.03293999358, -0.002440175151, 0.007537104551}, {0.01892287533, -0.08024552368, 0.007537104551, 0.008139117006}}, {{-0.01946442672, -0.0004404001847, -0.05865739001, -0.002310218646}, {0.03498984768, 0.03293999358, 0.3017431714, -0.01948802576}, {0.01298942745, -0.002440175151, 0.03843626384, 0.005757823026}, {-0.03537904844, 0.007537104551, -0.07015089105, -0.004769927993}}, {{-0.006456228018, 0.01892287533, -0.002310218646, -0.05676013743}, {0.02054244595, -0.08024552368, -0.01948802576, 0.3156408569}, {-0.007596228518, 0.007537104551, 0.005757823026, 0.02501306695}, {-0.001229653521, 0.008139117006, -0.004769927993, -0.05608684485}}}, {{{0.01335192495, -0.01946442672, -0.00339377411, 0.01652631244}, {0.05204598971, -0.0004595464769, 0.01298942745, -0.007596228518}, {0.2951777893, -0.05865727196, 0.01355304348, 0.01542114386}, {-0.03757937307, -0.002310218646, -0.01756422871, 0.003275972944}}, {{-0.01946442672, 0.03498984768, 0.01298942745, -0.03537904844}, {-0.0004595464769, 0.03293999358, -0.002440175151, 0.007537104551}, {-0.05865727196, 0.3017431714, 0.03843626384, -0.07015089105}, {-0.002310218646, -0.01948802576, 0.005757823026, -0.004769927993}}, {{-0.00339377411, 0.01298942745, 0.01355918246, -0.01756422871}, {0.01298942745, -0.002440175151, 0.03843626384, 0.005757823026}, {0.01355304348, 0.03843626384, 0.273661753, -0.02086731547}, {-0.01756422871, 0.005757823026, -0.02086731547, -0.001446047363}}, {{0.01652631244, -0.03537904844, -0.01756422871, 0.04247254797}, {-0.007596228518, 0.007537104551, 0.005757823026, 0.02501306695}, {0.01542114386, -0.07015089105, -0.02086731547, 0.2953667824}, {0.0032753013, -0.004769927993, -0.001446047363, -0.01323036121}}}, {{{0.03301910572, -0.006456228018, 0.01652631244, 0.0008400372307}, {-0.1072547048, 0.01892287533, -0.03537904844, -0.001229653521}, {-0.03757937307, -0.002310218646, -0.01756422871, 0.003275972944}, {0.3373805274, -0.05676035274, 0.04247254797, 0.01089896477}}, {{-0.006456228018, 0.02054112624, -0.007596228518, -0.001229653521}, {0.01892287533, -0.08024552368, 0.007537104551, 0.008139117006}, {-0.002310218646, -0.01948802576, 0.005757823026, -0.004769927993}, {-0.05676035274, 0.3156401187, 0.02501306695, -0.05608684485}}, {{0.01652631244, -0.007596228518, 0.01542114386, 0.003274704806}, {-0.03537904844, 0.007537104551, -0.07015089105, -0.004769927993}, {-0.01756422871, 0.005757823026, -0.02086731547, -0.001446047363}, {0.04247254797, 0.02501306695, 0.2953667824, -0.01323036121}}, {{0.0008400372307, -0.001229653521, 0.003274704806, 0.01089896477}, {-0.001229653521, 0.008139117006, -0.004769927993, -0.05608684485}, {0.0032753013, -0.004769927993, -0.001446047363, -0.01323036121}, {0.01089896477, -0.05608684485, -0.01323036121, 0.289690825}}}}
0.320409     -0.0878111   0.0133646    0.0330191      -0.0878111   0.347713     0.052046     -0.107255      0.0133646    0.052046     0.295208     -0.0375794     0.0330191    -0.107255    -0.0375794   0.337381
-0.0878111   0.0275451    -0.0194644   -0.00645623    0.0275451    -0.0794116   -0.0004404   0.0189229      -0.0194644   -0.0004404   -0.0586574   -0.00231022    -0.00645623  0.0189229    -0.00231022  -0.0567601
0.0133519    -0.0194644   -0.00339377  0.0165263      -0.0194644   0.0349898    0.0129894    -0.035379      -0.00339377  0.0129894    0.0135592    -0.0175642     0.0165263    -0.035379    -0.0175642   0.0424725
0.0330191    -0.00645623  0.0165263    0.000840037    -0.00645623  0.0205413    -0.00759623  -0.00122965    0.0165263    -0.00759623  0.0154211    0.00327366     0.000840037  -0.00122965  0.00327366   0.010899

-0.0878111   0.0275451    -0.0194644   -0.00645623    0.0275451    -0.0794116   -0.000440403 0.0189229      -0.0194644   -0.0004404   -0.0586574   -0.00231022    -0.00645623  0.0189229    -0.00231022  -0.0567601
0.347713     -0.0794116   0.0349898    0.0205424      -0.0794116   0.34142      0.03294      -0.0802455     0.0349898    0.03294      0.301743     -0.019488      0.0205424    -0.0802455   -0.019488    0.315641
0.052046     -0.000459546 0.0129894    -0.00759623    -0.000459511 0.03294      -0.00244018  0.0075371      0.0129894    -0.00244018  0.0384363    0.00575782     -0.00759623  0.0075371    0.00575782   0.0250131
-0.107255    0.0189229    -0.035379    -0.00122965    0.0189229    -0.0802455   0.0075371    0.00813912     -0.035379    0.0075371    -0.0701509   -0.00476993    -0.00122965  0.00813912   -0.00476993  -0.0560868

0.0133519    -0.0194644   -0.00339377  0.0165263      -0.0194644   0.0349898    0.0129894    -0.035379      -0.00339377  0.0129894    0.0135592    -0.0175642     0.0165263    -0.035379    -0.0175642   0.0424725
0.052046     -0.000459546 0.0129894    -0.00759623    -0.000459546 0.03294      -0.00244018  0.0075371      0.0129894    -0.00244018  0.0384363    0.00575782     -0.00759623  0.0075371    0.00575782   0.0250131
0.295178     -0.0586573   0.013553     0.0154211      -0.0586573   0.301743     0.0384363    -0.0701509     0.013553     0.0384363    0.273662     -0.0208673     0.0154211    -0.0701509   -0.0208673   0.295367
-0.0375794   -0.00231022  -0.0175642   0.00327597     -0.00231022  -0.019488    0.00575782   -0.00476993    -0.0175642   0.00575782   -0.0208673   -0.00144605    0.0032753    -0.00476993  -0.00144605  -0.0132304

0.0330191    -0.00645623  0.0165263    0.000840037    -0.00645623  0.0205411    -0.00759623  -0.00122965    0.0165263    -0.00759623  0.0154211    0.0032747      0.000840037  -0.00122965  0.0032747    0.010899
-0.107255    0.0189229    -0.035379    -0.00122965    0.0189229    -0.0802455   0.0075371    0.00813912     -0.035379    0.0075371    -0.0701509   -0.00476993    -0.00122965  0.00813912   -0.00476993  -0.0560868
-0.0375794   -0.00231022  -0.0175642   0.00327597     -0.00231022  -0.019488    0.00575782   -0.00476993    -0.0175642   0.00575782   -0.0208673   -0.00144605    0.0032753    -0.00476993  -0.00144605  -0.0132304
0.337381     -0.0567604   0.0424725    0.010899       -0.0567604   0.31564      0.0250131    -0.0560868     0.0424725    0.0250131    0.295367     -0.0132304     0.010899     -0.0560868   -0.0132304   0.289691


Energy:  {2.767060906}


Coefficients: {{0.9896376822, 0.1342212186, -0.01739451553, 0.04795157253}, {0.9928126392, -0.0833577596, -0.04341742991, 0.07409098549}, {0.9928126392, -0.0833577596, -0.04341742991, 0.07409098549}, {0.9896376822, 0.1342212186, -0.01739451553, 0.04795157253}}


r2: {3.321587163, 3.452929276, 3.452929276, 3.321587163}
r2f: {3.18284615}


r3: {7.435795178, 7.877533799, 7.877533799, 7.435795178}
r3f: {6.975440461}


alpha: {4.796984289, 5.081958953, 5.081958953, 4.796984289}
alphaf: {4.5}




~~~XDM (a1=0.65, a2=3.17474)~~~

M1^2: {3.237230725, 3.229673773, 3.229673773, 3.237230725}
M1f^2: {3.18284615}

M2^2: {17.38143667, 17.45630594, 17.45630594, 17.38143667}
M2f^2: {16.88418269}

M3^2: {131.8288767, 132.8810493, 132.8810493, 131.8288767}
M3f^2: {125.3927637}

C6XDM: {{7.764472463, 7.97884775, 7.97884775, 7.764472463}, {7.97884775, 8.206534773, 8.206534773, 7.97884775}, {7.97884775, 8.206534773, 8.206534773, 7.97884775}, {7.764472463, 7.97884775, 7.97884775, 7.764472463}}
C6XDMf: {7.161403837}

C8XDM: {{125.0677179, 128.948613, 128.948613, 125.0677179}, {128.948613, 133.0683454, 133.0683454, 128.948613}, {128.948613, 133.0683454, 133.0683454, 128.948613}, {125.0677179, 128.948613, 128.948613, 125.0677179}}
C8XDMf: {113.9682331}

C10XDM: {{2204.8864, 2278.913622, 2278.913622, 2204.8864}, {2278.913622, 2357.515585, 2357.515585, 2278.913622}, {2278.913622, 2357.515585, 2357.515585, 2278.913622}, {2204.8864, 2278.913622, 2278.913622, 2204.8864}}
C10XDMf: {1974.936028}

EXDMC6: {-0.03350366429}
EXDMC8: {-0.05974561797}
EXDMC10: {-0.1171875579}

EXDMBJC6: {-0.0007907360679}
EXDMBJC8: {-0.0003716754098}
EXDMBJC10: {-0.0001906176326}

EXDM: {-0.2104368401}
EXDMBJ: {-0.00135302911}




~~~TS (dTS=20, sR=0.62)~~~

C6TS: {{8.137850913, 8.621296591, 8.621296591, 8.137850913}, {8.621296591, 9.133462349, 9.133462349, 8.621296591}, {8.621296591, 9.133462349, 9.133462349, 8.621296591}, {8.137850913, 8.621296591, 8.621296591, 8.137850913}}
C6TSf: {7.161403837}

ETS: {-0.03656595442}
ETSWY: {-0.0006483880456}




~~~MBD~~~

 alpha: {5.477529053, 6.016818303, 6.016818303, 5.477529053}
  C6ii: {9.780576299, 11.60463791, 11.60463791, 9.780576299}
 omega: {0.4346441138, 0.4274019872, 0.4274019872, 0.4346441138}
lambda: {0.2636899568, 0.2489633321, 0.2489633321, 0.2274357322, 0.2043007059, 0.2043007059, 0.1646675329, 0.1612255419, 0.1612255419, 0.1286863486, 0.1286863486, 0.08738270668}
Energy: {-0.02901795863}

~~~MBD@rsSCS (drsSCS=6, sR=0.62)~~~

 alpha: {5.064699117, 5.457268563, 5.457268563, 5.064699117}
  C6ii: {8.806330632, 10.16360093, 10.16360093, 8.806330632}
 omega: {0.4577479665, 0.4550254493, 0.4550254493, 0.4577479665}
lambda: {0.2254483701, 0.2254483701, 0.2252744786, 0.2248037594, 0.2099138034, 0.208903649, 0.208903649, 0.2002010914, 0.2002010914, 0.1986096101, 0.1986096101, 0.1731706793}
Energy: {-0.0018181959}




~~~MBDFree1~~~

 alpha: {5.048115029, 5.233974022, 5.233974022, 5.048115029}
  C6ii: {8.374141315, 8.833228586, 8.833228586, 8.374141315}
 omega: {0.4381477009, 0.4299273565, 0.4299273565, 0.4381477009}
lambda: {0.2641710254, 0.2459135336, 0.2459135336, 0.2287963967, 0.2061307571, 0.2061307571, 0.1672772277, 0.1657201809, 0.1657201809, 0.1358574077, 0.1358574077, 0.09337722949}
Energy: {-0.0251990702}

~~~MBDFree1@rsSCS (drsSCS=6, sR=0.62)~~~

 alpha: {4.725146934, 4.810544731, 4.810544731, 4.725146934}
  C6ii: {7.67479403, 7.891108628, 7.891108628, 7.67479403}
 omega: {0.4583263535, 0.4546615665, 0.4546615665, 0.4583263535}
lambda: {0.2240517118, 0.2237956962, 0.2237956962, 0.2227103879, 0.210191914, 0.2093886501, 0.2093886501, 0.201045548, 0.201045548, 0.1993304785, 0.1993304785, 0.176606359}
Energy: {-0.001469998227}




~~~MBDFree2~~~

 alpha: {5.048115029, 5.233974022, 5.233974022, 5.048115029}
  C6ii: {9.572336411, 11.21723752, 11.21723752, 9.572336411}
 omega: {0.5008390751, 0.5459608823, 0.5459608823, 0.5008390751}
lambda: {0.4079792144, 0.3767167725, 0.3767167725, 0.3216679258, 0.2889395228, 0.2889395228, 0.2282297189, 0.2279455409, 0.2279455409, 0.2042242921, 0.2042242921, 0.1399492691}
Energy: {-0.03088702813}

~~~MBDFree2@rsSCS (drsSCS=6, sR=0.62)~~~

 alpha: {4.725146934, 4.810544731, 4.810544731, 4.725146934}
  C6ii: {8.744634968, 10.04670683, 10.04670683, 8.744634968}
 omega: {0.5222155334, 0.5788605479, 0.5788605479, 0.5222155334}
lambda: {0.3574674234, 0.3495396671, 0.3495396671, 0.3308753775, 0.3244719381, 0.3244719381, 0.2755759648, 0.2708763256, 0.2708763256, 0.2706892636, 0.2706892636, 0.2516584287}
Energy: {-0.001792965817}




~~~MBD@XDM1~~~

 alpha: {5.30906483, 5.661737856, 5.661737856, 5.30906483}
  C6ii: {9.21927011, 10.2972793, 10.2972793, 9.21927011}
 omega: {0.4361131868, 0.4283134522, 0.4283134522, 0.4361131868}
lambda: {0.2638564226, 0.2474960315, 0.2474960315, 0.2279928842, 0.2050527926, 0.2050527926, 0.1656805994, 0.1630500935, 0.1630500935, 0.1316953324, 0.1316953324, 0.08976434382}
Energy: {-0.02736881571}

~~~MBD@XDM1@rsSCS (drsSCS=6, sR=0.62)~~~

 alpha: {4.935486535, 5.164118555, 5.164118555, 4.935486535}
  C6ii: {8.366607911, 9.095596253, 9.095596253, 8.366607911}
 omega: {0.4579607001, 0.4547550209, 0.4547550209, 0.4579607001}
lambda: {0.22470246, 0.2246485814, 0.2246485814, 0.2237667254, 0.2099929777, 0.2090701797, 0.2090701797, 0.2004963361, 0.2004963361, 0.1988451664, 0.1988451664, 0.1745981005}
Energy: {-0.001661868706}




~~~MBD@XDM2~~~

 alpha: {5.477529053, 6.016818303, 6.016818303, 5.477529053}
  C6ii: {9.297381, 10.45137518, 10.45137518, 9.297381}
 omega: {0.4131711468, 0.3849270054, 0.3849270054, 0.4131711468}
lambda: {0.2215173163, 0.2106695717, 0.2106695717, 0.199585024, 0.1809386048, 0.1809386048, 0.1436712732, 0.1396508151, 0.1396508151, 0.1064994003, 0.1064994003, 0.07298477835}
Energy: {-0.02659555768}

~~~MBD@XDM2@rsSCS (drsSCS=6, sR=0.62)~~~

 alpha: {5.064699117, 5.457268563, 5.457268563, 5.064699117}
  C6ii: {8.388671049, 9.140310684, 9.140310684, 8.388671049}
 omega: {0.4360382633, 0.4092126409, 0.4092126409, 0.4360382633}
lambda: {0.1981379628, 0.1964599549, 0.1964599549, 0.1943443907, 0.1890159766, 0.1890159766, 0.1781950433, 0.1686019383, 0.1686019383, 0.1610908351, 0.1610908351, 0.1444913081}
Energy: {-0.001670278016}




    ENERGY MATRIX: {Non-Interacting, Electron-Nuclear, Electron-Electron, Nuclear-Nuclear, Total Energy}
Oscillator 1 Energy: {0.7182481098, -0.6618368508, 0.3187617976, 0.3055554537, 0.6807285103}
Oscillator 2 Energy: {0.7175306395, -0.8431744144, 0.439636277, 0.4166665278, 0.7306590298}
Oscillator 3 Energy: {0.7175306395, -0.9071308229, 0.4257792923, 0.4166665278, 0.6528456367}
Oscillator 4 Energy: {0.7182481098, -0.6618368508, 0.3049048129, 0.3055554537, 0.6668715256}
Energy Totals: {2.871557499, -3.073978939, 1.48908218, 1.444443963, 2.731104702}


    COEFFICIENT MATRIX: {c1, c2, c5, c6, c11, c14}
Oscillator 1 Cs: {0.9896376822, 0.1342212186, -0.01739451553, 0.04795157253}
Oscillator 2 Cs: {0.9928126392, -0.0833577596, -0.04341742991, 0.07409098549}
Oscillator 3 Cs: {0.9928126392, -0.0833577596, -0.04341742991, 0.07409098549}
Oscillator 4 Cs: {0.9896376822, 0.1342212186, -0.01739451553, 0.04795157253}


    GENERAL RESULTS: {R, E, r2, r2f, r3, r3f, alpha, alphaf}
Oscillator 1 General Results: {3.000001, 2.767060906, 3.321587163, 3.18284615, 7.435795178, 6.975440461, 4.796984289, 4.5}
Oscillator 2 General Results: {3.000001, 2.767060906, 3.452929276, 3.18284615, 7.877533799, 6.975440461, 5.081958953, 4.5}
Oscillator 3 General Results: {3.000001, 2.767060906, 3.452929276, 3.18284615, 7.877533799, 6.975440461, 5.081958953, 4.5}
Oscillator 4 General Results: {3.000001, 2.767060906, 3.321587163, 3.18284615, 7.435795178, 6.975440461, 4.796984289, 4.5}


    XDM RESULTS: {M1^2, M1f^2, M2^2, M2f^2, M3^2, M3f^2, C6XDMii, C6XDMij, C6XDMf, C8XDMii, C8XDMij, C8XDMf, C10XDMii, C10XDMij, C10XDMf, EXDMC6, EXDMC8, EXDMC10, EXDMBJC6, EXDMBJC8, EXDMBJC10, EXDM, EXDMBJ}
Oscillator 1 XDM Results: {3.237230725, 3.18284615, 17.38143667, 16.88418269, 131.8288767, 125.3927637, 7.764472463, {{7.764472463, 7.97884775, 7.97884775, 7.764472463}, {7.97884775, 8.206534773, 8.206534773, 7.97884775}, {7.97884775, 8.206534773, 8.206534773, 7.97884775}, {7.764472463, 7.97884775, 7.97884775, 7.764472463}}, 7.161403837, 125.0677179, {{125.0677179, 128.948613, 128.948613, 125.0677179}, {128.948613, 133.0683454, 133.0683454, 128.948613}, {128.948613, 133.0683454, 133.0683454, 128.948613}, {125.0677179, 128.948613, 128.948613, 125.0677179}}, 113.9682331, 2204.8864, {{2204.8864, 2278.913622, 2278.913622, 2204.8864}, {2278.913622, 2357.515585, 2357.515585, 2278.913622}, {2278.913622, 2357.515585, 2357.515585, 2278.913622}, {2204.8864, 2278.913622, 2278.913622, 2204.8864}}, 1974.936028, -0.03350366429, -0.05974561797, -0.1171875579, -0.0007907360679, -0.0003716754098, -0.0001906176326, -0.2104368401, -0.00135302911}
Oscillator 2 XDM Results: {3.229673773, 3.18284615, 17.45630594, 16.88418269, 132.8810493, 125.3927637, 8.206534773, {{7.764472463, 7.97884775, 7.97884775, 7.764472463}, {7.97884775, 8.206534773, 8.206534773, 7.97884775}, {7.97884775, 8.206534773, 8.206534773, 7.97884775}, {7.764472463, 7.97884775, 7.97884775, 7.764472463}}, 7.161403837, 133.0683454, {{125.0677179, 128.948613, 128.948613, 125.0677179}, {128.948613, 133.0683454, 133.0683454, 128.948613}, {128.948613, 133.0683454, 133.0683454, 128.948613}, {125.0677179, 128.948613, 128.948613, 125.0677179}}, 113.9682331, 2357.515585, {{2204.8864, 2278.913622, 2278.913622, 2204.8864}, {2278.913622, 2357.515585, 2357.515585, 2278.913622}, {2278.913622, 2357.515585, 2357.515585, 2278.913622}, {2204.8864, 2278.913622, 2278.913622, 2204.8864}}, 1974.936028, -0.03350366429, -0.05974561797, -0.1171875579, -0.0007907360679, -0.0003716754098, -0.0001906176326, -0.2104368401, -0.00135302911}
Oscillator 3 XDM Results: {3.229673773, 3.18284615, 17.45630594, 16.88418269, 132.8810493, 125.3927637, 8.206534773, {{7.764472463, 7.97884775, 7.97884775, 7.764472463}, {7.97884775, 8.206534773, 8.206534773, 7.97884775}, {7.97884775, 8.206534773, 8.206534773, 7.97884775}, {7.764472463, 7.97884775, 7.97884775, 7.764472463}}, 7.161403837, 133.0683454, {{125.0677179, 128.948613, 128.948613, 125.0677179}, {128.948613, 133.0683454, 133.0683454, 128.948613}, {128.948613, 133.0683454, 133.0683454, 128.948613}, {125.0677179, 128.948613, 128.948613, 125.0677179}}, 113.9682331, 2357.515585, {{2204.8864, 2278.913622, 2278.913622, 2204.8864}, {2278.913622, 2357.515585, 2357.515585, 2278.913622}, {2278.913622, 2357.515585, 2357.515585, 2278.913622}, {2204.8864, 2278.913622, 2278.913622, 2204.8864}}, 1974.936028, -0.03350366429, -0.05974561797, -0.1171875579, -0.0007907360679, -0.0003716754098, -0.0001906176326, -0.2104368401, -0.00135302911}
Oscillator 4 XDM Results: {3.237230725, 3.18284615, 17.38143667, 16.88418269, 131.8288767, 125.3927637, 7.764472463, {{7.764472463, 7.97884775, 7.97884775, 7.764472463}, {7.97884775, 8.206534773, 8.206534773, 7.97884775}, {7.97884775, 8.206534773, 8.206534773, 7.97884775}, {7.764472463, 7.97884775, 7.97884775, 7.764472463}}, 7.161403837, 125.0677179, {{125.0677179, 128.948613, 128.948613, 125.0677179}, {128.948613, 133.0683454, 133.0683454, 128.948613}, {128.948613, 133.0683454, 133.0683454, 128.948613}, {125.0677179, 128.948613, 128.948613, 125.0677179}}, 113.9682331, 2204.8864, {{2204.8864, 2278.913622, 2278.913622, 2204.8864}, {2278.913622, 2357.515585, 2357.515585, 2278.913622}, {2278.913622, 2357.515585, 2357.515585, 2278.913622}, {2204.8864, 2278.913622, 2278.913622, 2204.8864}}, 1974.936028, -0.03350366429, -0.05974561797, -0.1171875579, -0.0007907360679, -0.0003716754098, -0.0001906176326, -0.2104368401, -0.00135302911}


    TS RESULTS: {C6TSii, C6TSij, C6TSf, ETS, ETSWY}
Oscillator 1 TS Results: {8.137850913, {{8.137850913, 8.621296591, 8.621296591, 8.137850913}, {8.621296591, 9.133462349, 9.133462349, 8.621296591}, {8.621296591, 9.133462349, 9.133462349, 8.621296591}, {8.137850913, 8.621296591, 8.621296591, 8.137850913}}, 7.161403837, -0.03656595442, -0.0006483880456}
Oscillator 2 TS Results: {9.133462349, {{8.137850913, 8.621296591, 8.621296591, 8.137850913}, {8.621296591, 9.133462349, 9.133462349, 8.621296591}, {8.621296591, 9.133462349, 9.133462349, 8.621296591}, {8.137850913, 8.621296591, 8.621296591, 8.137850913}}, 7.161403837, -0.03656595442, -0.0006483880456}
Oscillator 3 TS Results: {9.133462349, {{8.137850913, 8.621296591, 8.621296591, 8.137850913}, {8.621296591, 9.133462349, 9.133462349, 8.621296591}, {8.621296591, 9.133462349, 9.133462349, 8.621296591}, {8.137850913, 8.621296591, 8.621296591, 8.137850913}}, 7.161403837, -0.03656595442, -0.0006483880456}
Oscillator 4 TS Results: {8.137850913, {{8.137850913, 8.621296591, 8.621296591, 8.137850913}, {8.621296591, 9.133462349, 9.133462349, 8.621296591}, {8.621296591, 9.133462349, 9.133462349, 8.621296591}, {8.137850913, 8.621296591, 8.621296591, 8.137850913}}, 7.161403837, -0.03656595442, -0.0006483880456}


    MBD RESULTS: {MBD_alpha, MBD_C6, MBD_omega, MBD_Energy, MBDF1_alpha, MBDF1_C6, MBDF1_omega, MBDF1_Energy, MBDF2_alpha, MBDF2_C6, MBDF2_omega, MBDF2_Energy, MBDX1_alpha, MBDX1_C6, MBDX1_omega, MBDX1_Energy, MBDX2_alpha, MBDX2_C6, MBDX2_omega, MBDX2_Energy}
Oscillator 1 MBD Results: {5.477529053, 9.780576299, 0.4346441138, -0.02901795863, 5.048115029, 8.374141315, 0.4381477009, -0.0251990702, 5.048115029, 9.572336411, 0.5008390751, -0.03088702813, 5.30906483, 9.21927011, 0.4361131868, -0.02736881571, 5.477529053, 9.297381, 0.4131711468, -0.02659555768}
Oscillator 2 MBD Results: {6.016818303, 11.60463791, 0.4274019872, -0.02901795863, 5.233974022, 8.833228586, 0.4299273565, -0.0251990702, 5.233974022, 11.21723752, 0.5459608823, -0.03088702813, 5.661737856, 10.2972793, 0.4283134522, -0.02736881571, 6.016818303, 10.45137518, 0.3849270054, -0.02659555768}
Oscillator 3 MBD Results: {6.016818303, 11.60463791, 0.4274019872, -0.02901795863, 5.233974022, 8.833228586, 0.4299273565, -0.0251990702, 5.233974022, 11.21723752, 0.5459608823, -0.03088702813, 5.661737856, 10.2972793, 0.4283134522, -0.02736881571, 6.016818303, 10.45137518, 0.3849270054, -0.02659555768}
Oscillator 4 MBD Results: {5.477529053, 9.780576299, 0.4346441138, -0.02901795863, 5.048115029, 8.374141315, 0.4381477009, -0.0251990702, 5.048115029, 9.572336411, 0.5008390751, -0.03088702813, 5.30906483, 9.21927011, 0.4361131868, -0.02736881571, 5.477529053, 9.297381, 0.4131711468, -0.02659555768}


    MBDRSSCS RESULTS: {MBDrsSCS_alpha, MBDrsSCS_C6, MBDrsSCS_omega, MBDrsSCS_Energy, MBDF1rsSCS_alpha, MBDF1rsSCS_C6, MBDF1rsSCS_omega, MBDF1rsSCS_Energy, MBDF2rsSCS_alpha, MBDF2rsSCS_C6, MBDF2rsSCS_omega, MBDF2rsSCS_Energy, MBDX1rsSCS_alpha, MBDX1rsSCS_C6, MBDX1rsSCS_omega, MBDX1rsSCS_Energy, MBDX2rsSCS_alpha, MBDX2rsSCS_C6, MBDX2rsSCS_omega, MBDX2rsSCS_Energy}
Oscillator 1 MBDrsSCS Results: {5.064699117, 8.806330632, 0.4577479665, -0.0018181959, 4.725146934, 7.67479403, 0.4583263535, -0.001469998227, 4.725146934, 8.744634968, 0.5222155334, -0.001792965817, 4.935486535, 8.366607911, 0.4579607001, -0.001661868706, 5.064699117, 8.388671049, 0.4360382633, -0.001670278016}
Oscillator 2 MBDrsSCS Results: {5.457268563, 10.16360093, 0.4550254493, -0.0018181959, 4.810544731, 7.891108628, 0.4546615665, -0.001469998227, 4.810544731, 10.04670683, 0.5788605479, -0.001792965817, 5.164118555, 9.095596253, 0.4547550209, -0.001661868706, 5.457268563, 9.140310684, 0.4092126409, -0.001670278016}
Oscillator 3 MBDrsSCS Results: {5.457268563, 10.16360093, 0.4550254493, -0.0018181959, 4.810544731, 7.891108628, 0.4546615665, -0.001469998227, 4.810544731, 10.04670683, 0.5788605479, -0.001792965817, 5.164118555, 9.095596253, 0.4547550209, -0.001661868706, 5.457268563, 9.140310684, 0.4092126409, -0.001670278016}
Oscillator 4 MBDrsSCS Results: {5.064699117, 8.806330632, 0.4577479665, -0.0018181959, 4.725146934, 7.67479403, 0.4583263535, -0.001469998227, 4.725146934, 8.744634968, 0.5222155334, -0.001792965817, 4.935486535, 8.366607911, 0.4579607001, -0.001661868706, 5.064699117, 8.388671049, 0.4360382633, -0.001670278016}


         {R, Energy}
SUMMARY: {3.000001, 2.767060906}