Oscillators N=4 2022-12-24 w=0.471533 a=4.50000.nb ( N = 4, M = 4 )
~~~~~~~~~~~~~~~~~~~~~~~~~~~~~~~~~~~~~~
Run Commenced: Thu 29 Dec 2022 22:49:57
Run Completed: Fri 30 Dec 2022 00:47:30
Time Elapsed: 01:57:32

Oscillators Used: 4
Wavefunctions Used: 4
Internuclear Separation: 3.5
omega: 0.472
nu : 0.235638

For display purposes, the threshold of Hamiltonian matrix elements has been set to: 10^-6.


    Hamiltonian Matrix A:    < psi_{i,A} | H_k | psi_{j,A} >
    H_1 = T_kin,    H_2 = V_pot,    H_3 = V_1-B,    H_4 = V_1-C,    H_5 = V_A-B,    H_6 = V_A-C 

HijkA: {{{0.35364975, 0.35364975, -0.2855201764, -0.1428571022, -0.09523806808, 0.2857142041, 0.142857102, 0.09523806803}, {0., 0., -0.08331746076, -0.02102087846, -0.009342612782, 0., 0., 0.}, {0.2887538117, -0.2887538117, -0.0009835019255, 0., 0., 0., 0., 0.}, {0., 0., -0.04107847669, -0.005357479577, -0.001587401371, 0., 0., 0.}}, {{0., 0., -0.08331746076, -0.02102087846, -0.009342612782, 0., 0., 0.}, {0.58941625, 0.58941625, -0.3321505637, -0.1490433974, -0.09707105155, 0.2857142041, 0.142857102, 0.09523806803}, {0., 0., 0.06468649882, 0.01716347527, 0.007628211193, 0., 0., 0.}, {0., 0., -0.1277477697, -0.02663781781, -0.01125507977, 0., 0., 0.}}, {{0.2887538117, -0.2887538117, -0.0009835019255, 0., 0., 0., 0., 0.}, {0., 0., 0.06468649882, 0.01716347527, 0.007628211193, 0., 0., 0.}, {0.82518275, 0.82518275, -0.2804827673, -0.1428571031, -0.09523806859, 0.2857142041, 0.142857102, 0.09523806803}, {0., 0., 0.06052459904, 0.00874872671, 0.002592215574, 0., 0., 0.}}, {{0., 0., -0.04107847669, -0.005357479577, -0.001587401371, 0., 0., 0.}, {0., 0., -0.1277477697, -0.02663781781, -0.01125507977, 0., 0., 0.}, {0., 0., 0.06052459904, 0.00874872671, 0.002592215574, 0., 0., 0.}, {0.82518275, 0.82518275, -0.3566394431, -0.1502488944, -0.09722979395, 0.2857142041, 0.142857102, 0.09523806803}}}
0.35365        0.             0.288754       0.
0.35365        0.             -0.288754      0.
-0.28552       -0.0833175     -0.000983502   -0.0410785
-0.142857      -0.0210209     0.             -0.00535748
-0.0952381     -0.00934261    0.             -0.0015874
0.285714       0.             0.             0.
0.142857       0.             0.             0.
0.0952381      0.             0.             0.

0.             0.589416       0.             0.
0.             0.589416       0.             0.
-0.0833175     -0.332151      0.0646865      -0.127748
-0.0210209     -0.149043      0.0171635      -0.0266378
-0.00934261    -0.0970711     0.00762821     -0.0112551
0.             0.285714       0.             0.
0.             0.142857       0.             0.
0.             0.0952381      0.             0.

0.288754       0.             0.825183       0.
-0.288754      0.             0.825183       0.
-0.000983502   0.0646865      -0.280483      0.0605246
0.             0.0171635      -0.142857      0.00874873
0.             0.00762821     -0.0952381     0.00259222
0.             0.             0.285714       0.
0.             0.             0.142857       0.
0.             0.             0.0952381      0.

0.             0.             0.             0.825183
0.             0.             0.             0.825183
-0.0410785     -0.127748      0.0605246      -0.356639
-0.00535748    -0.0266378     0.00874873     -0.150249
-0.0015874     -0.0112551     0.00259222     -0.0972298
0.             0.             0.             0.285714
0.             0.             0.             0.142857
0.             0.             0.             0.0952381


    Hamiltonian Matrix B:    < psi_{i,B} | H_k | psi_{j,B} >
    H_1 = T_kin,    H_2 = V_pot,    H_3 = V_2-A,    H_4 = V_2-C,    H_5 = V_B-A,    H_6 = V_B-C 

HijkB: {{{0.35364975, 0.35364975, -0.2855201764, -0.2855201764, -0.1428571022, 0.2857142041, 0.2857142041, 0.142857102}, {0., 0., -0.08331746076, 0.08331746076, 0.02102087846, 0., 0., 0.}, {0.2887538117, -0.2887538117, -0.0009835019255, -0.0009835019255, 0., 0., 0., 0.}, {0., 0., -0.04107847669, -0.04107847669, -0.005357479577, 0., 0., 0.}}, {{0., 0., -0.08331746076, 0.08331746076, 0.02102087846, 0., 0., 0.}, {0.58941625, 0.58941625, -0.3321505637, -0.3321505637, -0.1490433974, 0.2857142041, 0.2857142041, 0.142857102}, {0., 0., 0.06468649882, -0.06468649882, -0.01716347527, 0., 0., 0.}, {0., 0., -0.1277477697, 0.1277477697, 0.02663781781, 0., 0., 0.}}, {{0.2887538117, -0.2887538117, -0.0009835019255, -0.0009835019255, 0., 0., 0., 0.}, {0., 0., 0.06468649882, -0.06468649882, -0.01716347527, 0., 0., 0.}, {0.82518275, 0.82518275, -0.2804827673, -0.2804827673, -0.1428571031, 0.2857142041, 0.2857142041, 0.142857102}, {0., 0., 0.06052459904, 0.06052459904, 0.00874872671, 0., 0., 0.}}, {{0., 0., -0.04107847669, -0.04107847669, -0.005357479577, 0., 0., 0.}, {0., 0., -0.1277477697, 0.1277477697, 0.02663781781, 0., 0., 0.}, {0., 0., 0.06052459904, 0.06052459904, 0.00874872671, 0., 0., 0.}, {0.82518275, 0.82518275, -0.3566394431, -0.3566394431, -0.1502488944, 0.2857142041, 0.2857142041, 0.142857102}}}
0.35365        0.             0.288754       0.
0.35365        0.             -0.288754      0.
-0.28552       -0.0833175     -0.000983502   -0.0410785
-0.28552       0.0833175      -0.000983502   -0.0410785
-0.142857      0.0210209      0.             -0.00535748
0.285714       0.             0.             0.
0.285714       0.             0.             0.
0.142857       0.             0.             0.

0.             0.589416       0.             0.
0.             0.589416       0.             0.
-0.0833175     -0.332151      0.0646865      -0.127748
0.0833175      -0.332151      -0.0646865     0.127748
0.0210209      -0.149043      -0.0171635     0.0266378
0.             0.285714       0.             0.
0.             0.285714       0.             0.
0.             0.142857       0.             0.

0.288754       0.             0.825183       0.
-0.288754      0.             0.825183       0.
-0.000983502   0.0646865      -0.280483      0.0605246
-0.000983502   -0.0646865     -0.280483      0.0605246
0.             -0.0171635     -0.142857      0.00874873
0.             0.             0.285714       0.
0.             0.             0.285714       0.
0.             0.             0.142857       0.

0.             0.             0.             0.825183
0.             0.             0.             0.825183
-0.0410785     -0.127748      0.0605246      -0.356639
-0.0410785     0.127748       0.0605246      -0.356639
-0.00535748    0.0266378      0.00874873     -0.150249
0.             0.             0.             0.285714
0.             0.             0.             0.285714
0.             0.             0.             0.142857


    Hamiltonian Matrix C:    < psi_{i,C} | H_k | psi_{j,C} >
    H_1 = T_kin,    H_2 = V_pot,    H_3 = V_3-A,    H_4 = V_3-B,    H_5 = V_C-A,    H_6 = V_C-B 

HijkC: {{{0.35364975, 0.35364975, -0.1428571022, -0.2855201764, -0.2855201764, 0.142857102, 0.2857142041, 0.2857142041}, {0., 0., 0.02102087846, 0.08331746076, -0.08331746076, 0., 0., 0.}, {0.2887538117, -0.2887538117, 0., -0.0009835019255, -0.0009835019255, 0., 0., 0.}, {0., 0., -0.005357479577, -0.04107847669, -0.04107847669, 0., 0., 0.}}, {{0., 0., 0.02102087846, 0.08331746076, -0.08331746076, 0., 0., 0.}, {0.58941625, 0.58941625, -0.1490433974, -0.3321505637, -0.3321505637, 0.142857102, 0.2857142041, 0.2857142041}, {0., 0., -0.01716347527, -0.06468649882, 0.06468649882, 0., 0., 0.}, {0., 0., 0.02663781781, 0.1277477697, -0.1277477697, 0., 0., 0.}}, {{0.2887538117, -0.2887538117, 0., -0.0009835019255, -0.0009835019255, 0., 0., 0.}, {0., 0., -0.01716347527, -0.06468649882, 0.06468649882, 0., 0., 0.}, {0.82518275, 0.82518275, -0.1428571031, -0.2804827673, -0.2804827673, 0.142857102, 0.2857142041, 0.2857142041}, {0., 0., 0.00874872671, 0.06052459904, 0.06052459904, 0., 0., 0.}}, {{0., 0., -0.005357479577, -0.04107847669, -0.04107847669, 0., 0., 0.}, {0., 0., 0.02663781781, 0.1277477697, -0.1277477697, 0., 0., 0.}, {0., 0., 0.00874872671, 0.06052459904, 0.06052459904, 0., 0., 0.}, {0.82518275, 0.82518275, -0.1502488944, -0.3566394431, -0.3566394431, 0.142857102, 0.2857142041, 0.2857142041}}}
0.35365        0.             0.288754       0.
0.35365        0.             -0.288754      0.
-0.142857      0.0210209      0.             -0.00535748
-0.28552       0.0833175      -0.000983502   -0.0410785
-0.28552       -0.0833175     -0.000983502   -0.0410785
0.142857       0.             0.             0.
0.285714       0.             0.             0.
0.285714       0.             0.             0.

0.             0.589416       0.             0.
0.             0.589416       0.             0.
0.0210209      -0.149043      -0.0171635     0.0266378
0.0833175      -0.332151      -0.0646865     0.127748
-0.0833175     -0.332151      0.0646865      -0.127748
0.             0.142857       0.             0.
0.             0.285714       0.             0.
0.             0.285714       0.             0.

0.288754       0.             0.825183       0.
-0.288754      0.             0.825183       0.
0.             -0.0171635     -0.142857      0.00874873
-0.000983502   -0.0646865     -0.280483      0.0605246
-0.000983502   0.0646865      -0.280483      0.0605246
0.             0.             0.142857       0.
0.             0.             0.285714       0.
0.             0.             0.285714       0.

0.             0.             0.             0.825183
0.             0.             0.             0.825183
-0.00535748    0.0266378      0.00874873     -0.150249
-0.0410785     0.127748       0.0605246      -0.356639
-0.0410785     -0.127748      0.0605246      -0.356639
0.             0.             0.             0.142857
0.             0.             0.             0.285714
0.             0.             0.             0.285714


    Hamiltonian Matrix AB:    < psi_{i1,A} <psi_{i2,B} | V_e-e | psi_{i3,A} <psi_{i4,B} >

HijkAB: {{{{0.281116533, 0.07384165994, 0.006219005476, 0.02879082507}, {0.07384165994, 0.02812488799, 0.01060372726, 0.01043324296}, {0.006227290264, 0.01060372726, -0.003581713293, 0.01038593476}, {0.02879082507, 0.01043324296, 0.01038593476, 0.003671935075}}, {{0.07384165994, 0.3093602785, -0.0497548781, 0.09562564976}, {0.02812488799, 0.07732328602, -0.008168937801, 0.02818194506}, {0.01060372726, 0.02105386327, -0.01038354058, 0.02380367959}, {0.01043324296, 0.02450666202, 0.003086604031, 0.007338661412}}, {{0.006219005476, -0.0497548781, 0.2673675308, -0.03665399038}, {0.01060372726, -0.008168937801, 0.05493999093, -0.005481616758}, {-0.003581713293, -0.01038354058, 0.009561542412, -0.01442225725}, {0.01038593476, 0.003086604031, 0.01449413427, 0.001075066147}}, {{0.02879082507, 0.09562564976, -0.03665399038, 0.307898809}, {0.01043324296, 0.02818194506, -0.005481616758, 0.0639991552}, {0.01038593476, 0.02380367959, -0.01442225725, 0.03105629563}, {0.003671935075, 0.007338661412, 0.001075066147, 0.01573981234}}}, {{{0.07384165994, 0.02812488799, 0.01060372726, 0.01043324296}, {0.3093602785, 0.07732328602, 0.02105386327, 0.02450701285}, {-0.0497548781, -0.008166317821, -0.01038354058, 0.003086604031}, {0.09562564976, 0.02818194506, 0.02380367959, 0.007338758272}}, {{0.02812488799, 0.07732328602, -0.008168901795, 0.02818194506}, {0.07732328602, 0.32065491, -0.03789322106, 0.08475538654}, {-0.008166354076, -0.03789322106, -0.0006751862021, 0.0001073182178}, {0.02818194506, 0.08475538654, 0.0001073182178, 0.02169503211}}, {{0.01060372726, -0.008168937801, 0.05493999093, -0.005481616758}, {0.02105386327, -0.03789322106, 0.276519586, -0.02362281143}, {-0.01038354058, -0.0006751862021, -0.03695336361, -0.004379237708}, {0.02380367959, 0.0001073182178, 0.06504667854, -0.0002485238118}}, {{0.01043324296, 0.02818194506, -0.005481616758, 0.0639991552}, {0.0245070126, 0.08475538654, -0.02362281143, 0.300803193}, {0.003086604031, 0.0001073182178, -0.004379237708, -0.02690354899}, {0.007338758272, 0.02169503211, -0.0002485238118, 0.06449874747}}}, {{{0.006227290264, 0.01060372726, -0.003581713293, 0.01038593476}, {-0.0497548781, -0.008166317821, -0.01038354058, 0.003086604031}, {0.2673780094, 0.05493999093, 0.009570176152, 0.01449413427}, {-0.03665399038, -0.005481616758, -0.01442225725, 0.001075260197}}, {{0.01060372726, 0.02105386327, -0.01038354058, 0.02380367959}, {-0.008166317821, -0.03789322106, -0.0006751862021, 0.0001073182178}, {0.05493999093, 0.276519586, -0.03695336361, 0.06504667854}, {-0.005481616758, -0.02362265377, -0.004379237708, -0.0002485238118}}, {{-0.003581713293, -0.01038354058, 0.009561542412, -0.01442225725}, {-0.01038354058, -0.0006751862021, -0.03695336361, -0.004379237708}, {0.009570176152, -0.03695336361, 0.2528824282, -0.02072200299}, {-0.01442225725, -0.004379237708, -0.02072191499, -0.002133266536}}, {{0.01038593476, 0.02380367959, -0.01442225725, 0.03105629563}, {0.003086604031, 0.0001073182178, -0.004379237708, -0.02690354899}, {0.01449413427, 0.06504667854, -0.02072200299, 0.2720776222}, {0.001075262259, -0.0002485238118, -0.002133266536, -0.01482613935}}}, {{{0.02879082507, 0.01043324296, 0.01038593476, 0.003671935075}, {0.09562564976, 0.02818194506, 0.02380367959, 0.007338758272}, {-0.03665399038, -0.005481616758, -0.01442225725, 0.001075260197}, {0.307898809, 0.0639991552, 0.03105629563, 0.01573981234}}, {{0.01043324296, 0.02450666202, 0.003086604031, 0.007338661412}, {0.02818194506, 0.08475538654, 0.0001073182178, 0.02169503211}, {-0.005481616758, -0.02362265377, -0.004379237708, -0.0002485238118}, {0.0639991552, 0.300803193, -0.02690354899, 0.06449874747}}, {{0.01038593476, 0.003086604031, 0.01449413427, 0.001075064085}, {0.02380367959, 0.0001073182178, 0.06504667854, -0.0002485238118}, {-0.01442225725, -0.004379237708, -0.02072191499, -0.002133266536}, {0.03105629563, -0.02690354899, 0.2720776222, -0.01482613935}}, {{0.003671935075, 0.007338661412, 0.001075064085, 0.01573981234}, {0.007338758272, 0.02169503211, -0.0002485238118, 0.06449874747}, {0.001075262259, -0.0002485238118, -0.002133266536, -0.01482613935}, {0.01573981234, 0.06449874747, -0.01482613935, 0.278081431}}}}
0.281117     0.0738417    0.00621901   0.0287908      0.0738417    0.30936      -0.0497549   0.0956256      0.00621901   -0.0497549   0.267368     -0.036654      0.0287908    0.0956256    -0.036654    0.307899
0.0738417    0.0281249    0.0106037    0.0104332      0.0281249    0.0773233    -0.00816894  0.0281819      0.0106037    -0.00816894  0.05494      -0.00548162    0.0104332    0.0281819    -0.00548162  0.0639992
0.00622729   0.0106037    -0.00358171  0.0103859      0.0106037    0.0210539    -0.0103835   0.0238037      -0.00358171  -0.0103835   0.00956154   -0.0144223     0.0103859    0.0238037    -0.0144223   0.0310563
0.0287908    0.0104332    0.0103859    0.00367194     0.0104332    0.0245067    0.0030866    0.00733866     0.0103859    0.0030866    0.0144941    0.00107507     0.00367194   0.00733866   0.00107507   0.0157398

0.0738417    0.0281249    0.0106037    0.0104332      0.0281249    0.0773233    -0.0081689   0.0281819      0.0106037    -0.00816894  0.05494      -0.00548162    0.0104332    0.0281819    -0.00548162  0.0639992
0.30936      0.0773233    0.0210539    0.024507       0.0773233    0.320655     -0.0378932   0.0847554      0.0210539    -0.0378932   0.27652      -0.0236228     0.024507     0.0847554    -0.0236228   0.300803
-0.0497549   -0.00816632  -0.0103835   0.0030866      -0.00816635  -0.0378932   -0.000675186 0.000107318    -0.0103835   -0.000675186 -0.0369534   -0.00437924    0.0030866    0.000107318  -0.00437924  -0.0269035
0.0956256    0.0281819    0.0238037    0.00733876     0.0281819    0.0847554    0.000107318  0.021695       0.0238037    0.000107318  0.0650467    -0.000248524   0.00733876   0.021695     -0.000248524 0.0644987

0.00622729   0.0106037    -0.00358171  0.0103859      0.0106037    0.0210539    -0.0103835   0.0238037      -0.00358171  -0.0103835   0.00956154   -0.0144223     0.0103859    0.0238037    -0.0144223   0.0310563
-0.0497549   -0.00816632  -0.0103835   0.0030866      -0.00816632  -0.0378932   -0.000675186 0.000107318    -0.0103835   -0.000675186 -0.0369534   -0.00437924    0.0030866    0.000107318  -0.00437924  -0.0269035
0.267378     0.05494      0.00957018   0.0144941      0.05494      0.27652      -0.0369534   0.0650467      0.00957018   -0.0369534   0.252882     -0.020722      0.0144941    0.0650467    -0.020722    0.272078
-0.036654    -0.00548162  -0.0144223   0.00107526     -0.00548162  -0.0236227   -0.00437924  -0.000248524   -0.0144223   -0.00437924  -0.0207219   -0.00213327    0.00107526   -0.000248524 -0.00213327  -0.0148261

0.0287908    0.0104332    0.0103859    0.00367194     0.0104332    0.0245067    0.0030866    0.00733866     0.0103859    0.0030866    0.0144941    0.00107506     0.00367194   0.00733866   0.00107506   0.0157398
0.0956256    0.0281819    0.0238037    0.00733876     0.0281819    0.0847554    0.000107318  0.021695       0.0238037    0.000107318  0.0650467    -0.000248524   0.00733876   0.021695     -0.000248524 0.0644987
-0.036654    -0.00548162  -0.0144223   0.00107526     -0.00548162  -0.0236227   -0.00437924  -0.000248524   -0.0144223   -0.00437924  -0.0207219   -0.00213327    0.00107526   -0.000248524 -0.00213327  -0.0148261
0.307899     0.0639992    0.0310563    0.0157398      0.0639992    0.300803     -0.0269035   0.0644987      0.0310563    -0.0269035   0.272078     -0.0148261     0.0157398    0.0644987    -0.0148261   0.278081


    Hamiltonian Matrix AC:    < psi_{i1,A} <psi_{i2,C} | V_e-e | psi_{i3,A} <psi_{i4,C} >

HijkAC: {{{{0.1428575736, -0.02102017841, 0.0000007152953228, 0.005355985541}, {0.02102017841, -0.006183960855, 0.000003128614414, 0.002359947821}, {0.000000710176118, -0.000003128614414, -0.000003325273085, 0.000006568134499}, {0.005355985541, -0.002359947821, 0.000006568134499, 0.001194617063}}, {{-0.02102017841, 0.1490412228, 0.01716076665, -0.02663152137}, {-0.006183960855, 0.02374283978, 0.005038247339, -0.008514164994}, {-0.000003128614414, 0.00001235698128, 0.00001462831954, -0.00002386665531}, {-0.002359947821, 0.00673163968, 0.001906266958, -0.003573270737}}, {{0.0000007152953228, 0.01716076665, 0.142853317, -0.008740134254}, {0.000003128614414, 0.005038247339, 0.0210051006, -0.003832033769}, {-0.000003325273085, 0.00001462831954, 0.00001854745624, -0.00003327850224}, {0.000006568134499, 0.001906266958, 0.00532163312, -0.001909538786}}, {{0.005355985541, -0.02663152137, -0.008740134254, 0.1502369525}, {0.002359947821, -0.008514164994, -0.003832033769, 0.02459231458}, {0.000006568134499, -0.00002386665531, -0.00003327850224, 0.0000530974955}, {0.001194617063, -0.003573270737, -0.001909538786, 0.007337834477}}}, {{{0.02102017841, -0.006183960855, 0.000003128614414, 0.002359947821}, {0.1490412228, -0.02374283978, 0.00001235698128, 0.006730689936}, {-0.01716076665, 0.005038372807, -0.00001462831954, -0.001906266958}, {0.02663152137, -0.008514164994, 0.00002386665531, 0.003573270737}}, {{-0.006183960855, 0.02374283978, 0.00503824737, -0.008514164994}, {-0.02374283978, 0.1568050802, 0.01934634124, -0.03073791998}, {0.005038372775, -0.01934634124, -0.004025908877, 0.006812243717}, {-0.008514164994, 0.03073791998, 0.006812243717, -0.01209238067}}, {{0.000003128614414, 0.005038247339, 0.0210051006, -0.003832033769}, {0.00001235698128, 0.01934634124, 0.1489780629, -0.01092116769}, {-0.00001462831954, -0.004025908877, -0.01708633422, 0.003030752982}, {0.00002386665531, 0.006812243717, 0.0265126327, -0.005707353741}}, {{0.002359947821, -0.008514164994, -0.003832033769, 0.02459231458}, {0.006730439498, -0.03073791998, -0.01092116769, 0.1586769616}, {-0.001906266958, 0.006812243717, 0.003030752982, -0.0199250812}, {0.003573270737, -0.01209238067, -0.005707353741, 0.03222031114}}}, {{{0.000000710176118, -0.000003128614414, -0.000003325273085, 0.000006568134499}, {-0.01716076665, 0.005038372807, -0.00001462831954, -0.001906266958}, {0.1428533709, -0.0210051006, 0.00001847620655, 0.00532163312}, {-0.008740134254, 0.003832033769, -0.00003327850224, -0.001909520499}}, {{-0.000003128614414, 0.00001235698128, 0.00001462831954, -0.00002386665531}, {0.005038372807, -0.01934634124, -0.004025908877, 0.006812243717}, {-0.0210051006, 0.1489780629, 0.01708633422, -0.0265126327}, {0.003832033769, -0.01092116769, -0.003030752982, 0.005707353741}}, {{-0.000003325273085, 0.00001462831954, 0.00001854745624, -0.00003327850224}, {-0.00001462831954, -0.004025908877, -0.01708633422, 0.003030752982}, {0.00001847620655, 0.01708633422, 0.1427629852, -0.008595651757}, {-0.00003327850224, -0.003030752982, -0.008595651757, 0.002963977766}}, {{0.000006568134499, -0.00002386665531, -0.00003327850224, 0.0000530974955}, {-0.001906266958, 0.006812243717, 0.003030752982, -0.0199250812}, {0.00532163312, -0.0265126327, -0.008595651757, 0.1500021945}, {-0.00190951872, 0.005707353741, 0.002963977766, -0.01171609639}}}, {{{0.005355985541, -0.002359947821, 0.000006568134499, 0.001194617063}, {0.02663152137, -0.008514164994, 0.00002386665531, 0.003573270737}, {-0.008740134254, 0.003832033769, -0.00003327850224, -0.001909520499}, {0.1502369525, -0.02459231458, 0.0000530974955, 0.007337834477}}, {{-0.002359947821, 0.006731496075, 0.001906266958, -0.003573270737}, {-0.008514164994, 0.03073791998, 0.006812243717, -0.01209238067}, {0.003832033769, -0.01092116769, -0.003030752982, 0.005707353741}, {-0.02459231458, 0.1586769616, 0.0199250812, -0.03222031114}}, {{0.000006568134499, 0.001906266958, 0.00532163312, -0.001909540565}, {0.00002386665531, 0.006812243717, 0.0265126327, -0.005707353741}, {-0.00003327850224, -0.003030752982, -0.008595651757, 0.002963977766}, {0.0000530974955, 0.0199250812, 0.1500021945, -0.01171609639}}, {{0.001194617063, -0.003573270737, -0.001909540565, 0.007337834477}, {0.003573270737, -0.01209238067, -0.005707353741, 0.03222031114}, {-0.00190951872, 0.005707353741, 0.002963977766, -0.01171609639}, {0.007337834477, -0.03222031114, -0.01171609639, 0.1608687373}}}}
0.142858      -0.0210202    0.            0.00535599      -0.0210202    0.149041      0.0171608     -0.0266315      0.            0.0171608     0.142853      -0.00874013     0.00535599    -0.0266315    -0.00874013   0.150237
0.0210202     -0.00618396   0.            0.00235995      -0.00618396   0.0237428     0.00503825    -0.00851416     0.            0.00503825    0.0210051     -0.00383203     0.00235995    -0.00851416   -0.00383203   0.0245923
0.            0.            0.            0.              0.            0.000012357   0.0000146283  -0.0000238667   0.            0.0000146283  0.0000185475  -0.0000332785   0.            -0.0000238667 -0.0000332785 0.0000530975
0.00535599    -0.00235995   0.            0.00119462      -0.00235995   0.00673164    0.00190627    -0.00357327     0.            0.00190627    0.00532163    -0.00190954     0.00119462    -0.00357327   -0.00190954   0.00733783

0.0210202     -0.00618396   0.            0.00235995      -0.00618396   0.0237428     0.00503825    -0.00851416     0.            0.00503825    0.0210051     -0.00383203     0.00235995    -0.00851416   -0.00383203   0.0245923
0.149041      -0.0237428    0.000012357   0.00673069      -0.0237428    0.156805      0.0193463     -0.0307379      0.000012357   0.0193463     0.148978      -0.0109212      0.00673044    -0.0307379    -0.0109212    0.158677
-0.0171608    0.00503837    -0.0000146283 -0.00190627     0.00503837    -0.0193463    -0.00402591   0.00681224      -0.0000146283 -0.00402591   -0.0170863    0.00303075      -0.00190627   0.00681224    0.00303075    -0.0199251
0.0266315     -0.00851416   0.0000238667  0.00357327      -0.00851416   0.0307379     0.00681224    -0.0120924      0.0000238667  0.00681224    0.0265126     -0.00570735     0.00357327    -0.0120924    -0.00570735   0.0322203

0.            0.            0.            0.              0.            0.000012357   0.0000146283  -0.0000238667   0.            0.0000146283  0.0000185475  -0.0000332785   0.            -0.0000238667 -0.0000332785 0.0000530975
-0.0171608    0.00503837    -0.0000146283 -0.00190627     0.00503837    -0.0193463    -0.00402591   0.00681224      -0.0000146283 -0.00402591   -0.0170863    0.00303075      -0.00190627   0.00681224    0.00303075    -0.0199251
0.142853      -0.0210051    0.0000184762  0.00532163      -0.0210051    0.148978      0.0170863     -0.0265126      0.0000184762  0.0170863     0.142763      -0.00859565     0.00532163    -0.0265126    -0.00859565   0.150002
-0.00874013   0.00383203    -0.0000332785 -0.00190952     0.00383203    -0.0109212    -0.00303075   0.00570735      -0.0000332785 -0.00303075   -0.00859565   0.00296398      -0.00190952   0.00570735    0.00296398    -0.0117161

0.00535599    -0.00235995   0.            0.00119462      -0.00235995   0.0067315     0.00190627    -0.00357327     0.            0.00190627    0.00532163    -0.00190954     0.00119462    -0.00357327   -0.00190954   0.00733783
0.0266315     -0.00851416   0.0000238667  0.00357327      -0.00851416   0.0307379     0.00681224    -0.0120924      0.0000238667  0.00681224    0.0265126     -0.00570735     0.00357327    -0.0120924    -0.00570735   0.0322203
-0.00874013   0.00383203    -0.0000332785 -0.00190952     0.00383203    -0.0109212    -0.00303075   0.00570735      -0.0000332785 -0.00303075   -0.00859565   0.00296398      -0.00190952   0.00570735    0.00296398    -0.0117161
0.150237      -0.0245923    0.0000530975  0.00733783      -0.0245923    0.158677      0.0199251     -0.0322203      0.0000530975  0.0199251     0.150002      -0.0117161      0.00733783    -0.0322203    -0.0117161    0.160869


    Hamiltonian Matrix BA:    < psi_{i1,B} <psi_{i2,A} | V_e-e | psi_{i3,B} <psi_{i4,A} >

HijkBA: {{{{0.281116533, 0.07384165994, 0.006219005476, 0.02879082507}, {0.07384165994, 0.02812488799, 0.01060372726, 0.01043324296}, {0.006227290264, 0.01060372726, -0.003581713293, 0.01038593476}, {0.02879082507, 0.01043324296, 0.01038593476, 0.003671935075}}, {{0.07384165994, 0.3093602785, -0.0497548781, 0.09562564976}, {0.02812488799, 0.07732328602, -0.008168937801, 0.02818194506}, {0.01060372726, 0.02105386327, -0.01038354058, 0.02380367959}, {0.01043324296, 0.02450666202, 0.003086604031, 0.007338661412}}, {{0.006219005476, -0.0497548781, 0.2673675308, -0.03665399038}, {0.01060372726, -0.008168937801, 0.05493999093, -0.005481616758}, {-0.003581713293, -0.01038354058, 0.009561542412, -0.01442225725}, {0.01038593476, 0.003086604031, 0.01449413427, 0.001075066147}}, {{0.02879082507, 0.09562564976, -0.03665399038, 0.307898809}, {0.01043324296, 0.02818194506, -0.005481616758, 0.0639991552}, {0.01038593476, 0.02380367959, -0.01442225725, 0.03105629563}, {0.003671935075, 0.007338661412, 0.001075066147, 0.01573981234}}}, {{{0.07384165994, 0.02812488799, 0.01060372726, 0.01043324296}, {0.3093602785, 0.07732328602, 0.02105386327, 0.02450701285}, {-0.0497548781, -0.008166317821, -0.01038354058, 0.003086604031}, {0.09562564976, 0.02818194506, 0.02380367959, 0.007338758272}}, {{0.02812488799, 0.07732328602, -0.008168901795, 0.02818194506}, {0.07732328602, 0.32065491, -0.03789322106, 0.08475538654}, {-0.008166354076, -0.03789322106, -0.0006751862021, 0.0001073182178}, {0.02818194506, 0.08475538654, 0.0001073182178, 0.02169503211}}, {{0.01060372726, -0.008168937801, 0.05493999093, -0.005481616758}, {0.02105386327, -0.03789322106, 0.276519586, -0.02362281143}, {-0.01038354058, -0.0006751862021, -0.03695336361, -0.004379237708}, {0.02380367959, 0.0001073182178, 0.06504667854, -0.0002485238118}}, {{0.01043324296, 0.02818194506, -0.005481616758, 0.0639991552}, {0.0245070126, 0.08475538654, -0.02362281143, 0.300803193}, {0.003086604031, 0.0001073182178, -0.004379237708, -0.02690354899}, {0.007338758272, 0.02169503211, -0.0002485238118, 0.06449874747}}}, {{{0.006227290264, 0.01060372726, -0.003581713293, 0.01038593476}, {-0.0497548781, -0.008166317821, -0.01038354058, 0.003086604031}, {0.2673780094, 0.05493999093, 0.009570176152, 0.01449413427}, {-0.03665399038, -0.005481616758, -0.01442225725, 0.001075260197}}, {{0.01060372726, 0.02105386327, -0.01038354058, 0.02380367959}, {-0.008166317821, -0.03789322106, -0.0006751862021, 0.0001073182178}, {0.05493999093, 0.276519586, -0.03695336361, 0.06504667854}, {-0.005481616758, -0.02362265377, -0.004379237708, -0.0002485238118}}, {{-0.003581713293, -0.01038354058, 0.009561542412, -0.01442225725}, {-0.01038354058, -0.0006751862021, -0.03695336361, -0.004379237708}, {0.009570176152, -0.03695336361, 0.2528824282, -0.02072200299}, {-0.01442225725, -0.004379237708, -0.02072191499, -0.002133266536}}, {{0.01038593476, 0.02380367959, -0.01442225725, 0.03105629563}, {0.003086604031, 0.0001073182178, -0.004379237708, -0.02690354899}, {0.01449413427, 0.06504667854, -0.02072200299, 0.2720776222}, {0.001075262259, -0.0002485238118, -0.002133266536, -0.01482613935}}}, {{{0.02879082507, 0.01043324296, 0.01038593476, 0.003671935075}, {0.09562564976, 0.02818194506, 0.02380367959, 0.007338758272}, {-0.03665399038, -0.005481616758, -0.01442225725, 0.001075260197}, {0.307898809, 0.0639991552, 0.03105629563, 0.01573981234}}, {{0.01043324296, 0.02450666202, 0.003086604031, 0.007338661412}, {0.02818194506, 0.08475538654, 0.0001073182178, 0.02169503211}, {-0.005481616758, -0.02362265377, -0.004379237708, -0.0002485238118}, {0.0639991552, 0.300803193, -0.02690354899, 0.06449874747}}, {{0.01038593476, 0.003086604031, 0.01449413427, 0.001075064085}, {0.02380367959, 0.0001073182178, 0.06504667854, -0.0002485238118}, {-0.01442225725, -0.004379237708, -0.02072191499, -0.002133266536}, {0.03105629563, -0.02690354899, 0.2720776222, -0.01482613935}}, {{0.003671935075, 0.007338661412, 0.001075064085, 0.01573981234}, {0.007338758272, 0.02169503211, -0.0002485238118, 0.06449874747}, {0.001075262259, -0.0002485238118, -0.002133266536, -0.01482613935}, {0.01573981234, 0.06449874747, -0.01482613935, 0.278081431}}}}
0.281117     0.0738417    0.00621901   0.0287908      0.0738417    0.30936      -0.0497549   0.0956256      0.00621901   -0.0497549   0.267368     -0.036654      0.0287908    0.0956256    -0.036654    0.307899
0.0738417    0.0281249    0.0106037    0.0104332      0.0281249    0.0773233    -0.00816894  0.0281819      0.0106037    -0.00816894  0.05494      -0.00548162    0.0104332    0.0281819    -0.00548162  0.0639992
0.00622729   0.0106037    -0.00358171  0.0103859      0.0106037    0.0210539    -0.0103835   0.0238037      -0.00358171  -0.0103835   0.00956154   -0.0144223     0.0103859    0.0238037    -0.0144223   0.0310563
0.0287908    0.0104332    0.0103859    0.00367194     0.0104332    0.0245067    0.0030866    0.00733866     0.0103859    0.0030866    0.0144941    0.00107507     0.00367194   0.00733866   0.00107507   0.0157398

0.0738417    0.0281249    0.0106037    0.0104332      0.0281249    0.0773233    -0.0081689   0.0281819      0.0106037    -0.00816894  0.05494      -0.00548162    0.0104332    0.0281819    -0.00548162  0.0639992
0.30936      0.0773233    0.0210539    0.024507       0.0773233    0.320655     -0.0378932   0.0847554      0.0210539    -0.0378932   0.27652      -0.0236228     0.024507     0.0847554    -0.0236228   0.300803
-0.0497549   -0.00816632  -0.0103835   0.0030866      -0.00816635  -0.0378932   -0.000675186 0.000107318    -0.0103835   -0.000675186 -0.0369534   -0.00437924    0.0030866    0.000107318  -0.00437924  -0.0269035
0.0956256    0.0281819    0.0238037    0.00733876     0.0281819    0.0847554    0.000107318  0.021695       0.0238037    0.000107318  0.0650467    -0.000248524   0.00733876   0.021695     -0.000248524 0.0644987

0.00622729   0.0106037    -0.00358171  0.0103859      0.0106037    0.0210539    -0.0103835   0.0238037      -0.00358171  -0.0103835   0.00956154   -0.0144223     0.0103859    0.0238037    -0.0144223   0.0310563
-0.0497549   -0.00816632  -0.0103835   0.0030866      -0.00816632  -0.0378932   -0.000675186 0.000107318    -0.0103835   -0.000675186 -0.0369534   -0.00437924    0.0030866    0.000107318  -0.00437924  -0.0269035
0.267378     0.05494      0.00957018   0.0144941      0.05494      0.27652      -0.0369534   0.0650467      0.00957018   -0.0369534   0.252882     -0.020722      0.0144941    0.0650467    -0.020722    0.272078
-0.036654    -0.00548162  -0.0144223   0.00107526     -0.00548162  -0.0236227   -0.00437924  -0.000248524   -0.0144223   -0.00437924  -0.0207219   -0.00213327    0.00107526   -0.000248524 -0.00213327  -0.0148261

0.0287908    0.0104332    0.0103859    0.00367194     0.0104332    0.0245067    0.0030866    0.00733866     0.0103859    0.0030866    0.0144941    0.00107506     0.00367194   0.00733866   0.00107506   0.0157398
0.0956256    0.0281819    0.0238037    0.00733876     0.0281819    0.0847554    0.000107318  0.021695       0.0238037    0.000107318  0.0650467    -0.000248524   0.00733876   0.021695     -0.000248524 0.0644987
-0.036654    -0.00548162  -0.0144223   0.00107526     -0.00548162  -0.0236227   -0.00437924  -0.000248524   -0.0144223   -0.00437924  -0.0207219   -0.00213327    0.00107526   -0.000248524 -0.00213327  -0.0148261
0.307899     0.0639992    0.0310563    0.0157398      0.0639992    0.300803     -0.0269035   0.0644987      0.0310563    -0.0269035   0.272078     -0.0148261     0.0157398    0.0644987    -0.0148261   0.278081


    Hamiltonian Matrix BC:    < psi_{i1,B} <psi_{i2,C} | V_e-e | psi_{i3,B} <psi_{i4,C} >

HijkBC: {{{{0.281116533, -0.07384165994, 0.006219005476, 0.02879082507}, {-0.07384165994, 0.02812488799, -0.01060372726, -0.01043324296}, {0.006227290264, -0.01060372726, -0.003581713293, 0.01038593476}, {0.02879082507, -0.01043324296, 0.01038593476, 0.003671935075}}, {{-0.07384165994, 0.3093602785, 0.0497548781, -0.09562564976}, {0.02812488799, -0.07732328602, -0.008168937801, 0.02818194506}, {-0.01060372726, 0.02105386327, 0.01038354058, -0.02380367959}, {-0.01043324296, 0.02450666202, -0.003086604031, -0.007338661412}}, {{0.006219005476, 0.0497548781, 0.2673675308, -0.03665399038}, {-0.01060372726, -0.008168937801, -0.05493999093, 0.005481616758}, {-0.003581713293, 0.01038354058, 0.009561542412, -0.01442225725}, {0.01038593476, -0.003086604031, 0.01449413427, 0.001075059425}}, {{0.02879082507, -0.09562564976, -0.03665399038, 0.307898809}, {-0.01043324296, 0.02818194506, 0.005481616758, -0.0639991552}, {0.01038593476, -0.02380367959, -0.01442225725, 0.03105629563}, {0.003671935075, -0.007338661412, 0.001075059425, 0.01573981234}}}, {{{-0.07384165994, 0.02812488799, -0.01060372726, -0.01043324296}, {0.3093602785, -0.07732328602, 0.02105386327, 0.02450701289}, {0.0497548781, -0.008166317821, 0.01038354058, -0.003086604031}, {-0.09562564976, 0.02818194506, -0.02380367959, -0.007338758272}}, {{0.02812488799, -0.07732328602, -0.008168901795, 0.02818194506}, {-0.07732328602, 0.32065491, 0.03789322106, -0.08475538654}, {-0.008166354076, 0.03789322106, -0.0006751862021, 0.0001073182178}, {0.02818194506, -0.08475538654, 0.0001073182178, 0.02169503211}}, {{-0.01060372726, -0.008168937801, -0.05493999093, 0.005481616758}, {0.02105386327, 0.03789322106, 0.276519586, -0.02362281143}, {0.01038354058, -0.0006751862021, 0.03695336361, 0.004379237708}, {-0.02380367959, 0.0001073182178, -0.06504667854, 0.0002485238118}}, {{-0.01043324296, 0.02818194506, 0.005481616758, -0.0639991552}, {0.02450701289, -0.08475538654, -0.02362281143, 0.300803193}, {-0.003086604031, 0.0001073182178, 0.004379237708, 0.02690354899}, {-0.007338758272, 0.02169503211, 0.0002485238118, -0.06449874747}}}, {{{0.006227290264, -0.01060372726, -0.003581713293, 0.01038593476}, {0.0497548781, -0.008166317821, 0.01038354058, -0.003086604031}, {0.2673780094, -0.05493999093, 0.009570176152, 0.01449413427}, {-0.03665399038, 0.005481616758, -0.01442225725, 0.001075266919}}, {{-0.01060372726, 0.02105386327, 0.01038354058, -0.02380367959}, {-0.008166317821, 0.03789322106, -0.0006751862021, 0.0001073182178}, {-0.05493999093, 0.276519586, 0.03695336361, -0.06504667854}, {0.005481616758, -0.02362265377, 0.004379237708, 0.0002485238118}}, {{-0.003581713293, 0.01038354058, 0.009561542412, -0.01442225725}, {0.01038354058, -0.0006751862021, 0.03695336361, 0.004379237708}, {0.009570176152, 0.03695336361, 0.2528824282, -0.02072200299}, {-0.01442225725, 0.004379237708, -0.02072191499, -0.002133266536}}, {{0.01038593476, -0.02380367959, -0.01442225725, 0.03105629563}, {-0.003086604031, 0.0001073182178, 0.004379237708, 0.02690354899}, {0.01449413427, -0.06504667854, -0.02072200299, 0.2720776222}, {0.001075265682, 0.0002485238118, -0.002133266536, -0.01482613935}}}, {{{0.02879082507, -0.01043324296, 0.01038593476, 0.003671935075}, {-0.09562564976, 0.02818194506, -0.02380367959, -0.007338758272}, {-0.03665399038, 0.005481616758, -0.01442225725, 0.001075266919}, {0.307898809, -0.0639991552, 0.03105629563, 0.01573981234}}, {{-0.01043324296, 0.02450666205, -0.003086604031, -0.007338661412}, {0.02818194506, -0.08475538654, 0.0001073182178, 0.02169503211}, {0.005481616758, -0.02362265377, 0.004379237708, 0.0002485238118}, {-0.0639991552, 0.300803193, 0.02690354899, -0.06449874747}}, {{0.01038593476, -0.003086604031, 0.01449413427, 0.001075060662}, {-0.02380367959, 0.0001073182178, -0.06504667854, 0.0002485238118}, {-0.01442225725, 0.004379237708, -0.02072191499, -0.002133266536}, {0.03105629563, 0.02690354899, 0.2720776222, -0.01482613935}}, {{0.003671935075, -0.007338661412, 0.001075060662, 0.01573981234}, {-0.007338758272, 0.02169503211, 0.0002485238118, -0.06449874747}, {0.001075265682, 0.0002485238118, -0.002133266536, -0.01482613935}, {0.01573981234, -0.06449874747, -0.01482613935, 0.278081431}}}}
0.281117     -0.0738417   0.00621901   0.0287908      -0.0738417   0.30936      0.0497549    -0.0956256     0.00621901   0.0497549    0.267368     -0.036654      0.0287908    -0.0956256   -0.036654    0.307899
-0.0738417   0.0281249    -0.0106037   -0.0104332     0.0281249    -0.0773233   -0.00816894  0.0281819      -0.0106037   -0.00816894  -0.05494     0.00548162     -0.0104332   0.0281819    0.00548162   -0.0639992
0.00622729   -0.0106037   -0.00358171  0.0103859      -0.0106037   0.0210539    0.0103835    -0.0238037     -0.00358171  0.0103835    0.00956154   -0.0144223     0.0103859    -0.0238037   -0.0144223   0.0310563
0.0287908    -0.0104332   0.0103859    0.00367194     -0.0104332   0.0245067    -0.0030866   -0.00733866    0.0103859    -0.0030866   0.0144941    0.00107506     0.00367194   -0.00733866  0.00107506   0.0157398

-0.0738417   0.0281249    -0.0106037   -0.0104332     0.0281249    -0.0773233   -0.0081689   0.0281819      -0.0106037   -0.00816894  -0.05494     0.00548162     -0.0104332   0.0281819    0.00548162   -0.0639992
0.30936      -0.0773233   0.0210539    0.024507       -0.0773233   0.320655     0.0378932    -0.0847554     0.0210539    0.0378932    0.27652      -0.0236228     0.024507     -0.0847554   -0.0236228   0.300803
0.0497549    -0.00816632  0.0103835    -0.0030866     -0.00816635  0.0378932    -0.000675186 0.000107318    0.0103835    -0.000675186 0.0369534    0.00437924     -0.0030866   0.000107318  0.00437924   0.0269035
-0.0956256   0.0281819    -0.0238037   -0.00733876    0.0281819    -0.0847554   0.000107318  0.021695       -0.0238037   0.000107318  -0.0650467   0.000248524    -0.00733876  0.021695     0.000248524  -0.0644987

0.00622729   -0.0106037   -0.00358171  0.0103859      -0.0106037   0.0210539    0.0103835    -0.0238037     -0.00358171  0.0103835    0.00956154   -0.0144223     0.0103859    -0.0238037   -0.0144223   0.0310563
0.0497549    -0.00816632  0.0103835    -0.0030866     -0.00816632  0.0378932    -0.000675186 0.000107318    0.0103835    -0.000675186 0.0369534    0.00437924     -0.0030866   0.000107318  0.00437924   0.0269035
0.267378     -0.05494     0.00957018   0.0144941      -0.05494     0.27652      0.0369534    -0.0650467     0.00957018   0.0369534    0.252882     -0.020722      0.0144941    -0.0650467   -0.020722    0.272078
-0.036654    0.00548162   -0.0144223   0.00107527     0.00548162   -0.0236227   0.00437924   0.000248524    -0.0144223   0.00437924   -0.0207219   -0.00213327    0.00107527   0.000248524  -0.00213327  -0.0148261

0.0287908    -0.0104332   0.0103859    0.00367194     -0.0104332   0.0245067    -0.0030866   -0.00733866    0.0103859    -0.0030866   0.0144941    0.00107506     0.00367194   -0.00733866  0.00107506   0.0157398
-0.0956256   0.0281819    -0.0238037   -0.00733876    0.0281819    -0.0847554   0.000107318  0.021695       -0.0238037   0.000107318  -0.0650467   0.000248524    -0.00733876  0.021695     0.000248524  -0.0644987
-0.036654    0.00548162   -0.0144223   0.00107527     0.00548162   -0.0236227   0.00437924   0.000248524    -0.0144223   0.00437924   -0.0207219   -0.00213327    0.00107527   0.000248524  -0.00213327  -0.0148261
0.307899     -0.0639992   0.0310563    0.0157398      -0.0639992   0.300803     0.0269035    -0.0644987     0.0310563    0.0269035    0.272078     -0.0148261     0.0157398    -0.0644987   -0.0148261   0.278081


    Hamiltonian Matrix CA:    < psi_{i1,C} <psi_{i2,A} | V_e-e | psi_{i3,C} <psi_{i4,A} >

HijkCA: {{{{0.1428575736, -0.02102017841, 0.0000007152953228, 0.005355985541}, {0.02102017841, -0.006183960855, 0.000003128614414, 0.002359947821}, {0.000000710176118, -0.000003128614414, -0.000003325273085, 0.000006568134499}, {0.005355985541, -0.002359947821, 0.000006568134499, 0.001194617063}}, {{-0.02102017841, 0.1490412228, 0.01716076665, -0.02663152137}, {-0.006183960855, 0.02374283978, 0.005038247339, -0.008514164994}, {-0.000003128614414, 0.00001235698128, 0.00001462831954, -0.00002386665531}, {-0.002359947821, 0.00673163968, 0.001906266958, -0.003573270737}}, {{0.0000007152953228, 0.01716076665, 0.142853317, -0.008740134254}, {0.000003128614414, 0.005038247339, 0.0210051006, -0.003832033769}, {-0.000003325273085, 0.00001462831954, 0.00001854745624, -0.00003327850224}, {0.000006568134499, 0.001906266958, 0.00532163312, -0.001909538786}}, {{0.005355985541, -0.02663152137, -0.008740134254, 0.1502369525}, {0.002359947821, -0.008514164994, -0.003832033769, 0.02459231458}, {0.000006568134499, -0.00002386665531, -0.00003327850224, 0.0000530974955}, {0.001194617063, -0.003573270737, -0.001909538786, 0.007337834477}}}, {{{0.02102017841, -0.006183960855, 0.000003128614414, 0.002359947821}, {0.1490412228, -0.02374283978, 0.00001235698128, 0.006730689936}, {-0.01716076665, 0.005038372807, -0.00001462831954, -0.001906266958}, {0.02663152137, -0.008514164994, 0.00002386665531, 0.003573270737}}, {{-0.006183960855, 0.02374283978, 0.00503824737, -0.008514164994}, {-0.02374283978, 0.1568050802, 0.01934634124, -0.03073791998}, {0.005038372775, -0.01934634124, -0.004025908877, 0.006812243717}, {-0.008514164994, 0.03073791998, 0.006812243717, -0.01209238067}}, {{0.000003128614414, 0.005038247339, 0.0210051006, -0.003832033769}, {0.00001235698128, 0.01934634124, 0.1489780629, -0.01092116769}, {-0.00001462831954, -0.004025908877, -0.01708633422, 0.003030752982}, {0.00002386665531, 0.006812243717, 0.0265126327, -0.005707353741}}, {{0.002359947821, -0.008514164994, -0.003832033769, 0.02459231458}, {0.006730439498, -0.03073791998, -0.01092116769, 0.1586769616}, {-0.001906266958, 0.006812243717, 0.003030752982, -0.0199250812}, {0.003573270737, -0.01209238067, -0.005707353741, 0.03222031114}}}, {{{0.000000710176118, -0.000003128614414, -0.000003325273085, 0.000006568134499}, {-0.01716076665, 0.005038372807, -0.00001462831954, -0.001906266958}, {0.1428533709, -0.0210051006, 0.00001847620655, 0.00532163312}, {-0.008740134254, 0.003832033769, -0.00003327850224, -0.001909520499}}, {{-0.000003128614414, 0.00001235698128, 0.00001462831954, -0.00002386665531}, {0.005038372807, -0.01934634124, -0.004025908877, 0.006812243717}, {-0.0210051006, 0.1489780629, 0.01708633422, -0.0265126327}, {0.003832033769, -0.01092116769, -0.003030752982, 0.005707353741}}, {{-0.000003325273085, 0.00001462831954, 0.00001854745624, -0.00003327850224}, {-0.00001462831954, -0.004025908877, -0.01708633422, 0.003030752982}, {0.00001847620655, 0.01708633422, 0.1427629852, -0.008595651757}, {-0.00003327850224, -0.003030752982, -0.008595651757, 0.002963977766}}, {{0.000006568134499, -0.00002386665531, -0.00003327850224, 0.0000530974955}, {-0.001906266958, 0.006812243717, 0.003030752982, -0.0199250812}, {0.00532163312, -0.0265126327, -0.008595651757, 0.1500021945}, {-0.00190951872, 0.005707353741, 0.002963977766, -0.01171609639}}}, {{{0.005355985541, -0.002359947821, 0.000006568134499, 0.001194617063}, {0.02663152137, -0.008514164994, 0.00002386665531, 0.003573270737}, {-0.008740134254, 0.003832033769, -0.00003327850224, -0.001909520499}, {0.1502369525, -0.02459231458, 0.0000530974955, 0.007337834477}}, {{-0.002359947821, 0.006731496075, 0.001906266958, -0.003573270737}, {-0.008514164994, 0.03073791998, 0.006812243717, -0.01209238067}, {0.003832033769, -0.01092116769, -0.003030752982, 0.005707353741}, {-0.02459231458, 0.1586769616, 0.0199250812, -0.03222031114}}, {{0.000006568134499, 0.001906266958, 0.00532163312, -0.001909540565}, {0.00002386665531, 0.006812243717, 0.0265126327, -0.005707353741}, {-0.00003327850224, -0.003030752982, -0.008595651757, 0.002963977766}, {0.0000530974955, 0.0199250812, 0.1500021945, -0.01171609639}}, {{0.001194617063, -0.003573270737, -0.001909540565, 0.007337834477}, {0.003573270737, -0.01209238067, -0.005707353741, 0.03222031114}, {-0.00190951872, 0.005707353741, 0.002963977766, -0.01171609639}, {0.007337834477, -0.03222031114, -0.01171609639, 0.1608687373}}}}
0.142858      -0.0210202    0.            0.00535599      -0.0210202    0.149041      0.0171608     -0.0266315      0.            0.0171608     0.142853      -0.00874013     0.00535599    -0.0266315    -0.00874013   0.150237
0.0210202     -0.00618396   0.            0.00235995      -0.00618396   0.0237428     0.00503825    -0.00851416     0.            0.00503825    0.0210051     -0.00383203     0.00235995    -0.00851416   -0.00383203   0.0245923
0.            0.            0.            0.              0.            0.000012357   0.0000146283  -0.0000238667   0.            0.0000146283  0.0000185475  -0.0000332785   0.            -0.0000238667 -0.0000332785 0.0000530975
0.00535599    -0.00235995   0.            0.00119462      -0.00235995   0.00673164    0.00190627    -0.00357327     0.            0.00190627    0.00532163    -0.00190954     0.00119462    -0.00357327   -0.00190954   0.00733783

0.0210202     -0.00618396   0.            0.00235995      -0.00618396   0.0237428     0.00503825    -0.00851416     0.            0.00503825    0.0210051     -0.00383203     0.00235995    -0.00851416   -0.00383203   0.0245923
0.149041      -0.0237428    0.000012357   0.00673069      -0.0237428    0.156805      0.0193463     -0.0307379      0.000012357   0.0193463     0.148978      -0.0109212      0.00673044    -0.0307379    -0.0109212    0.158677
-0.0171608    0.00503837    -0.0000146283 -0.00190627     0.00503837    -0.0193463    -0.00402591   0.00681224      -0.0000146283 -0.00402591   -0.0170863    0.00303075      -0.00190627   0.00681224    0.00303075    -0.0199251
0.0266315     -0.00851416   0.0000238667  0.00357327      -0.00851416   0.0307379     0.00681224    -0.0120924      0.0000238667  0.00681224    0.0265126     -0.00570735     0.00357327    -0.0120924    -0.00570735   0.0322203

0.            0.            0.            0.              0.            0.000012357   0.0000146283  -0.0000238667   0.            0.0000146283  0.0000185475  -0.0000332785   0.            -0.0000238667 -0.0000332785 0.0000530975
-0.0171608    0.00503837    -0.0000146283 -0.00190627     0.00503837    -0.0193463    -0.00402591   0.00681224      -0.0000146283 -0.00402591   -0.0170863    0.00303075      -0.00190627   0.00681224    0.00303075    -0.0199251
0.142853      -0.0210051    0.0000184762  0.00532163      -0.0210051    0.148978      0.0170863     -0.0265126      0.0000184762  0.0170863     0.142763      -0.00859565     0.00532163    -0.0265126    -0.00859565   0.150002
-0.00874013   0.00383203    -0.0000332785 -0.00190952     0.00383203    -0.0109212    -0.00303075   0.00570735      -0.0000332785 -0.00303075   -0.00859565   0.00296398      -0.00190952   0.00570735    0.00296398    -0.0117161

0.00535599    -0.00235995   0.            0.00119462      -0.00235995   0.0067315     0.00190627    -0.00357327     0.            0.00190627    0.00532163    -0.00190954     0.00119462    -0.00357327   -0.00190954   0.00733783
0.0266315     -0.00851416   0.0000238667  0.00357327      -0.00851416   0.0307379     0.00681224    -0.0120924      0.0000238667  0.00681224    0.0265126     -0.00570735     0.00357327    -0.0120924    -0.00570735   0.0322203
-0.00874013   0.00383203    -0.0000332785 -0.00190952     0.00383203    -0.0109212    -0.00303075   0.00570735      -0.0000332785 -0.00303075   -0.00859565   0.00296398      -0.00190952   0.00570735    0.00296398    -0.0117161
0.150237      -0.0245923    0.0000530975  0.00733783      -0.0245923    0.158677      0.0199251     -0.0322203      0.0000530975  0.0199251     0.150002      -0.0117161      0.00733783    -0.0322203    -0.0117161    0.160869


    Hamiltonian Matrix CB:    < psi_{i1,C} <psi_{i2,B} | V_e-e | psi_{i3,C} <psi_{i4,B} >

HijkCB: {{{{0.281116533, -0.07384165994, 0.006219005476, 0.02879082507}, {-0.07384165994, 0.02812488799, -0.01060372726, -0.01043324296}, {0.006227290264, -0.01060372726, -0.003581713293, 0.01038593476}, {0.02879082507, -0.01043324296, 0.01038593476, 0.003671935075}}, {{-0.07384165994, 0.3093602785, 0.0497548781, -0.09562564976}, {0.02812488799, -0.07732328602, -0.008168937801, 0.02818194506}, {-0.01060372726, 0.02105386327, 0.01038354058, -0.02380367959}, {-0.01043324296, 0.02450666202, -0.003086604031, -0.007338661412}}, {{0.006219005476, 0.0497548781, 0.2673675308, -0.03665399038}, {-0.01060372726, -0.008168937801, -0.05493999093, 0.005481616758}, {-0.003581713293, 0.01038354058, 0.009561542412, -0.01442225725}, {0.01038593476, -0.003086604031, 0.01449413427, 0.001075059425}}, {{0.02879082507, -0.09562564976, -0.03665399038, 0.307898809}, {-0.01043324296, 0.02818194506, 0.005481616758, -0.0639991552}, {0.01038593476, -0.02380367959, -0.01442225725, 0.03105629563}, {0.003671935075, -0.007338661412, 0.001075059425, 0.01573981234}}}, {{{-0.07384165994, 0.02812488799, -0.01060372726, -0.01043324296}, {0.3093602785, -0.07732328602, 0.02105386327, 0.02450701289}, {0.0497548781, -0.008166317821, 0.01038354058, -0.003086604031}, {-0.09562564976, 0.02818194506, -0.02380367959, -0.007338758272}}, {{0.02812488799, -0.07732328602, -0.008168901795, 0.02818194506}, {-0.07732328602, 0.32065491, 0.03789322106, -0.08475538654}, {-0.008166354076, 0.03789322106, -0.0006751862021, 0.0001073182178}, {0.02818194506, -0.08475538654, 0.0001073182178, 0.02169503211}}, {{-0.01060372726, -0.008168937801, -0.05493999093, 0.005481616758}, {0.02105386327, 0.03789322106, 0.276519586, -0.02362281143}, {0.01038354058, -0.0006751862021, 0.03695336361, 0.004379237708}, {-0.02380367959, 0.0001073182178, -0.06504667854, 0.0002485238118}}, {{-0.01043324296, 0.02818194506, 0.005481616758, -0.0639991552}, {0.02450701289, -0.08475538654, -0.02362281143, 0.300803193}, {-0.003086604031, 0.0001073182178, 0.004379237708, 0.02690354899}, {-0.007338758272, 0.02169503211, 0.0002485238118, -0.06449874747}}}, {{{0.006227290264, -0.01060372726, -0.003581713293, 0.01038593476}, {0.0497548781, -0.008166317821, 0.01038354058, -0.003086604031}, {0.2673780094, -0.05493999093, 0.009570176152, 0.01449413427}, {-0.03665399038, 0.005481616758, -0.01442225725, 0.001075266919}}, {{-0.01060372726, 0.02105386327, 0.01038354058, -0.02380367959}, {-0.008166317821, 0.03789322106, -0.0006751862021, 0.0001073182178}, {-0.05493999093, 0.276519586, 0.03695336361, -0.06504667854}, {0.005481616758, -0.02362265377, 0.004379237708, 0.0002485238118}}, {{-0.003581713293, 0.01038354058, 0.009561542412, -0.01442225725}, {0.01038354058, -0.0006751862021, 0.03695336361, 0.004379237708}, {0.009570176152, 0.03695336361, 0.2528824282, -0.02072200299}, {-0.01442225725, 0.004379237708, -0.02072191499, -0.002133266536}}, {{0.01038593476, -0.02380367959, -0.01442225725, 0.03105629563}, {-0.003086604031, 0.0001073182178, 0.004379237708, 0.02690354899}, {0.01449413427, -0.06504667854, -0.02072200299, 0.2720776222}, {0.001075265682, 0.0002485238118, -0.002133266536, -0.01482613935}}}, {{{0.02879082507, -0.01043324296, 0.01038593476, 0.003671935075}, {-0.09562564976, 0.02818194506, -0.02380367959, -0.007338758272}, {-0.03665399038, 0.005481616758, -0.01442225725, 0.001075266919}, {0.307898809, -0.0639991552, 0.03105629563, 0.01573981234}}, {{-0.01043324296, 0.02450666205, -0.003086604031, -0.007338661412}, {0.02818194506, -0.08475538654, 0.0001073182178, 0.02169503211}, {0.005481616758, -0.02362265377, 0.004379237708, 0.0002485238118}, {-0.0639991552, 0.300803193, 0.02690354899, -0.06449874747}}, {{0.01038593476, -0.003086604031, 0.01449413427, 0.001075060662}, {-0.02380367959, 0.0001073182178, -0.06504667854, 0.0002485238118}, {-0.01442225725, 0.004379237708, -0.02072191499, -0.002133266536}, {0.03105629563, 0.02690354899, 0.2720776222, -0.01482613935}}, {{0.003671935075, -0.007338661412, 0.001075060662, 0.01573981234}, {-0.007338758272, 0.02169503211, 0.0002485238118, -0.06449874747}, {0.001075265682, 0.0002485238118, -0.002133266536, -0.01482613935}, {0.01573981234, -0.06449874747, -0.01482613935, 0.278081431}}}}
0.281117     -0.0738417   0.00621901   0.0287908      -0.0738417   0.30936      0.0497549    -0.0956256     0.00621901   0.0497549    0.267368     -0.036654      0.0287908    -0.0956256   -0.036654    0.307899
-0.0738417   0.0281249    -0.0106037   -0.0104332     0.0281249    -0.0773233   -0.00816894  0.0281819      -0.0106037   -0.00816894  -0.05494     0.00548162     -0.0104332   0.0281819    0.00548162   -0.0639992
0.00622729   -0.0106037   -0.00358171  0.0103859      -0.0106037   0.0210539    0.0103835    -0.0238037     -0.00358171  0.0103835    0.00956154   -0.0144223     0.0103859    -0.0238037   -0.0144223   0.0310563
0.0287908    -0.0104332   0.0103859    0.00367194     -0.0104332   0.0245067    -0.0030866   -0.00733866    0.0103859    -0.0030866   0.0144941    0.00107506     0.00367194   -0.00733866  0.00107506   0.0157398

-0.0738417   0.0281249    -0.0106037   -0.0104332     0.0281249    -0.0773233   -0.0081689   0.0281819      -0.0106037   -0.00816894  -0.05494     0.00548162     -0.0104332   0.0281819    0.00548162   -0.0639992
0.30936      -0.0773233   0.0210539    0.024507       -0.0773233   0.320655     0.0378932    -0.0847554     0.0210539    0.0378932    0.27652      -0.0236228     0.024507     -0.0847554   -0.0236228   0.300803
0.0497549    -0.00816632  0.0103835    -0.0030866     -0.00816635  0.0378932    -0.000675186 0.000107318    0.0103835    -0.000675186 0.0369534    0.00437924     -0.0030866   0.000107318  0.00437924   0.0269035
-0.0956256   0.0281819    -0.0238037   -0.00733876    0.0281819    -0.0847554   0.000107318  0.021695       -0.0238037   0.000107318  -0.0650467   0.000248524    -0.00733876  0.021695     0.000248524  -0.0644987

0.00622729   -0.0106037   -0.00358171  0.0103859      -0.0106037   0.0210539    0.0103835    -0.0238037     -0.00358171  0.0103835    0.00956154   -0.0144223     0.0103859    -0.0238037   -0.0144223   0.0310563
0.0497549    -0.00816632  0.0103835    -0.0030866     -0.00816632  0.0378932    -0.000675186 0.000107318    0.0103835    -0.000675186 0.0369534    0.00437924     -0.0030866   0.000107318  0.00437924   0.0269035
0.267378     -0.05494     0.00957018   0.0144941      -0.05494     0.27652      0.0369534    -0.0650467     0.00957018   0.0369534    0.252882     -0.020722      0.0144941    -0.0650467   -0.020722    0.272078
-0.036654    0.00548162   -0.0144223   0.00107527     0.00548162   -0.0236227   0.00437924   0.000248524    -0.0144223   0.00437924   -0.0207219   -0.00213327    0.00107527   0.000248524  -0.00213327  -0.0148261

0.0287908    -0.0104332   0.0103859    0.00367194     -0.0104332   0.0245067    -0.0030866   -0.00733866    0.0103859    -0.0030866   0.0144941    0.00107506     0.00367194   -0.00733866  0.00107506   0.0157398
-0.0956256   0.0281819    -0.0238037   -0.00733876    0.0281819    -0.0847554   0.000107318  0.021695       -0.0238037   0.000107318  -0.0650467   0.000248524    -0.00733876  0.021695     0.000248524  -0.0644987
-0.036654    0.00548162   -0.0144223   0.00107527     0.00548162   -0.0236227   0.00437924   0.000248524    -0.0144223   0.00437924   -0.0207219   -0.00213327    0.00107527   0.000248524  -0.00213327  -0.0148261
0.307899     -0.0639992   0.0310563    0.0157398      -0.0639992   0.300803     0.0269035    -0.0644987     0.0310563    0.0269035    0.272078     -0.0148261     0.0157398    -0.0644987   -0.0148261   0.278081


Energy:  {2.807514746}


Coefficients: {{0.9970143842, 0.07409481355, -0.008287242183, 0.02008974804}, {0.9980987052, -0.05142620935, -0.01832996805, 0.02860650198}, {0.9980987052, -0.05142620935, -0.01832996805, 0.02860650198}, {0.9970143842, 0.07409481355, -0.008287242183, 0.02008974804}}


r2: {3.239444586, 3.288446612, 3.288446612, 3.239444586}
r2f: {3.18284615}


r3: {7.162302473, 7.32490066, 7.32490066, 7.162302473}
r3f: {6.975440461}


alpha: {4.620548525, 4.725443956, 4.725443956, 4.620548525}
alphaf: {4.5}




~~~XDM (a1=0.65, a2=3.17474)~~~

M1^2: {3.19699989, 3.19347373, 3.19347373, 3.19699989}
M1f^2: {3.18284615}

M2^2: {17.02895378, 17.00938862, 17.00938862, 17.02895378}
M2f^2: {16.88418269}

M3^2: {127.1219011, 126.9677028, 126.9677028, 127.1219011}
M3f^2: {125.3927637}

C6XDM: {{7.385946562, 7.464675859, 7.464675859, 7.385946562}, {7.464675859, 7.545290568, 7.545290568, 7.464675859}, {7.464675859, 7.545290568, 7.545290568, 7.464675859}, {7.385946562, 7.464675859, 7.464675859, 7.385946562}}
C6XDMf: {7.161403837}

C8XDM: {{118.0246609, 119.2799805, 119.2799805, 118.0246609}, {119.2799805, 120.565369, 120.565369, 119.2799805}, {119.2799805, 120.565369, 120.565369, 119.2799805}, {118.0246609, 119.2799805, 119.2799805, 118.0246609}}
C8XDMf: {113.9682331}

C10XDM: {{2054.874443, 2076.671708, 2076.671708, 2054.874443}, {2076.671708, 2098.991227, 2098.991227, 2076.671708}, {2076.671708, 2098.991227, 2098.991227, 2076.671708}, {2054.874443, 2076.671708, 2076.671708, 2054.874443}}
C10XDMf: {1974.936028}

EXDMC6: {-0.01235839139}
EXDMC8: {-0.0159899776}
EXDMC10: {-0.02268008036}

EXDMBJC6: {-0.0006474121529}
EXDMBJC8: {-0.0002991083821}
EXDMBJC10: {-0.0001498532214}

EXDM: {-0.05102844935}
EXDMBJ: {-0.001096373756}




~~~TS (dTS=20, sR=0.62)~~~

C6TS: {{7.550230461, 7.721635367, 7.721635367, 7.550230461}, {7.721635367, 7.896931497, 7.896931497, 7.721635367}, {7.721635367, 7.896931497, 7.896931497, 7.721635367}, {7.550230461, 7.721635367, 7.721635367, 7.550230461}}
C6TSf: {7.161403837}

ETS: {-0.01283373825}
ETSWY: {-0.00159867684}




~~~MBD~~~

 alpha: {4.904281653, 5.124434899, 5.124434899, 4.904281653}
  C6ii: {8.153942873, 8.779067478, 8.779067478, 8.153942873}
 omega: {0.4520178586, 0.4457539119, 0.4457539119, 0.4520178586}
lambda: {0.2641843505, 0.2410001974, 0.2410001974, 0.2329921107, 0.2140179658, 0.2140179658, 0.1861823994, 0.1861823994, 0.183077565, 0.1648328265, 0.1648328265, 0.1257793629}
Energy: {-0.01268679885}

~~~MBD@rsSCS (drsSCS=6, sR=0.62)~~~

 alpha: {4.69825836, 4.837899723, 4.837899723, 4.69825836}
  C6ii: {7.720641866, 8.153983097, 8.153983097, 7.720641866}
 omega: {0.466356843, 0.4645097336, 0.4645097336, 0.466356843}
lambda: {0.2389378542, 0.2331780451, 0.2331780451, 0.2317550334, 0.2191701841, 0.2191701841, 0.213059622, 0.2094496918, 0.2094496918, 0.2047180741, 0.2047180741, 0.1827634855}
Energy: {-0.001786693021}




~~~MBDFree1~~~

 alpha: {4.755380148, 4.854254349, 4.854254349, 4.755380148}
  C6ii: {7.688264931, 7.903013584, 7.903013584, 7.688264931}
 omega: {0.4533113532, 0.4471841564, 0.4471841564, 0.4533113532}
lambda: {0.2636712587, 0.2407260053, 0.2407260053, 0.2334747922, 0.2148955401, 0.2148955401, 0.18786269, 0.18786269, 0.1846169538, 0.16744547, 0.16744547, 0.1291667007}
Energy: {-0.01177256625}

~~~MBDFree1@rsSCS (drsSCS=6, sR=0.62)~~~

 alpha: {4.570964856, 4.601657208, 4.601657208, 4.570964856}
  C6ii: {7.312050959, 7.380922189, 7.380922189, 7.312050959}
 omega: {0.4666187453, 0.4647515388, 0.4647515388, 0.4666187453}
lambda: {0.2381906933, 0.2327367087, 0.2327367087, 0.2314918725, 0.2193459592, 0.2193459592, 0.2134178696, 0.2099310959, 0.2099310959, 0.2054403289, 0.2054403289, 0.1843536573}
Energy: {-0.001641518792}




~~~MBDFree2~~~

 alpha: {4.755380148, 4.854254349, 4.854254349, 4.755380148}
  C6ii: {8.114934367, 8.707766223, 8.707766223, 8.114934367}
 omega: {0.4784684077, 0.4927202834, 0.4927202834, 0.4784684077}
lambda: {0.3135486603, 0.2853182394, 0.2853182394, 0.2672835086, 0.2453801704, 0.2453801704, 0.2143756322, 0.2143756322, 0.2099765673, 0.1983365477, 0.1983365477, 0.1526018534}
Energy: {-0.01278661819}

~~~MBDFree2@rsSCS (drsSCS=6, sR=0.62)~~~

 alpha: {4.570964856, 4.601657208, 4.601657208, 4.570964856}
  C6ii: {7.711669979, 8.137229787, 8.137229787, 7.711669979}
 omega: {0.4921204447, 0.5123736531, 0.5123736531, 0.4921204447}
lambda: {0.2858333781, 0.2772098784, 0.2772098784, 0.2673485041, 0.2554009689, 0.2554009689, 0.2404323968, 0.2385300824, 0.2385300824, 0.2382776553, 0.2382776553, 0.2158043061}
Energy: {-0.00178165051}




~~~MBD@XDM1~~~

 alpha: {4.840690734, 4.996926526, 4.996926526, 4.840690734}
  C6ii: {7.954426007, 8.359788602, 8.359788602, 7.954426007}
 omega: {0.4526191336, 0.4464040279, 0.4464040279, 0.4526191336}
lambda: {0.2639514937, 0.2408707566, 0.2408707566, 0.2332313152, 0.2144306154, 0.2144306154, 0.1869459836, 0.1869459836, 0.1837745828, 0.1660339167, 0.1660339167, 0.1273238807}
Energy: {-0.01226375306}

~~~MBD@XDM1@rsSCS (drsSCS=6, sR=0.62)~~~

 alpha: {4.644630258, 4.726428222, 4.726428222, 4.644630258}
  C6ii: {7.547357564, 7.784345586, 7.784345586, 7.547357564}
 omega: {0.4664782166, 0.4646165879, 0.4646165879, 0.4664782166}
lambda: {0.2385863826, 0.232972752, 0.232972752, 0.2316405442, 0.2192521527, 0.2192521527, 0.2132208782, 0.2096661286, 0.2096661286, 0.2050499675, 0.2050499675, 0.1834931958}
Energy: {-0.001719104736}




~~~MBD@XDM2~~~

 alpha: {4.904281653, 5.124434899, 5.124434899, 4.904281653}
  C6ii: {7.971286446, 8.391787231, 8.391787231, 7.971286446}
 omega: {0.4418922092, 0.4260899003, 0.4260899003, 0.4418922092}
lambda: {0.2447719607, 0.2240802413, 0.2240802413, 0.2199980285, 0.202814005, 0.202814005, 0.1748582446, 0.1748582446, 0.1725496985, 0.1518901646, 0.1518901646, 0.1163229677}
Energy: {-0.01221680644}

~~~MBD@XDM2@rsSCS (drsSCS=6, sR=0.62)~~~

 alpha: {4.69825836, 4.837899723, 4.837899723, 4.69825836}
  C6ii: {7.551191866, 7.79180241, 7.79180241, 7.551191866}
 omega: {0.4561214029, 0.4438773073, 0.4438773073, 0.4561214029}
lambda: {0.2215451741, 0.2187559407, 0.2177711198, 0.2177711198, 0.2085816744, 0.2085816744, 0.2007170478, 0.1958968902, 0.1958968902, 0.1878979119, 0.1878979119, 0.1691294338}
Energy: {-0.00172112013}




    ENERGY MATRIX: {Non-Interacting, Electron-Nuclear, Electron-Electron, Nuclear-Nuclear, Total Energy}
Oscillator 1 Energy: {0.7103336235, -0.5432780464, 0.2670330794, 0.2619046871, 0.6959933435}
Oscillator 2 Energy: {0.7096351418, -0.7160519132, 0.3681055004, 0.3571427551, 0.7188314841}
Oscillator 3 Energy: {0.7096351418, -0.7428111648, 0.362595914, 0.3571427551, 0.686562646}
Oscillator 4 Energy: {0.7103336235, -0.5432780464, 0.2615234929, 0.2619046871, 0.6904837571}
Energy Totals: {2.83993753, -2.545419171, 1.259257987, 1.238094884, 2.791871231}


    COEFFICIENT MATRIX: {c1, c2, c5, c6, c11, c14}
Oscillator 1 Cs: {0.9970143842, 0.07409481355, -0.008287242183, 0.02008974804}
Oscillator 2 Cs: {0.9980987052, -0.05142620935, -0.01832996805, 0.02860650198}
Oscillator 3 Cs: {0.9980987052, -0.05142620935, -0.01832996805, 0.02860650198}
Oscillator 4 Cs: {0.9970143842, 0.07409481355, -0.008287242183, 0.02008974804}


    GENERAL RESULTS: {R, E, r2, r2f, r3, r3f, alpha, alphaf}
Oscillator 1 General Results: {3.500001, 2.807514746, 3.239444586, 3.18284615, 7.162302473, 6.975440461, 4.620548525, 4.5}
Oscillator 2 General Results: {3.500001, 2.807514746, 3.288446612, 3.18284615, 7.32490066, 6.975440461, 4.725443956, 4.5}
Oscillator 3 General Results: {3.500001, 2.807514746, 3.288446612, 3.18284615, 7.32490066, 6.975440461, 4.725443956, 4.5}
Oscillator 4 General Results: {3.500001, 2.807514746, 3.239444586, 3.18284615, 7.162302473, 6.975440461, 4.620548525, 4.5}


    XDM RESULTS: {M1^2, M1f^2, M2^2, M2f^2, M3^2, M3f^2, C6XDMii, C6XDMij, C6XDMf, C8XDMii, C8XDMij, C8XDMf, C10XDMii, C10XDMij, C10XDMf, EXDMC6, EXDMC8, EXDMC10, EXDMBJC6, EXDMBJC8, EXDMBJC10, EXDM, EXDMBJ}
Oscillator 1 XDM Results: {3.19699989, 3.18284615, 17.02895378, 16.88418269, 127.1219011, 125.3927637, 7.385946562, {{7.385946562, 7.464675859, 7.464675859, 7.385946562}, {7.464675859, 7.545290568, 7.545290568, 7.464675859}, {7.464675859, 7.545290568, 7.545290568, 7.464675859}, {7.385946562, 7.464675859, 7.464675859, 7.385946562}}, 7.161403837, 118.0246609, {{118.0246609, 119.2799805, 119.2799805, 118.0246609}, {119.2799805, 120.565369, 120.565369, 119.2799805}, {119.2799805, 120.565369, 120.565369, 119.2799805}, {118.0246609, 119.2799805, 119.2799805, 118.0246609}}, 113.9682331, 2054.874443, {{2054.874443, 2076.671708, 2076.671708, 2054.874443}, {2076.671708, 2098.991227, 2098.991227, 2076.671708}, {2076.671708, 2098.991227, 2098.991227, 2076.671708}, {2054.874443, 2076.671708, 2076.671708, 2054.874443}}, 1974.936028, -0.01235839139, -0.0159899776, -0.02268008036, -0.0006474121529, -0.0002991083821, -0.0001498532214, -0.05102844935, -0.001096373756}
Oscillator 2 XDM Results: {3.19347373, 3.18284615, 17.00938862, 16.88418269, 126.9677028, 125.3927637, 7.545290568, {{7.385946562, 7.464675859, 7.464675859, 7.385946562}, {7.464675859, 7.545290568, 7.545290568, 7.464675859}, {7.464675859, 7.545290568, 7.545290568, 7.464675859}, {7.385946562, 7.464675859, 7.464675859, 7.385946562}}, 7.161403837, 120.565369, {{118.0246609, 119.2799805, 119.2799805, 118.0246609}, {119.2799805, 120.565369, 120.565369, 119.2799805}, {119.2799805, 120.565369, 120.565369, 119.2799805}, {118.0246609, 119.2799805, 119.2799805, 118.0246609}}, 113.9682331, 2098.991227, {{2054.874443, 2076.671708, 2076.671708, 2054.874443}, {2076.671708, 2098.991227, 2098.991227, 2076.671708}, {2076.671708, 2098.991227, 2098.991227, 2076.671708}, {2054.874443, 2076.671708, 2076.671708, 2054.874443}}, 1974.936028, -0.01235839139, -0.0159899776, -0.02268008036, -0.0006474121529, -0.0002991083821, -0.0001498532214, -0.05102844935, -0.001096373756}
Oscillator 3 XDM Results: {3.19347373, 3.18284615, 17.00938862, 16.88418269, 126.9677028, 125.3927637, 7.545290568, {{7.385946562, 7.464675859, 7.464675859, 7.385946562}, {7.464675859, 7.545290568, 7.545290568, 7.464675859}, {7.464675859, 7.545290568, 7.545290568, 7.464675859}, {7.385946562, 7.464675859, 7.464675859, 7.385946562}}, 7.161403837, 120.565369, {{118.0246609, 119.2799805, 119.2799805, 118.0246609}, {119.2799805, 120.565369, 120.565369, 119.2799805}, {119.2799805, 120.565369, 120.565369, 119.2799805}, {118.0246609, 119.2799805, 119.2799805, 118.0246609}}, 113.9682331, 2098.991227, {{2054.874443, 2076.671708, 2076.671708, 2054.874443}, {2076.671708, 2098.991227, 2098.991227, 2076.671708}, {2076.671708, 2098.991227, 2098.991227, 2076.671708}, {2054.874443, 2076.671708, 2076.671708, 2054.874443}}, 1974.936028, -0.01235839139, -0.0159899776, -0.02268008036, -0.0006474121529, -0.0002991083821, -0.0001498532214, -0.05102844935, -0.001096373756}
Oscillator 4 XDM Results: {3.19699989, 3.18284615, 17.02895378, 16.88418269, 127.1219011, 125.3927637, 7.385946562, {{7.385946562, 7.464675859, 7.464675859, 7.385946562}, {7.464675859, 7.545290568, 7.545290568, 7.464675859}, {7.464675859, 7.545290568, 7.545290568, 7.464675859}, {7.385946562, 7.464675859, 7.464675859, 7.385946562}}, 7.161403837, 118.0246609, {{118.0246609, 119.2799805, 119.2799805, 118.0246609}, {119.2799805, 120.565369, 120.565369, 119.2799805}, {119.2799805, 120.565369, 120.565369, 119.2799805}, {118.0246609, 119.2799805, 119.2799805, 118.0246609}}, 113.9682331, 2054.874443, {{2054.874443, 2076.671708, 2076.671708, 2054.874443}, {2076.671708, 2098.991227, 2098.991227, 2076.671708}, {2076.671708, 2098.991227, 2098.991227, 2076.671708}, {2054.874443, 2076.671708, 2076.671708, 2054.874443}}, 1974.936028, -0.01235839139, -0.0159899776, -0.02268008036, -0.0006474121529, -0.0002991083821, -0.0001498532214, -0.05102844935, -0.001096373756}


    TS RESULTS: {C6TSii, C6TSij, C6TSf, ETS, ETSWY}
Oscillator 1 TS Results: {7.550230461, {{7.550230461, 7.721635367, 7.721635367, 7.550230461}, {7.721635367, 7.896931497, 7.896931497, 7.721635367}, {7.721635367, 7.896931497, 7.896931497, 7.721635367}, {7.550230461, 7.721635367, 7.721635367, 7.550230461}}, 7.161403837, -0.01283373825, -0.00159867684}
Oscillator 2 TS Results: {7.896931497, {{7.550230461, 7.721635367, 7.721635367, 7.550230461}, {7.721635367, 7.896931497, 7.896931497, 7.721635367}, {7.721635367, 7.896931497, 7.896931497, 7.721635367}, {7.550230461, 7.721635367, 7.721635367, 7.550230461}}, 7.161403837, -0.01283373825, -0.00159867684}
Oscillator 3 TS Results: {7.896931497, {{7.550230461, 7.721635367, 7.721635367, 7.550230461}, {7.721635367, 7.896931497, 7.896931497, 7.721635367}, {7.721635367, 7.896931497, 7.896931497, 7.721635367}, {7.550230461, 7.721635367, 7.721635367, 7.550230461}}, 7.161403837, -0.01283373825, -0.00159867684}
Oscillator 4 TS Results: {7.550230461, {{7.550230461, 7.721635367, 7.721635367, 7.550230461}, {7.721635367, 7.896931497, 7.896931497, 7.721635367}, {7.721635367, 7.896931497, 7.896931497, 7.721635367}, {7.550230461, 7.721635367, 7.721635367, 7.550230461}}, 7.161403837, -0.01283373825, -0.00159867684}


    MBD RESULTS: {MBD_alpha, MBD_C6, MBD_omega, MBD_Energy, MBDF1_alpha, MBDF1_C6, MBDF1_omega, MBDF1_Energy, MBDF2_alpha, MBDF2_C6, MBDF2_omega, MBDF2_Energy, MBDX1_alpha, MBDX1_C6, MBDX1_omega, MBDX1_Energy, MBDX2_alpha, MBDX2_C6, MBDX2_omega, MBDX2_Energy}
Oscillator 1 MBD Results: {4.904281653, 8.153942873, 0.4520178586, -0.01268679885, 4.755380148, 7.688264931, 0.4533113532, -0.01177256625, 4.755380148, 8.114934367, 0.4784684077, -0.01278661819, 4.840690734, 7.954426007, 0.4526191336, -0.01226375306, 4.904281653, 7.971286446, 0.4418922092, -0.01221680644}
Oscillator 2 MBD Results: {5.124434899, 8.779067478, 0.4457539119, -0.01268679885, 4.854254349, 7.903013584, 0.4471841564, -0.01177256625, 4.854254349, 8.707766223, 0.4927202834, -0.01278661819, 4.996926526, 8.359788602, 0.4464040279, -0.01226375306, 5.124434899, 8.391787231, 0.4260899003, -0.01221680644}
Oscillator 3 MBD Results: {5.124434899, 8.779067478, 0.4457539119, -0.01268679885, 4.854254349, 7.903013584, 0.4471841564, -0.01177256625, 4.854254349, 8.707766223, 0.4927202834, -0.01278661819, 4.996926526, 8.359788602, 0.4464040279, -0.01226375306, 5.124434899, 8.391787231, 0.4260899003, -0.01221680644}
Oscillator 4 MBD Results: {4.904281653, 8.153942873, 0.4520178586, -0.01268679885, 4.755380148, 7.688264931, 0.4533113532, -0.01177256625, 4.755380148, 8.114934367, 0.4784684077, -0.01278661819, 4.840690734, 7.954426007, 0.4526191336, -0.01226375306, 4.904281653, 7.971286446, 0.4418922092, -0.01221680644}


    MBDRSSCS RESULTS: {MBDrsSCS_alpha, MBDrsSCS_C6, MBDrsSCS_omega, MBDrsSCS_Energy, MBDF1rsSCS_alpha, MBDF1rsSCS_C6, MBDF1rsSCS_omega, MBDF1rsSCS_Energy, MBDF2rsSCS_alpha, MBDF2rsSCS_C6, MBDF2rsSCS_omega, MBDF2rsSCS_Energy, MBDX1rsSCS_alpha, MBDX1rsSCS_C6, MBDX1rsSCS_omega, MBDX1rsSCS_Energy, MBDX2rsSCS_alpha, MBDX2rsSCS_C6, MBDX2rsSCS_omega, MBDX2rsSCS_Energy}
Oscillator 1 MBDrsSCS Results: {4.69825836, 7.720641866, 0.466356843, -0.001786693021, 4.570964856, 7.312050959, 0.4666187453, -0.001641518792, 4.570964856, 7.711669979, 0.4921204447, -0.00178165051, 4.644630258, 7.547357564, 0.4664782166, -0.001719104736, 4.69825836, 7.551191866, 0.4561214029, -0.00172112013}
Oscillator 2 MBDrsSCS Results: {4.837899723, 8.153983097, 0.4645097336, -0.001786693021, 4.601657208, 7.380922189, 0.4647515388, -0.001641518792, 4.601657208, 8.137229787, 0.5123736531, -0.00178165051, 4.726428222, 7.784345586, 0.4646165879, -0.001719104736, 4.837899723, 7.79180241, 0.4438773073, -0.00172112013}
Oscillator 3 MBDrsSCS Results: {4.837899723, 8.153983097, 0.4645097336, -0.001786693021, 4.601657208, 7.380922189, 0.4647515388, -0.001641518792, 4.601657208, 8.137229787, 0.5123736531, -0.00178165051, 4.726428222, 7.784345586, 0.4646165879, -0.001719104736, 4.837899723, 7.79180241, 0.4438773073, -0.00172112013}
Oscillator 4 MBDrsSCS Results: {4.69825836, 7.720641866, 0.466356843, -0.001786693021, 4.570964856, 7.312050959, 0.4666187453, -0.001641518792, 4.570964856, 7.711669979, 0.4921204447, -0.00178165051, 4.644630258, 7.547357564, 0.4664782166, -0.001719104736, 4.69825836, 7.551191866, 0.4561214029, -0.00172112013}


         {R, Energy}
SUMMARY: {3.500001, 2.807514746}