Oscillators N=4 2022-12-24 w=0.471533 a=4.50000.nb ( N = 4, M = 4 )
~~~~~~~~~~~~~~~~~~~~~~~~~~~~~~~~~~~~~~
Run Commenced: Thu 29 Dec 2022 08:27:11
Run Completed: Thu 29 Dec 2022 10:17:19
Time Elapsed: 01:50:07

Oscillators Used: 4
Wavefunctions Used: 4
Internuclear Separation: 1.8
omega: 0.472
nu : 0.235638

For display purposes, the threshold of Hamiltonian matrix elements has been set to: 10^-6.


    Hamiltonian Matrix A:    < psi_{i,A} | H_k | psi_{j,A} >
    H_1 = T_kin,    H_2 = V_pot,    H_3 = V_1-B,    H_4 = V_1-C,    H_5 = V_A-B,    H_6 = V_A-C 

HijkA: {{{0.35364975, 0.35364975, -0.5108081423, -0.2776459602, -0.1851850621, 0.5555552469, 0.2777776235, 0.1851850823}, {0., 0., -0.1960243137, -0.0789461042, -0.03532297289, 0., 0., 0.}, {0.2887538117, -0.2887538117, -0.06868738027, -0.0007038110528, -0.0000003402159001, 0., 0., 0.}, {0., 0., -0.0971489671, -0.03812799265, -0.01166952257, 0., 0., 0.}}, {{0., 0., -0.1960243137, -0.0789461042, -0.03532297289, 0., 0., 0.}, {0.58941625, 0.58941625, -0.5669030891, -0.3210977216, -0.1986595818, 0.5555552469, 0.2777776235, 0.1851850823}, {0., 0., 0.04001969046, 0.06199936429, 0.02883929843, 0., 0., 0.}, {0., 0., -0.2233724905, -0.1204076093, -0.04746263512, 0., 0., 0.}}, {{0.2887538117, -0.2887538117, -0.06868738027, -0.0007038110528, -0.0000003402159001, 0., 0., 0.}, {0., 0., 0.04001969046, 0.06199936429, 0.02883929843, 0., 0., 0.}, {0.82518275, 0.82518275, -0.3971314317, -0.2738487614, -0.1851811004, 0.5555552469, 0.2777776235, 0.1851850823}, {0., 0., 0.03753710926, 0.05729904326, 0.01905085183, 0., 0., 0.}}, {{0., 0., -0.0971489671, -0.03812799265, -0.01166952257, 0., 0., 0.}, {0., 0., -0.2233724905, -0.1204076093, -0.04746263512, 0., 0., 0.}, {0., 0., 0.03753710926, 0.05729904326, 0.01905085183, 0., 0., 0.}, {0.82518275, 0.82518275, -0.5018976552, -0.3442166387, -0.2030631888, 0.5555552469, 0.2777776235, 0.1851850823}}}
0.35365        0.             0.288754       0.
0.35365        0.             -0.288754      0.
-0.510808      -0.196024      -0.0686874     -0.097149
-0.277646      -0.0789461     -0.000703811   -0.038128
-0.185185      -0.035323      0.             -0.0116695
0.555555       0.             0.             0.
0.277778       0.             0.             0.
0.185185       0.             0.             0.

0.             0.589416       0.             0.
0.             0.589416       0.             0.
-0.196024      -0.566903      0.0400197      -0.223372
-0.0789461     -0.321098      0.0619994      -0.120408
-0.035323      -0.19866       0.0288393      -0.0474626
0.             0.555555       0.             0.
0.             0.277778       0.             0.
0.             0.185185       0.             0.

0.288754       0.             0.825183       0.
-0.288754      0.             0.825183       0.
-0.0686874     0.0400197      -0.397131      0.0375371
-0.000703811   0.0619994      -0.273849      0.057299
0.             0.0288393      -0.185181      0.0190509
0.             0.             0.555555       0.
0.             0.             0.277778       0.
0.             0.             0.185185       0.

0.             0.             0.             0.825183
0.             0.             0.             0.825183
-0.097149      -0.223372      0.0375371      -0.501898
-0.038128      -0.120408      0.057299       -0.344217
-0.0116695     -0.0474626     0.0190509      -0.203063
0.             0.             0.             0.555555
0.             0.             0.             0.277778
0.             0.             0.             0.185185


    Hamiltonian Matrix B:    < psi_{i,B} | H_k | psi_{j,B} >
    H_1 = T_kin,    H_2 = V_pot,    H_3 = V_2-A,    H_4 = V_2-C,    H_5 = V_B-A,    H_6 = V_B-C 

HijkB: {{{0.35364975, 0.35364975, -0.5108081423, -0.5108081423, -0.2776459602, 0.5555552469, 0.5555552469, 0.2777776235}, {0., 0., -0.1960243137, 0.1960243137, 0.0789461042, 0., 0., 0.}, {0.2887538117, -0.2887538117, -0.06868738027, -0.06868738027, -0.0007038110528, 0., 0., 0.}, {0., 0., -0.0971489671, -0.0971489671, -0.03812799265, 0., 0., 0.}}, {{0., 0., -0.1960243137, 0.1960243137, 0.0789461042, 0., 0., 0.}, {0.58941625, 0.58941625, -0.5669030891, -0.5669030891, -0.3210977216, 0.5555552469, 0.5555552469, 0.2777776235}, {0., 0., 0.04001969046, -0.04001969046, -0.06199936429, 0., 0., 0.}, {0., 0., -0.2233724905, 0.2233724905, 0.1204076093, 0., 0., 0.}}, {{0.2887538117, -0.2887538117, -0.06868738027, -0.06868738027, -0.0007038110528, 0., 0., 0.}, {0., 0., 0.04001969046, -0.04001969046, -0.06199936429, 0., 0., 0.}, {0.82518275, 0.82518275, -0.3971314317, -0.3971314317, -0.2738487614, 0.5555552469, 0.5555552469, 0.2777776235}, {0., 0., 0.03753710926, 0.03753710926, 0.05729904326, 0., 0., 0.}}, {{0., 0., -0.0971489671, -0.0971489671, -0.03812799265, 0., 0., 0.}, {0., 0., -0.2233724905, 0.2233724905, 0.1204076093, 0., 0., 0.}, {0., 0., 0.03753710926, 0.03753710926, 0.05729904326, 0., 0., 0.}, {0.82518275, 0.82518275, -0.5018976552, -0.5018976552, -0.3442166387, 0.5555552469, 0.5555552469, 0.2777776235}}}
0.35365        0.             0.288754       0.
0.35365        0.             -0.288754      0.
-0.510808      -0.196024      -0.0686874     -0.097149
-0.510808      0.196024       -0.0686874     -0.097149
-0.277646      0.0789461      -0.000703811   -0.038128
0.555555       0.             0.             0.
0.555555       0.             0.             0.
0.277778       0.             0.             0.

0.             0.589416       0.             0.
0.             0.589416       0.             0.
-0.196024      -0.566903      0.0400197      -0.223372
0.196024       -0.566903      -0.0400197     0.223372
0.0789461      -0.321098      -0.0619994     0.120408
0.             0.555555       0.             0.
0.             0.555555       0.             0.
0.             0.277778       0.             0.

0.288754       0.             0.825183       0.
-0.288754      0.             0.825183       0.
-0.0686874     0.0400197      -0.397131      0.0375371
-0.0686874     -0.0400197     -0.397131      0.0375371
-0.000703811   -0.0619994     -0.273849      0.057299
0.             0.             0.555555       0.
0.             0.             0.555555       0.
0.             0.             0.277778       0.

0.             0.             0.             0.825183
0.             0.             0.             0.825183
-0.097149      -0.223372      0.0375371      -0.501898
-0.097149      0.223372       0.0375371      -0.501898
-0.038128      0.120408       0.057299       -0.344217
0.             0.             0.             0.555555
0.             0.             0.             0.555555
0.             0.             0.             0.277778


    Hamiltonian Matrix C:    < psi_{i,C} | H_k | psi_{j,C} >
    H_1 = T_kin,    H_2 = V_pot,    H_3 = V_3-A,    H_4 = V_3-B,    H_5 = V_C-A,    H_6 = V_C-B 

HijkC: {{{0.35364975, 0.35364975, -0.2776459602, -0.5108081423, -0.5108081423, 0.2777776235, 0.5555552469, 0.5555552469}, {0., 0., 0.0789461042, 0.1960243137, -0.1960243137, 0., 0., 0.}, {0.2887538117, -0.2887538117, -0.0007038110528, -0.06868738027, -0.06868738027, 0., 0., 0.}, {0., 0., -0.03812799265, -0.0971489671, -0.0971489671, 0., 0., 0.}}, {{0., 0., 0.0789461042, 0.1960243137, -0.1960243137, 0., 0., 0.}, {0.58941625, 0.58941625, -0.3210977216, -0.5669030891, -0.5669030891, 0.2777776235, 0.5555552469, 0.5555552469}, {0., 0., -0.06199936429, -0.04001969046, 0.04001969046, 0., 0., 0.}, {0., 0., 0.1204076093, 0.2233724905, -0.2233724905, 0., 0., 0.}}, {{0.2887538117, -0.2887538117, -0.0007038110528, -0.06868738027, -0.06868738027, 0., 0., 0.}, {0., 0., -0.06199936429, -0.04001969046, 0.04001969046, 0., 0., 0.}, {0.82518275, 0.82518275, -0.2738487614, -0.3971314317, -0.3971314317, 0.2777776235, 0.5555552469, 0.5555552469}, {0., 0., 0.05729904326, 0.03753710926, 0.03753710926, 0., 0., 0.}}, {{0., 0., -0.03812799265, -0.0971489671, -0.0971489671, 0., 0., 0.}, {0., 0., 0.1204076093, 0.2233724905, -0.2233724905, 0., 0., 0.}, {0., 0., 0.05729904326, 0.03753710926, 0.03753710926, 0., 0., 0.}, {0.82518275, 0.82518275, -0.3442166387, -0.5018976552, -0.5018976552, 0.2777776235, 0.5555552469, 0.5555552469}}}
0.35365        0.             0.288754       0.
0.35365        0.             -0.288754      0.
-0.277646      0.0789461      -0.000703811   -0.038128
-0.510808      0.196024       -0.0686874     -0.097149
-0.510808      -0.196024      -0.0686874     -0.097149
0.277778       0.             0.             0.
0.555555       0.             0.             0.
0.555555       0.             0.             0.

0.             0.589416       0.             0.
0.             0.589416       0.             0.
0.0789461      -0.321098      -0.0619994     0.120408
0.196024       -0.566903      -0.0400197     0.223372
-0.196024      -0.566903      0.0400197      -0.223372
0.             0.277778       0.             0.
0.             0.555555       0.             0.
0.             0.555555       0.             0.

0.288754       0.             0.825183       0.
-0.288754      0.             0.825183       0.
-0.000703811   -0.0619994     -0.273849      0.057299
-0.0686874     -0.0400197     -0.397131      0.0375371
-0.0686874     0.0400197      -0.397131      0.0375371
0.             0.             0.277778       0.
0.             0.             0.555555       0.
0.             0.             0.555555       0.

0.             0.             0.             0.825183
0.             0.             0.             0.825183
-0.038128      0.120408       0.057299       -0.344217
-0.097149      0.223372       0.0375371      -0.501898
-0.097149      -0.223372      0.0375371      -0.501898
0.             0.             0.             0.277778
0.             0.             0.             0.555555
0.             0.             0.             0.555555


    Hamiltonian Matrix AB:    < psi_{i1,A} <psi_{i2,B} | V_e-e | psi_{i3,A} <psi_{i4,B} >

HijkAB: {{{{0.4360520896, 0.1033060965, 0.05221272688, 0.02836845685}, {0.1033060965, -0.009805035066, 0.04557531894, -0.01563921962}, {0.05228685135, 0.04557531894, 0.01579890915, 0.02309592498}, {0.02836845685, -0.01563921962, 0.02309592498, 0.0004103857875}}, {{0.1033060965, 0.4270778017, -0.03900064884, 0.1045398842}, {-0.009805035066, 0.04814825536, 0.02182560538, -0.0298292142}, {0.04557531894, 0.06597106184, -0.004704055735, 0.04643887939}, {-0.01563921962, 0.01016718158, 0.006698705131, -0.007828081782}}, {{0.05221272688, -0.03900064884, 0.3664860887, -0.02320609405}, {0.04557531894, 0.02182560538, 0.06111498516, 0.01958860327}, {0.01579890915, -0.004704055735, 0.03115606232, -0.01173306583}, {0.02309592498, 0.006698705131, 0.01655848078, -0.003884627454}}, {{0.02836845685, 0.1045398842, -0.02320609405, 0.3839183996}, {-0.01563921962, -0.0298292142, 0.01958860327, 0.0205368287}, {0.02309592498, 0.04643887939, -0.01173306583, 0.04972281256}, {0.0004104297077, -0.007828081782, -0.003884627454, 0.008873667349}}}, {{{0.1033060965, -0.009805035066, 0.04557531894, -0.01563921962}, {0.4270778017, 0.04814825536, 0.06597106184, 0.01017908378}, {-0.03900064884, 0.02183280137, -0.004704055735, 0.006698705131}, {0.1045398842, -0.0298292142, 0.04643887939, -0.007828081782}}, {{-0.009805035066, 0.04814825536, 0.02182560538, -0.0298292142}, {0.04814825536, 0.3840202113, -0.0269099734, 0.0568730742}, {0.02183280137, -0.0269099734, -0.002798566401, 0.01532279574}, {-0.0298292142, 0.0568730742, 0.01532279574, -0.0323641796}}, {{0.04557531894, 0.02182560538, 0.06111498516, 0.01958860327}, {0.06597106184, -0.0269099734, 0.3601763379, -0.01831072069}, {-0.004704055735, -0.002798566401, -0.02703028835, -0.00449300285}, {0.04643887939, 0.01532279574, 0.0663245944, 0.009939620055}}, {{-0.01563921962, -0.0298292142, 0.01958860327, 0.0205368287}, {0.01020054758, 0.0568730742, -0.01831072069, 0.3532680823}, {0.006698705131, 0.01532279574, -0.00449300285, -0.02716115383}, {-0.007828081782, -0.0323641796, 0.009939620055, 0.03081777299}}}, {{{0.05228685135, 0.04557531894, 0.01579890915, 0.02309592498}, {-0.03900064884, 0.02183280137, -0.004704055735, 0.006698705131}, {0.3664860887, 0.06111485078, 0.03118290486, 0.01655848078}, {-0.02320609405, 0.01958860327, -0.01173306583, -0.003889772901}}, {{0.04557531894, 0.06597106184, -0.004704055735, 0.04643887939}, {0.02183280137, -0.0269099734, -0.002798566401, 0.01532279574}, {0.06111485078, 0.3601763379, -0.02703028835, 0.0663245944}, {0.01958860327, -0.01831072069, -0.00449300285, 0.009939620055}}, {{0.01579890915, -0.004704055735, 0.03115606232, -0.01173306583}, {-0.004704055735, -0.002798566401, -0.02703028835, -0.00449300285}, {0.03118290486, -0.02703028835, 0.3200565864, -0.009826889401}, {-0.01173306583, -0.00449300285, -0.009826889401, 0.005483736994}}, {{0.02309592498, 0.04643887939, -0.01173306583, 0.04972281256}, {0.006698705131, 0.01532279574, -0.00449300285, -0.02716115383}, {0.01655848078, 0.0663245944, -0.009826889401, 0.3340030889}, {-0.003889775141, 0.009939620055, 0.005483736994, -0.01224741149}}}, {{{0.02836845685, -0.01563921962, 0.02309592498, 0.0004104297077}, {0.1045398842, -0.0298292142, 0.04643887939, -0.007828081782}, {-0.02320609405, 0.01958860327, -0.01173306583, -0.003889772901}, {0.3839217686, 0.0205413658, 0.04971875776, 0.008873529968}}, {{-0.01563921962, 0.01016718158, 0.006698705131, -0.007828081782}, {-0.0298292142, 0.0568730742, 0.01532279574, -0.0323641796}, {0.01958860327, -0.01831072069, -0.00449300285, 0.009939620055}, {0.0205413658, 0.3532742393, -0.02716665583, 0.03081777299}}, {{0.02309592498, 0.006698705131, 0.01655848078, -0.00388462467}, {0.04643887939, 0.01532279574, 0.0663245944, 0.009939620055}, {-0.01173306583, -0.00449300285, -0.009826889401, 0.005483736994}, {0.04971875776, -0.02716665583, 0.3340080173, -0.01224741149}}, {{0.0004103857875, -0.007828081782, -0.00388462467, 0.008873667349}, {-0.007828081782, -0.0323641796, 0.009939620055, 0.03081777299}, {-0.003889775141, 0.009939620055, 0.005483736994, -0.01224741149}, {0.008873529968, 0.03081777299, -0.01224741149, 0.324124469}}}}
0.436052    0.103306    0.0522127   0.0283685     0.103306    0.427078    -0.0390006  0.10454       0.0522127   -0.0390006  0.366486    -0.0232061    0.0283685   0.10454     -0.0232061  0.383918
0.103306    -0.00980504 0.0455753   -0.0156392    -0.00980504 0.0481483   0.0218256   -0.0298292    0.0455753   0.0218256   0.061115    0.0195886     -0.0156392  -0.0298292  0.0195886   0.0205368
0.0522869   0.0455753   0.0157989   0.0230959     0.0455753   0.0659711   -0.00470406 0.0464389     0.0157989   -0.00470406 0.0311561   -0.0117331    0.0230959   0.0464389   -0.0117331  0.0497228
0.0283685   -0.0156392  0.0230959   0.000410386   -0.0156392  0.0101672   0.00669871  -0.00782808   0.0230959   0.00669871  0.0165585   -0.00388463   0.00041043  -0.00782808 -0.00388463 0.00887367

0.103306    -0.00980504 0.0455753   -0.0156392    -0.00980504 0.0481483   0.0218256   -0.0298292    0.0455753   0.0218256   0.061115    0.0195886     -0.0156392  -0.0298292  0.0195886   0.0205368
0.427078    0.0481483   0.0659711   0.0101791     0.0481483   0.38402     -0.02691    0.0568731     0.0659711   -0.02691    0.360176    -0.0183107    0.0102005   0.0568731   -0.0183107  0.353268
-0.0390006  0.0218328   -0.00470406 0.00669871    0.0218328   -0.02691    -0.00279857 0.0153228     -0.00470406 -0.00279857 -0.0270303  -0.004493     0.00669871  0.0153228   -0.004493   -0.0271612
0.10454     -0.0298292  0.0464389   -0.00782808   -0.0298292  0.0568731   0.0153228   -0.0323642    0.0464389   0.0153228   0.0663246   0.00993962    -0.00782808 -0.0323642  0.00993962  0.0308178

0.0522869   0.0455753   0.0157989   0.0230959     0.0455753   0.0659711   -0.00470406 0.0464389     0.0157989   -0.00470406 0.0311561   -0.0117331    0.0230959   0.0464389   -0.0117331  0.0497228
-0.0390006  0.0218328   -0.00470406 0.00669871    0.0218328   -0.02691    -0.00279857 0.0153228     -0.00470406 -0.00279857 -0.0270303  -0.004493     0.00669871  0.0153228   -0.004493   -0.0271612
0.366486    0.0611149   0.0311829   0.0165585     0.0611149   0.360176    -0.0270303  0.0663246     0.0311829   -0.0270303  0.320057    -0.00982689   0.0165585   0.0663246   -0.00982689 0.334003
-0.0232061  0.0195886   -0.0117331  -0.00388977   0.0195886   -0.0183107  -0.004493   0.00993962    -0.0117331  -0.004493   -0.00982689 0.00548374    -0.00388978 0.00993962  0.00548374  -0.0122474

0.0283685   -0.0156392  0.0230959   0.00041043    -0.0156392  0.0101672   0.00669871  -0.00782808   0.0230959   0.00669871  0.0165585   -0.00388462   0.000410386 -0.00782808 -0.00388462 0.00887367
0.10454     -0.0298292  0.0464389   -0.00782808   -0.0298292  0.0568731   0.0153228   -0.0323642    0.0464389   0.0153228   0.0663246   0.00993962    -0.00782808 -0.0323642  0.00993962  0.0308178
-0.0232061  0.0195886   -0.0117331  -0.00388977   0.0195886   -0.0183107  -0.004493   0.00993962    -0.0117331  -0.004493   -0.00982689 0.00548374    -0.00388978 0.00993962  0.00548374  -0.0122474
0.383922    0.0205414   0.0497188   0.00887353    0.0205414   0.353274    -0.0271667  0.0308178     0.0497188   -0.0271667  0.334008    -0.0122474    0.00887353  0.0308178   -0.0122474  0.324124


    Hamiltonian Matrix AC:    < psi_{i1,A} <psi_{i2,C} | V_e-e | psi_{i3,A} <psi_{i4,C} >

HijkAC: {{{{0.2741375585, -0.07114762447, 0.005215409655, 0.02780712082}, {0.07114762447, -0.02800058194, 0.009309153835, 0.01083568723}, {0.005226702347, -0.009309153835, -0.00333935308, 0.009228514267}, {0.02780712082, -0.01083568723, 0.009228458008, 0.003943678119}}, {{-0.07114762447, 0.3018851955, 0.04881376148, -0.0928768796}, {-0.02800058194, 0.07621254914, 0.009274469368, -0.02915568917}, {-0.009309153835, 0.01881175447, 0.00958831955, -0.02165579311}, {-0.01083568723, 0.02480528209, -0.00220421111, -0.008380848902}}, {{0.005215409655, 0.04881376148, 0.2621485782, -0.03611932483}, {0.009309153835, 0.009274469368, 0.05385710448, -0.0067315086}, {-0.00333935308, 0.00958831955, 0.008542987627, -0.01353700682}, {0.009228458008, -0.00220421111, 0.01426143702, 0.0004810062778}}, {{0.02780712082, -0.0928768796, -0.03611932483, 0.3018720835}, {0.01083568723, -0.02915568917, -0.0067315086, 0.06447282286}, {0.009228514267, -0.02165579311, -0.01353700682, 0.02860002167}, {0.003943678119, -0.008380848902, 0.0004810062778, 0.0166702013}}}, {{{0.07114762447, -0.02800058194, 0.009309153835, 0.01083568723}, {0.3018851955, -0.07621254914, 0.01881175447, 0.02479780609}, {-0.04881376148, 0.009274678461, -0.00958831955, 0.00220421111}, {0.0928768796, -0.02915568917, 0.02165579311, 0.008380848902}}, {{-0.02800058194, 0.07621254914, 0.009274469368, -0.02915568917}, {-0.07621254914, 0.3150882033, 0.03860013555, -0.08530300542}, {0.009274678461, -0.03860013555, -0.00004049074367, 0.001458867678}, {-0.02915620371, 0.08530300542, 0.001458867678, -0.02369658672}}, {{0.009309153835, 0.009274469368, 0.05385710448, -0.0067315086}, {0.01881175447, 0.03860013555, 0.2715782331, -0.02461965279}, {-0.00958831955, -0.00004049074367, -0.03674305283, -0.003758728998}, {0.02165579311, 0.001458867678, 0.06388509329, -0.001403048216}}, {{0.01083568723, -0.02915568917, -0.0067315086, 0.06447282286}, {0.02479780636, -0.08530300542, -0.02461965279, 0.2979464219}, {0.00220421111, 0.001458867678, -0.003758728998, -0.02772217297}, {0.008380848902, -0.02369658672, -0.001403048216, 0.06581071003}}}, {{{0.005226702347, -0.009309153835, -0.00333935308, 0.009228514267}, {-0.04881376148, 0.009274678461, -0.00958831955, 0.00220421111}, {0.2621503107, -0.05385710448, 0.008556417807, 0.01426143702}, {-0.03611932483, 0.0067315086, -0.01353700682, 0.0004770368456}}, {{-0.009309153835, 0.01881175447, 0.00958831955, -0.02165579311}, {0.009274678461, -0.03860013555, -0.00004049074367, 0.001458867678}, {-0.05385710448, 0.2715782331, 0.03674305283, -0.06388509329}, {0.0067315086, -0.02461965279, 0.003758728998, 0.001403048216}}, {{-0.00333935308, 0.00958831955, 0.008542987627, -0.01353700682}, {-0.00958831955, -0.00004049074367, -0.03674305283, -0.003758728998}, {0.008556417807, 0.03674305283, 0.2485799839, -0.02046160514}, {-0.01353700682, 0.003758728998, -0.02046160514, -0.001980504681}}, {{0.009228514267, -0.02165579311, -0.01353700682, 0.02860002167}, {0.00220421111, 0.001458867678, -0.003758728998, -0.02772217297}, {0.01426143702, -0.06388509329, -0.02046160514, 0.2672323331}, {0.0004770368456, 0.001403048216, -0.001980504681, -0.01554201449}}}, {{{0.02780712082, -0.01083568723, 0.009228458008, 0.003943678119}, {0.0928768796, -0.02915568917, 0.02165579311, 0.008380848902}, {-0.03611932483, 0.0067315086, -0.01353700682, 0.0004770368456}, {0.3018720835, -0.06447282286, 0.02860002167, 0.0166702013}}, {{-0.01083568723, 0.02480528206, -0.00220421111, -0.008380848902}, {-0.02915620371, 0.08530300542, 0.001458867678, -0.02369658672}, {0.0067315086, -0.02461965279, 0.003758728998, 0.001403048216}, {-0.06447282286, 0.2979464219, 0.02772217297, -0.06581071003}}, {{0.009228458008, -0.00220421111, 0.01426143702, 0.0004810048634}, {0.02165579311, 0.001458867678, 0.06388509329, -0.001403048216}, {-0.01353700682, 0.003758728998, -0.02046160514, -0.001980504681}, {0.02860002167, 0.02772217297, 0.2672323331, -0.01554201449}}, {{0.003943678119, -0.008380848902, 0.0004810048634, 0.0166702013}, {0.008380848902, -0.02369658672, -0.001403048216, 0.06581071003}, {0.0004770368456, 0.001403048216, -0.001980504681, -0.01554201449}, {0.0166702013, -0.06581071003, -0.01554201449, 0.2759992165}}}}
0.274138      -0.0711476    0.00521541    0.0278071       -0.0711476    0.301885      0.0488138     -0.0928769      0.00521541    0.0488138     0.262149      -0.0361193      0.0278071     -0.0928769    -0.0361193    0.301872
0.0711476     -0.0280006    0.00930915    0.0108357       -0.0280006    0.0762125     0.00927447    -0.0291557      0.00930915    0.00927447    0.0538571     -0.00673151     0.0108357     -0.0291557    -0.00673151   0.0644728
0.0052267     -0.00930915   -0.00333935   0.00922851      -0.00930915   0.0188118     0.00958832    -0.0216558      -0.00333935   0.00958832    0.00854299    -0.013537       0.00922851    -0.0216558    -0.013537     0.0286
0.0278071     -0.0108357    0.00922846    0.00394368      -0.0108357    0.0248053     -0.00220421   -0.00838085     0.00922846    -0.00220421   0.0142614     0.000481006     0.00394368    -0.00838085   0.000481006   0.0166702

0.0711476     -0.0280006    0.00930915    0.0108357       -0.0280006    0.0762125     0.00927447    -0.0291557      0.00930915    0.00927447    0.0538571     -0.00673151     0.0108357     -0.0291557    -0.00673151   0.0644728
0.301885      -0.0762125    0.0188118     0.0247978       -0.0762125    0.315088      0.0386001     -0.085303       0.0188118     0.0386001     0.271578      -0.0246197      0.0247978     -0.085303     -0.0246197    0.297946
-0.0488138    0.00927468    -0.00958832   0.00220421      0.00927468    -0.0386001    -0.0000404907 0.00145887      -0.00958832   -0.0000404907 -0.0367431    -0.00375873     0.00220421    0.00145887    -0.00375873   -0.0277222
0.0928769     -0.0291557    0.0216558     0.00838085      -0.0291562    0.085303      0.00145887    -0.0236966      0.0216558     0.00145887    0.0638851     -0.00140305     0.00838085    -0.0236966    -0.00140305   0.0658107

0.0052267     -0.00930915   -0.00333935   0.00922851      -0.00930915   0.0188118     0.00958832    -0.0216558      -0.00333935   0.00958832    0.00854299    -0.013537       0.00922851    -0.0216558    -0.013537     0.0286
-0.0488138    0.00927468    -0.00958832   0.00220421      0.00927468    -0.0386001    -0.0000404907 0.00145887      -0.00958832   -0.0000404907 -0.0367431    -0.00375873     0.00220421    0.00145887    -0.00375873   -0.0277222
0.26215       -0.0538571    0.00855642    0.0142614       -0.0538571    0.271578      0.0367431     -0.0638851      0.00855642    0.0367431     0.24858       -0.0204616      0.0142614     -0.0638851    -0.0204616    0.267232
-0.0361193    0.00673151    -0.013537     0.000477037     0.00673151    -0.0246197    0.00375873    0.00140305      -0.013537     0.00375873    -0.0204616    -0.0019805      0.000477037   0.00140305    -0.0019805    -0.015542

0.0278071     -0.0108357    0.00922846    0.00394368      -0.0108357    0.0248053     -0.00220421   -0.00838085     0.00922846    -0.00220421   0.0142614     0.000481005     0.00394368    -0.00838085   0.000481005   0.0166702
0.0928769     -0.0291557    0.0216558     0.00838085      -0.0291562    0.085303      0.00145887    -0.0236966      0.0216558     0.00145887    0.0638851     -0.00140305     0.00838085    -0.0236966    -0.00140305   0.0658107
-0.0361193    0.00673151    -0.013537     0.000477037     0.00673151    -0.0246197    0.00375873    0.00140305      -0.013537     0.00375873    -0.0204616    -0.0019805      0.000477037   0.00140305    -0.0019805    -0.015542
0.301872      -0.0644728    0.0286        0.0166702       -0.0644728    0.297946      0.0277222     -0.0658107      0.0286        0.0277222     0.267232      -0.015542       0.0166702     -0.0658107    -0.015542     0.275999


    Hamiltonian Matrix BA:    < psi_{i1,B} <psi_{i2,A} | V_e-e | psi_{i3,B} <psi_{i4,A} >

HijkBA: {{{{0.4360520896, 0.1033060965, 0.05221272688, 0.02836845685}, {0.1033060965, -0.009805035066, 0.04557531894, -0.01563921962}, {0.05228685135, 0.04557531894, 0.01579890915, 0.02309592498}, {0.02836845685, -0.01563921962, 0.02309592498, 0.0004103857875}}, {{0.1033060965, 0.4270778017, -0.03900064884, 0.1045398842}, {-0.009805035066, 0.04814825536, 0.02182560538, -0.0298292142}, {0.04557531894, 0.06597106184, -0.004704055735, 0.04643887939}, {-0.01563921962, 0.01016718158, 0.006698705131, -0.007828081782}}, {{0.05221272688, -0.03900064884, 0.3664860887, -0.02320609405}, {0.04557531894, 0.02182560538, 0.06111498516, 0.01958860327}, {0.01579890915, -0.004704055735, 0.03115606232, -0.01173306583}, {0.02309592498, 0.006698705131, 0.01655848078, -0.003884627454}}, {{0.02836845685, 0.1045398842, -0.02320609405, 0.3839183996}, {-0.01563921962, -0.0298292142, 0.01958860327, 0.0205368287}, {0.02309592498, 0.04643887939, -0.01173306583, 0.04972281256}, {0.0004104297077, -0.007828081782, -0.003884627454, 0.008873667349}}}, {{{0.1033060965, -0.009805035066, 0.04557531894, -0.01563921962}, {0.4270778017, 0.04814825536, 0.06597106184, 0.01017908378}, {-0.03900064884, 0.02183280137, -0.004704055735, 0.006698705131}, {0.1045398842, -0.0298292142, 0.04643887939, -0.007828081782}}, {{-0.009805035066, 0.04814825536, 0.02182560538, -0.0298292142}, {0.04814825536, 0.3840202113, -0.0269099734, 0.0568730742}, {0.02183280137, -0.0269099734, -0.002798566401, 0.01532279574}, {-0.0298292142, 0.0568730742, 0.01532279574, -0.0323641796}}, {{0.04557531894, 0.02182560538, 0.06111498516, 0.01958860327}, {0.06597106184, -0.0269099734, 0.3601763379, -0.01831072069}, {-0.004704055735, -0.002798566401, -0.02703028835, -0.00449300285}, {0.04643887939, 0.01532279574, 0.0663245944, 0.009939620055}}, {{-0.01563921962, -0.0298292142, 0.01958860327, 0.0205368287}, {0.01020054758, 0.0568730742, -0.01831072069, 0.3532680823}, {0.006698705131, 0.01532279574, -0.00449300285, -0.02716115383}, {-0.007828081782, -0.0323641796, 0.009939620055, 0.03081777299}}}, {{{0.05228685135, 0.04557531894, 0.01579890915, 0.02309592498}, {-0.03900064884, 0.02183280137, -0.004704055735, 0.006698705131}, {0.3664860887, 0.06111485078, 0.03118290486, 0.01655848078}, {-0.02320609405, 0.01958860327, -0.01173306583, -0.003889772901}}, {{0.04557531894, 0.06597106184, -0.004704055735, 0.04643887939}, {0.02183280137, -0.0269099734, -0.002798566401, 0.01532279574}, {0.06111485078, 0.3601763379, -0.02703028835, 0.0663245944}, {0.01958860327, -0.01831072069, -0.00449300285, 0.009939620055}}, {{0.01579890915, -0.004704055735, 0.03115606232, -0.01173306583}, {-0.004704055735, -0.002798566401, -0.02703028835, -0.00449300285}, {0.03118290486, -0.02703028835, 0.3200565864, -0.009826889401}, {-0.01173306583, -0.00449300285, -0.009826889401, 0.005483736994}}, {{0.02309592498, 0.04643887939, -0.01173306583, 0.04972281256}, {0.006698705131, 0.01532279574, -0.00449300285, -0.02716115383}, {0.01655848078, 0.0663245944, -0.009826889401, 0.3340030889}, {-0.003889775141, 0.009939620055, 0.005483736994, -0.01224741149}}}, {{{0.02836845685, -0.01563921962, 0.02309592498, 0.0004104297077}, {0.1045398842, -0.0298292142, 0.04643887939, -0.007828081782}, {-0.02320609405, 0.01958860327, -0.01173306583, -0.003889772901}, {0.3839217686, 0.0205413658, 0.04971875776, 0.008873529968}}, {{-0.01563921962, 0.01016718158, 0.006698705131, -0.007828081782}, {-0.0298292142, 0.0568730742, 0.01532279574, -0.0323641796}, {0.01958860327, -0.01831072069, -0.00449300285, 0.009939620055}, {0.0205413658, 0.3532742393, -0.02716665583, 0.03081777299}}, {{0.02309592498, 0.006698705131, 0.01655848078, -0.00388462467}, {0.04643887939, 0.01532279574, 0.0663245944, 0.009939620055}, {-0.01173306583, -0.00449300285, -0.009826889401, 0.005483736994}, {0.04971875776, -0.02716665583, 0.3340080173, -0.01224741149}}, {{0.0004103857875, -0.007828081782, -0.00388462467, 0.008873667349}, {-0.007828081782, -0.0323641796, 0.009939620055, 0.03081777299}, {-0.003889775141, 0.009939620055, 0.005483736994, -0.01224741149}, {0.008873529968, 0.03081777299, -0.01224741149, 0.324124469}}}}
0.436052    0.103306    0.0522127   0.0283685     0.103306    0.427078    -0.0390006  0.10454       0.0522127   -0.0390006  0.366486    -0.0232061    0.0283685   0.10454     -0.0232061  0.383918
0.103306    -0.00980504 0.0455753   -0.0156392    -0.00980504 0.0481483   0.0218256   -0.0298292    0.0455753   0.0218256   0.061115    0.0195886     -0.0156392  -0.0298292  0.0195886   0.0205368
0.0522869   0.0455753   0.0157989   0.0230959     0.0455753   0.0659711   -0.00470406 0.0464389     0.0157989   -0.00470406 0.0311561   -0.0117331    0.0230959   0.0464389   -0.0117331  0.0497228
0.0283685   -0.0156392  0.0230959   0.000410386   -0.0156392  0.0101672   0.00669871  -0.00782808   0.0230959   0.00669871  0.0165585   -0.00388463   0.00041043  -0.00782808 -0.00388463 0.00887367

0.103306    -0.00980504 0.0455753   -0.0156392    -0.00980504 0.0481483   0.0218256   -0.0298292    0.0455753   0.0218256   0.061115    0.0195886     -0.0156392  -0.0298292  0.0195886   0.0205368
0.427078    0.0481483   0.0659711   0.0101791     0.0481483   0.38402     -0.02691    0.0568731     0.0659711   -0.02691    0.360176    -0.0183107    0.0102005   0.0568731   -0.0183107  0.353268
-0.0390006  0.0218328   -0.00470406 0.00669871    0.0218328   -0.02691    -0.00279857 0.0153228     -0.00470406 -0.00279857 -0.0270303  -0.004493     0.00669871  0.0153228   -0.004493   -0.0271612
0.10454     -0.0298292  0.0464389   -0.00782808   -0.0298292  0.0568731   0.0153228   -0.0323642    0.0464389   0.0153228   0.0663246   0.00993962    -0.00782808 -0.0323642  0.00993962  0.0308178

0.0522869   0.0455753   0.0157989   0.0230959     0.0455753   0.0659711   -0.00470406 0.0464389     0.0157989   -0.00470406 0.0311561   -0.0117331    0.0230959   0.0464389   -0.0117331  0.0497228
-0.0390006  0.0218328   -0.00470406 0.00669871    0.0218328   -0.02691    -0.00279857 0.0153228     -0.00470406 -0.00279857 -0.0270303  -0.004493     0.00669871  0.0153228   -0.004493   -0.0271612
0.366486    0.0611149   0.0311829   0.0165585     0.0611149   0.360176    -0.0270303  0.0663246     0.0311829   -0.0270303  0.320057    -0.00982689   0.0165585   0.0663246   -0.00982689 0.334003
-0.0232061  0.0195886   -0.0117331  -0.00388977   0.0195886   -0.0183107  -0.004493   0.00993962    -0.0117331  -0.004493   -0.00982689 0.00548374    -0.00388978 0.00993962  0.00548374  -0.0122474

0.0283685   -0.0156392  0.0230959   0.00041043    -0.0156392  0.0101672   0.00669871  -0.00782808   0.0230959   0.00669871  0.0165585   -0.00388462   0.000410386 -0.00782808 -0.00388462 0.00887367
0.10454     -0.0298292  0.0464389   -0.00782808   -0.0298292  0.0568731   0.0153228   -0.0323642    0.0464389   0.0153228   0.0663246   0.00993962    -0.00782808 -0.0323642  0.00993962  0.0308178
-0.0232061  0.0195886   -0.0117331  -0.00388977   0.0195886   -0.0183107  -0.004493   0.00993962    -0.0117331  -0.004493   -0.00982689 0.00548374    -0.00388978 0.00993962  0.00548374  -0.0122474
0.383922    0.0205414   0.0497188   0.00887353    0.0205414   0.353274    -0.0271667  0.0308178     0.0497188   -0.0271667  0.334008    -0.0122474    0.00887353  0.0308178   -0.0122474  0.324124


    Hamiltonian Matrix BC:    < psi_{i1,B} <psi_{i2,C} | V_e-e | psi_{i3,B} <psi_{i4,C} >

HijkBC: {{{{0.4360520896, -0.1033060965, 0.05228563737, 0.02836845685}, {-0.1033060965, -0.009805035066, -0.04557531894, 0.01563921962}, {0.05222256875, -0.04557531894, 0.01579890915, 0.02309592498}, {0.02836845685, 0.01563921962, 0.02309592498, 0.0004103418673}}, {{-0.1033060965, 0.4270778017, 0.03900064884, -0.1045398842}, {-0.009805035066, -0.04814601833, 0.02183178825, -0.0298292142}, {-0.04557531894, 0.06597106184, 0.004704055735, -0.04643887939}, {0.01563921962, 0.01016713915, -0.006698705131, 0.007828081782}}, {{0.05228563737, 0.03900064884, 0.3664860887, -0.02320609405}, {-0.04557531894, 0.02183178825, -0.06111511954, -0.01958860327}, {0.01579890915, 0.004704055735, 0.03116503021, -0.01173306583}, {0.02309592498, -0.006698705131, 0.01655848078, -0.003887845078}}, {{0.02836845685, -0.1045398842, -0.02320609405, 0.3839200841}, {0.01563921962, -0.0298292142, -0.01958860327, -0.02053909725}, {0.02309592498, -0.04643887939, -0.01173306583, 0.04971875776}, {0.0004103418673, 0.007828081782, -0.003887845078, 0.008873529968}}}, {{{-0.1033060965, -0.009805035066, -0.04557531894, 0.01563921962}, {0.4270778017, -0.04814601833, 0.06597106184, 0.0102005485}, {0.03900064884, 0.0218266185, 0.004704055735, -0.006698705131}, {-0.1045398842, -0.0298292142, -0.04643887939, 0.007828081782}}, {{-0.009805035066, -0.04814601833, 0.02183178825, -0.0298292142}, {-0.04814601833, 0.3840202113, 0.0269099734, -0.0568730742}, {0.0218266185, 0.0269099734, -0.002798566401, 0.01532279574}, {-0.0298292142, -0.0568730742, 0.01532279574, -0.0323641796}}, {{-0.04557531894, 0.02183178825, -0.06111498516, -0.01958860327}, {0.06597106184, 0.0269099734, 0.3601763379, -0.01831072069}, {0.004704055735, -0.002798566401, 0.02703028835, 0.00449300285}, {-0.04643887939, 0.01532279574, -0.0663245944, -0.009939620055}}, {{0.01563921962, -0.0298292142, -0.01958860327, -0.02053909725}, {0.0102005485, -0.0568730742, -0.01831072069, 0.3532742393}, {-0.006698705131, 0.01532279574, 0.00449300285, 0.02716390483}, {0.007828081782, -0.0323641796, -0.009939620055, -0.03081777299}}}, {{{0.05222256875, -0.04557531894, 0.01579890915, 0.02309592498}, {0.03900064884, 0.0218266185, 0.004704055735, -0.006698705131}, {0.3664860887, -0.06111485078, 0.03117565199, 0.01655848078}, {-0.02320609405, -0.01958860327, -0.01173306583, -0.003886553801}}, {{-0.04557531894, 0.06597106184, 0.004704055735, -0.04643887939}, {0.0218266185, 0.0269099734, -0.002798566401, 0.01532279574}, {-0.06111485078, 0.3601763379, 0.02703028835, -0.0663245944}, {-0.01958860327, -0.01831072069, 0.00449300285, -0.009939620055}}, {{0.01579890915, 0.004704055735, 0.03116503021, -0.01173306583}, {0.004704055735, -0.002798566401, 0.02703028835, 0.00449300285}, {0.03117565199, 0.02703028835, 0.3200565864, -0.009826889401}, {-0.01173306583, 0.00449300285, -0.009826889401, 0.005483736994}}, {{0.02309592498, -0.04643887939, -0.01173306583, 0.04971875776}, {-0.006698705131, 0.01532279574, 0.00449300285, 0.02716390483}, {0.01655848078, -0.0663245944, -0.009826889401, 0.3340080173}, {-0.003886384216, -0.009939620055, 0.005483736994, -0.01224741149}}}, {{{0.02836845685, 0.01563921962, 0.02309592498, 0.0004103418673}, {-0.1045398842, -0.0298292142, -0.04643887939, 0.007828081782}, {-0.02320609405, -0.01958860327, -0.01173306583, -0.003886553801}, {0.3839200841, -0.02053909725, 0.04972078516, 0.008873529968}}, {{0.01563921962, 0.0101697079, -0.006698705131, 0.007828081782}, {-0.0298292142, -0.0568730742, 0.01532279574, -0.0323641796}, {-0.01958860327, -0.01831072069, 0.00449300285, -0.009939620055}, {-0.02053909725, 0.3532711608, 0.02716339048, -0.03081777299}}, {{0.02309592498, -0.006698705131, 0.01655848078, -0.003888014662}, {-0.04643887939, 0.01532279574, -0.0663245944, -0.009939620055}, {-0.01173306583, 0.00449300285, -0.009826889401, 0.005483736994}, {0.04972078516, 0.02716339048, 0.3340055531, -0.01224741149}}, {{0.0004103418673, 0.007828081782, -0.003888014662, 0.008873529968}, {0.007828081782, -0.0323641796, -0.009939620055, -0.03081777299}, {-0.003886384216, -0.009939620055, 0.005483736994, -0.01224741149}, {0.008873529968, -0.03081777299, -0.01224741149, 0.324124469}}}}
0.436052    -0.103306   0.0522856   0.0283685     -0.103306   0.427078    0.0390006   -0.10454      0.0522856   0.0390006   0.366486    -0.0232061    0.0283685   -0.10454    -0.0232061  0.38392
-0.103306   -0.00980504 -0.0455753  0.0156392     -0.00980504 -0.048146   0.0218318   -0.0298292    -0.0455753  0.0218318   -0.0611151  -0.0195886    0.0156392   -0.0298292  -0.0195886  -0.0205391
0.0522226   -0.0455753  0.0157989   0.0230959     -0.0455753  0.0659711   0.00470406  -0.0464389    0.0157989   0.00470406  0.031165    -0.0117331    0.0230959   -0.0464389  -0.0117331  0.0497188
0.0283685   0.0156392   0.0230959   0.000410342   0.0156392   0.0101671   -0.00669871 0.00782808    0.0230959   -0.00669871 0.0165585   -0.00388785   0.000410342 0.00782808  -0.00388785 0.00887353

-0.103306   -0.00980504 -0.0455753  0.0156392     -0.00980504 -0.048146   0.0218318   -0.0298292    -0.0455753  0.0218318   -0.061115   -0.0195886    0.0156392   -0.0298292  -0.0195886  -0.0205391
0.427078    -0.048146   0.0659711   0.0102005     -0.048146   0.38402     0.02691     -0.0568731    0.0659711   0.02691     0.360176    -0.0183107    0.0102005   -0.0568731  -0.0183107  0.353274
0.0390006   0.0218266   0.00470406  -0.00669871   0.0218266   0.02691     -0.00279857 0.0153228     0.00470406  -0.00279857 0.0270303   0.004493      -0.00669871 0.0153228   0.004493    0.0271639
-0.10454    -0.0298292  -0.0464389  0.00782808    -0.0298292  -0.0568731  0.0153228   -0.0323642    -0.0464389  0.0153228   -0.0663246  -0.00993962   0.00782808  -0.0323642  -0.00993962 -0.0308178

0.0522226   -0.0455753  0.0157989   0.0230959     -0.0455753  0.0659711   0.00470406  -0.0464389    0.0157989   0.00470406  0.031165    -0.0117331    0.0230959   -0.0464389  -0.0117331  0.0497188
0.0390006   0.0218266   0.00470406  -0.00669871   0.0218266   0.02691     -0.00279857 0.0153228     0.00470406  -0.00279857 0.0270303   0.004493      -0.00669871 0.0153228   0.004493    0.0271639
0.366486    -0.0611149  0.0311757   0.0165585     -0.0611149  0.360176    0.0270303   -0.0663246    0.0311757   0.0270303   0.320057    -0.00982689   0.0165585   -0.0663246  -0.00982689 0.334008
-0.0232061  -0.0195886  -0.0117331  -0.00388655   -0.0195886  -0.0183107  0.004493    -0.00993962   -0.0117331  0.004493    -0.00982689 0.00548374    -0.00388638 -0.00993962 0.00548374  -0.0122474

0.0283685   0.0156392   0.0230959   0.000410342   0.0156392   0.0101697   -0.00669871 0.00782808    0.0230959   -0.00669871 0.0165585   -0.00388801   0.000410342 0.00782808  -0.00388801 0.00887353
-0.10454    -0.0298292  -0.0464389  0.00782808    -0.0298292  -0.0568731  0.0153228   -0.0323642    -0.0464389  0.0153228   -0.0663246  -0.00993962   0.00782808  -0.0323642  -0.00993962 -0.0308178
-0.0232061  -0.0195886  -0.0117331  -0.00388655   -0.0195886  -0.0183107  0.004493    -0.00993962   -0.0117331  0.004493    -0.00982689 0.00548374    -0.00388638 -0.00993962 0.00548374  -0.0122474
0.38392     -0.0205391  0.0497208   0.00887353    -0.0205391  0.353271    0.0271634   -0.0308178    0.0497208   0.0271634   0.334006    -0.0122474    0.00887353  -0.0308178  -0.0122474  0.324124


    Hamiltonian Matrix CA:    < psi_{i1,C} <psi_{i2,A} | V_e-e | psi_{i3,C} <psi_{i4,A} >

HijkCA: {{{{0.2741375585, -0.07114762447, 0.005215409655, 0.02780712082}, {0.07114762447, -0.02800058194, 0.009309153835, 0.01083568723}, {0.005226702347, -0.009309153835, -0.00333935308, 0.009228514267}, {0.02780712082, -0.01083568723, 0.009228458008, 0.003943678119}}, {{-0.07114762447, 0.3018851955, 0.04881376148, -0.0928768796}, {-0.02800058194, 0.07621254914, 0.009274469368, -0.02915568917}, {-0.009309153835, 0.01881175447, 0.00958831955, -0.02165579311}, {-0.01083568723, 0.02480528209, -0.00220421111, -0.008380848902}}, {{0.005215409655, 0.04881376148, 0.2621485782, -0.03611932483}, {0.009309153835, 0.009274469368, 0.05385710448, -0.0067315086}, {-0.00333935308, 0.00958831955, 0.008542987627, -0.01353700682}, {0.009228458008, -0.00220421111, 0.01426143702, 0.0004810062778}}, {{0.02780712082, -0.0928768796, -0.03611932483, 0.3018720835}, {0.01083568723, -0.02915568917, -0.0067315086, 0.06447282286}, {0.009228514267, -0.02165579311, -0.01353700682, 0.02860002167}, {0.003943678119, -0.008380848902, 0.0004810062778, 0.0166702013}}}, {{{0.07114762447, -0.02800058194, 0.009309153835, 0.01083568723}, {0.3018851955, -0.07621254914, 0.01881175447, 0.02479780609}, {-0.04881376148, 0.009274678461, -0.00958831955, 0.00220421111}, {0.0928768796, -0.02915568917, 0.02165579311, 0.008380848902}}, {{-0.02800058194, 0.07621254914, 0.009274469368, -0.02915568917}, {-0.07621254914, 0.3150882033, 0.03860013555, -0.08530300542}, {0.009274678461, -0.03860013555, -0.00004049074367, 0.001458867678}, {-0.02915620371, 0.08530300542, 0.001458867678, -0.02369658672}}, {{0.009309153835, 0.009274469368, 0.05385710448, -0.0067315086}, {0.01881175447, 0.03860013555, 0.2715782331, -0.02461965279}, {-0.00958831955, -0.00004049074367, -0.03674305283, -0.003758728998}, {0.02165579311, 0.001458867678, 0.06388509329, -0.001403048216}}, {{0.01083568723, -0.02915568917, -0.0067315086, 0.06447282286}, {0.02479780636, -0.08530300542, -0.02461965279, 0.2979464219}, {0.00220421111, 0.001458867678, -0.003758728998, -0.02772217297}, {0.008380848902, -0.02369658672, -0.001403048216, 0.06581071003}}}, {{{0.005226702347, -0.009309153835, -0.00333935308, 0.009228514267}, {-0.04881376148, 0.009274678461, -0.00958831955, 0.00220421111}, {0.2621503107, -0.05385710448, 0.008556417807, 0.01426143702}, {-0.03611932483, 0.0067315086, -0.01353700682, 0.0004770368456}}, {{-0.009309153835, 0.01881175447, 0.00958831955, -0.02165579311}, {0.009274678461, -0.03860013555, -0.00004049074367, 0.001458867678}, {-0.05385710448, 0.2715782331, 0.03674305283, -0.06388509329}, {0.0067315086, -0.02461965279, 0.003758728998, 0.001403048216}}, {{-0.00333935308, 0.00958831955, 0.008542987627, -0.01353700682}, {-0.00958831955, -0.00004049074367, -0.03674305283, -0.003758728998}, {0.008556417807, 0.03674305283, 0.2485799839, -0.02046160514}, {-0.01353700682, 0.003758728998, -0.02046160514, -0.001980504681}}, {{0.009228514267, -0.02165579311, -0.01353700682, 0.02860002167}, {0.00220421111, 0.001458867678, -0.003758728998, -0.02772217297}, {0.01426143702, -0.06388509329, -0.02046160514, 0.2672323331}, {0.0004770368456, 0.001403048216, -0.001980504681, -0.01554201449}}}, {{{0.02780712082, -0.01083568723, 0.009228458008, 0.003943678119}, {0.0928768796, -0.02915568917, 0.02165579311, 0.008380848902}, {-0.03611932483, 0.0067315086, -0.01353700682, 0.0004770368456}, {0.3018720835, -0.06447282286, 0.02860002167, 0.0166702013}}, {{-0.01083568723, 0.02480528206, -0.00220421111, -0.008380848902}, {-0.02915620371, 0.08530300542, 0.001458867678, -0.02369658672}, {0.0067315086, -0.02461965279, 0.003758728998, 0.001403048216}, {-0.06447282286, 0.2979464219, 0.02772217297, -0.06581071003}}, {{0.009228458008, -0.00220421111, 0.01426143702, 0.0004810048634}, {0.02165579311, 0.001458867678, 0.06388509329, -0.001403048216}, {-0.01353700682, 0.003758728998, -0.02046160514, -0.001980504681}, {0.02860002167, 0.02772217297, 0.2672323331, -0.01554201449}}, {{0.003943678119, -0.008380848902, 0.0004810048634, 0.0166702013}, {0.008380848902, -0.02369658672, -0.001403048216, 0.06581071003}, {0.0004770368456, 0.001403048216, -0.001980504681, -0.01554201449}, {0.0166702013, -0.06581071003, -0.01554201449, 0.2759992165}}}}
0.274138      -0.0711476    0.00521541    0.0278071       -0.0711476    0.301885      0.0488138     -0.0928769      0.00521541    0.0488138     0.262149      -0.0361193      0.0278071     -0.0928769    -0.0361193    0.301872
0.0711476     -0.0280006    0.00930915    0.0108357       -0.0280006    0.0762125     0.00927447    -0.0291557      0.00930915    0.00927447    0.0538571     -0.00673151     0.0108357     -0.0291557    -0.00673151   0.0644728
0.0052267     -0.00930915   -0.00333935   0.00922851      -0.00930915   0.0188118     0.00958832    -0.0216558      -0.00333935   0.00958832    0.00854299    -0.013537       0.00922851    -0.0216558    -0.013537     0.0286
0.0278071     -0.0108357    0.00922846    0.00394368      -0.0108357    0.0248053     -0.00220421   -0.00838085     0.00922846    -0.00220421   0.0142614     0.000481006     0.00394368    -0.00838085   0.000481006   0.0166702

0.0711476     -0.0280006    0.00930915    0.0108357       -0.0280006    0.0762125     0.00927447    -0.0291557      0.00930915    0.00927447    0.0538571     -0.00673151     0.0108357     -0.0291557    -0.00673151   0.0644728
0.301885      -0.0762125    0.0188118     0.0247978       -0.0762125    0.315088      0.0386001     -0.085303       0.0188118     0.0386001     0.271578      -0.0246197      0.0247978     -0.085303     -0.0246197    0.297946
-0.0488138    0.00927468    -0.00958832   0.00220421      0.00927468    -0.0386001    -0.0000404907 0.00145887      -0.00958832   -0.0000404907 -0.0367431    -0.00375873     0.00220421    0.00145887    -0.00375873   -0.0277222
0.0928769     -0.0291557    0.0216558     0.00838085      -0.0291562    0.085303      0.00145887    -0.0236966      0.0216558     0.00145887    0.0638851     -0.00140305     0.00838085    -0.0236966    -0.00140305   0.0658107

0.0052267     -0.00930915   -0.00333935   0.00922851      -0.00930915   0.0188118     0.00958832    -0.0216558      -0.00333935   0.00958832    0.00854299    -0.013537       0.00922851    -0.0216558    -0.013537     0.0286
-0.0488138    0.00927468    -0.00958832   0.00220421      0.00927468    -0.0386001    -0.0000404907 0.00145887      -0.00958832   -0.0000404907 -0.0367431    -0.00375873     0.00220421    0.00145887    -0.00375873   -0.0277222
0.26215       -0.0538571    0.00855642    0.0142614       -0.0538571    0.271578      0.0367431     -0.0638851      0.00855642    0.0367431     0.24858       -0.0204616      0.0142614     -0.0638851    -0.0204616    0.267232
-0.0361193    0.00673151    -0.013537     0.000477037     0.00673151    -0.0246197    0.00375873    0.00140305      -0.013537     0.00375873    -0.0204616    -0.0019805      0.000477037   0.00140305    -0.0019805    -0.015542

0.0278071     -0.0108357    0.00922846    0.00394368      -0.0108357    0.0248053     -0.00220421   -0.00838085     0.00922846    -0.00220421   0.0142614     0.000481005     0.00394368    -0.00838085   0.000481005   0.0166702
0.0928769     -0.0291557    0.0216558     0.00838085      -0.0291562    0.085303      0.00145887    -0.0236966      0.0216558     0.00145887    0.0638851     -0.00140305     0.00838085    -0.0236966    -0.00140305   0.0658107
-0.0361193    0.00673151    -0.013537     0.000477037     0.00673151    -0.0246197    0.00375873    0.00140305      -0.013537     0.00375873    -0.0204616    -0.0019805      0.000477037   0.00140305    -0.0019805    -0.015542
0.301872      -0.0644728    0.0286        0.0166702       -0.0644728    0.297946      0.0277222     -0.0658107      0.0286        0.0277222     0.267232      -0.015542       0.0166702     -0.0658107    -0.015542     0.275999


    Hamiltonian Matrix CB:    < psi_{i1,C} <psi_{i2,B} | V_e-e | psi_{i3,C} <psi_{i4,B} >

HijkCB: {{{{0.4360520896, -0.1033060965, 0.05228563737, 0.02836845685}, {-0.1033060965, -0.009805035066, -0.04557531894, 0.01563921962}, {0.05222256875, -0.04557531894, 0.01579890915, 0.02309592498}, {0.02836845685, 0.01563921962, 0.02309592498, 0.0004103418673}}, {{-0.1033060965, 0.4270778017, 0.03900064884, -0.1045398842}, {-0.009805035066, -0.04814601833, 0.02183178825, -0.0298292142}, {-0.04557531894, 0.06597106184, 0.004704055735, -0.04643887939}, {0.01563921962, 0.01016713915, -0.006698705131, 0.007828081782}}, {{0.05228563737, 0.03900064884, 0.3664860887, -0.02320609405}, {-0.04557531894, 0.02183178825, -0.06111511954, -0.01958860327}, {0.01579890915, 0.004704055735, 0.03116503021, -0.01173306583}, {0.02309592498, -0.006698705131, 0.01655848078, -0.003887845078}}, {{0.02836845685, -0.1045398842, -0.02320609405, 0.3839200841}, {0.01563921962, -0.0298292142, -0.01958860327, -0.02053909725}, {0.02309592498, -0.04643887939, -0.01173306583, 0.04971875776}, {0.0004103418673, 0.007828081782, -0.003887845078, 0.008873529968}}}, {{{-0.1033060965, -0.009805035066, -0.04557531894, 0.01563921962}, {0.4270778017, -0.04814601833, 0.06597106184, 0.0102005485}, {0.03900064884, 0.0218266185, 0.004704055735, -0.006698705131}, {-0.1045398842, -0.0298292142, -0.04643887939, 0.007828081782}}, {{-0.009805035066, -0.04814601833, 0.02183178825, -0.0298292142}, {-0.04814601833, 0.3840202113, 0.0269099734, -0.0568730742}, {0.0218266185, 0.0269099734, -0.002798566401, 0.01532279574}, {-0.0298292142, -0.0568730742, 0.01532279574, -0.0323641796}}, {{-0.04557531894, 0.02183178825, -0.06111498516, -0.01958860327}, {0.06597106184, 0.0269099734, 0.3601763379, -0.01831072069}, {0.004704055735, -0.002798566401, 0.02703028835, 0.00449300285}, {-0.04643887939, 0.01532279574, -0.0663245944, -0.009939620055}}, {{0.01563921962, -0.0298292142, -0.01958860327, -0.02053909725}, {0.0102005485, -0.0568730742, -0.01831072069, 0.3532742393}, {-0.006698705131, 0.01532279574, 0.00449300285, 0.02716390483}, {0.007828081782, -0.0323641796, -0.009939620055, -0.03081777299}}}, {{{0.05222256875, -0.04557531894, 0.01579890915, 0.02309592498}, {0.03900064884, 0.0218266185, 0.004704055735, -0.006698705131}, {0.3664860887, -0.06111485078, 0.03117565199, 0.01655848078}, {-0.02320609405, -0.01958860327, -0.01173306583, -0.003886553801}}, {{-0.04557531894, 0.06597106184, 0.004704055735, -0.04643887939}, {0.0218266185, 0.0269099734, -0.002798566401, 0.01532279574}, {-0.06111485078, 0.3601763379, 0.02703028835, -0.0663245944}, {-0.01958860327, -0.01831072069, 0.00449300285, -0.009939620055}}, {{0.01579890915, 0.004704055735, 0.03116503021, -0.01173306583}, {0.004704055735, -0.002798566401, 0.02703028835, 0.00449300285}, {0.03117565199, 0.02703028835, 0.3200565864, -0.009826889401}, {-0.01173306583, 0.00449300285, -0.009826889401, 0.005483736994}}, {{0.02309592498, -0.04643887939, -0.01173306583, 0.04971875776}, {-0.006698705131, 0.01532279574, 0.00449300285, 0.02716390483}, {0.01655848078, -0.0663245944, -0.009826889401, 0.3340080173}, {-0.003886384216, -0.009939620055, 0.005483736994, -0.01224741149}}}, {{{0.02836845685, 0.01563921962, 0.02309592498, 0.0004103418673}, {-0.1045398842, -0.0298292142, -0.04643887939, 0.007828081782}, {-0.02320609405, -0.01958860327, -0.01173306583, -0.003886553801}, {0.3839200841, -0.02053909725, 0.04972078516, 0.008873529968}}, {{0.01563921962, 0.0101697079, -0.006698705131, 0.007828081782}, {-0.0298292142, -0.0568730742, 0.01532279574, -0.0323641796}, {-0.01958860327, -0.01831072069, 0.00449300285, -0.009939620055}, {-0.02053909725, 0.3532711608, 0.02716339048, -0.03081777299}}, {{0.02309592498, -0.006698705131, 0.01655848078, -0.003888014662}, {-0.04643887939, 0.01532279574, -0.0663245944, -0.009939620055}, {-0.01173306583, 0.00449300285, -0.009826889401, 0.005483736994}, {0.04972078516, 0.02716339048, 0.3340055531, -0.01224741149}}, {{0.0004103418673, 0.007828081782, -0.003888014662, 0.008873529968}, {0.007828081782, -0.0323641796, -0.009939620055, -0.03081777299}, {-0.003886384216, -0.009939620055, 0.005483736994, -0.01224741149}, {0.008873529968, -0.03081777299, -0.01224741149, 0.324124469}}}}
0.436052    -0.103306   0.0522856   0.0283685     -0.103306   0.427078    0.0390006   -0.10454      0.0522856   0.0390006   0.366486    -0.0232061    0.0283685   -0.10454    -0.0232061  0.38392
-0.103306   -0.00980504 -0.0455753  0.0156392     -0.00980504 -0.048146   0.0218318   -0.0298292    -0.0455753  0.0218318   -0.0611151  -0.0195886    0.0156392   -0.0298292  -0.0195886  -0.0205391
0.0522226   -0.0455753  0.0157989   0.0230959     -0.0455753  0.0659711   0.00470406  -0.0464389    0.0157989   0.00470406  0.031165    -0.0117331    0.0230959   -0.0464389  -0.0117331  0.0497188
0.0283685   0.0156392   0.0230959   0.000410342   0.0156392   0.0101671   -0.00669871 0.00782808    0.0230959   -0.00669871 0.0165585   -0.00388785   0.000410342 0.00782808  -0.00388785 0.00887353

-0.103306   -0.00980504 -0.0455753  0.0156392     -0.00980504 -0.048146   0.0218318   -0.0298292    -0.0455753  0.0218318   -0.061115   -0.0195886    0.0156392   -0.0298292  -0.0195886  -0.0205391
0.427078    -0.048146   0.0659711   0.0102005     -0.048146   0.38402     0.02691     -0.0568731    0.0659711   0.02691     0.360176    -0.0183107    0.0102005   -0.0568731  -0.0183107  0.353274
0.0390006   0.0218266   0.00470406  -0.00669871   0.0218266   0.02691     -0.00279857 0.0153228     0.00470406  -0.00279857 0.0270303   0.004493      -0.00669871 0.0153228   0.004493    0.0271639
-0.10454    -0.0298292  -0.0464389  0.00782808    -0.0298292  -0.0568731  0.0153228   -0.0323642    -0.0464389  0.0153228   -0.0663246  -0.00993962   0.00782808  -0.0323642  -0.00993962 -0.0308178

0.0522226   -0.0455753  0.0157989   0.0230959     -0.0455753  0.0659711   0.00470406  -0.0464389    0.0157989   0.00470406  0.031165    -0.0117331    0.0230959   -0.0464389  -0.0117331  0.0497188
0.0390006   0.0218266   0.00470406  -0.00669871   0.0218266   0.02691     -0.00279857 0.0153228     0.00470406  -0.00279857 0.0270303   0.004493      -0.00669871 0.0153228   0.004493    0.0271639
0.366486    -0.0611149  0.0311757   0.0165585     -0.0611149  0.360176    0.0270303   -0.0663246    0.0311757   0.0270303   0.320057    -0.00982689   0.0165585   -0.0663246  -0.00982689 0.334008
-0.0232061  -0.0195886  -0.0117331  -0.00388655   -0.0195886  -0.0183107  0.004493    -0.00993962   -0.0117331  0.004493    -0.00982689 0.00548374    -0.00388638 -0.00993962 0.00548374  -0.0122474

0.0283685   0.0156392   0.0230959   0.000410342   0.0156392   0.0101697   -0.00669871 0.00782808    0.0230959   -0.00669871 0.0165585   -0.00388801   0.000410342 0.00782808  -0.00388801 0.00887353
-0.10454    -0.0298292  -0.0464389  0.00782808    -0.0298292  -0.0568731  0.0153228   -0.0323642    -0.0464389  0.0153228   -0.0663246  -0.00993962   0.00782808  -0.0323642  -0.00993962 -0.0308178
-0.0232061  -0.0195886  -0.0117331  -0.00388655   -0.0195886  -0.0183107  0.004493    -0.00993962   -0.0117331  0.004493    -0.00982689 0.00548374    -0.00388638 -0.00993962 0.00548374  -0.0122474
0.38392     -0.0205391  0.0497208   0.00887353    -0.0205391  0.353271    0.0271634   -0.0308178    0.0497208   0.0271634   0.334006    -0.0122474    0.00887353  -0.0308178  -0.0122474  0.324124


Energy:  {2.443505526}


Coefficients: {{0.9286753531, 0.3449040976, 0.01182176213, 0.1358804547}, {0.8817614759, -0.3675892734, -0.09985053014, 0.2782169967}, {0.8817614759, -0.3675892734, -0.09985053014, 0.2782169967}, {0.9286753531, 0.3449040976, 0.01182176213, 0.1358804547}}


r2: {3.457151095, 4.297978068, 4.297978068, 3.457151095}
r2f: {3.18284615}


r3: {7.903425159, 10.78403976, 10.78403976, 7.903425159}
r3f: {6.975440461}


alpha: {5.098662001, 6.957005684, 6.957005684, 5.098662001}
alphaf: {4.5}




~~~XDM (a1=0.65, a2=3.17474)~~~

M1^2: {3.669611174, 4.022194257, 4.022194257, 3.669611174}
M1f^2: {3.18284615}

M2^2: {19.12025584, 23.10018597, 23.10018597, 19.12025584}
M2f^2: {16.88418269}

M3^2: {168.3449098, 223.6548332, 223.6548332, 168.3449098}
M3f^2: {125.3927637}

C6XDM: {{9.355053526, 11.37238849, 11.37238849, 9.355053526}, {11.37238849, 13.99121415, 13.99121415, 11.37238849}, {11.37238849, 13.99121415, 13.99121415, 11.37238849}, {9.355053526, 11.37238849, 11.37238849, 9.355053526}}
C6XDMf: {7.161403837}

C8XDM: {{146.2315828, 186.8530811, 186.8530811, 146.2315828}, {186.8530811, 241.0621876, 241.0621876, 186.8530811}, {186.8530811, 241.0621876, 241.0621876, 186.8530811}, {146.2315828, 186.8530811, 186.8530811, 146.2315828}}
C8XDMf: {113.9682331}

C10XDM: {{2783.368992, 3737.4654, 3737.4654, 2783.368992}, {3737.4654, 5050.18487, 5050.18487, 3737.4654}, {3737.4654, 5050.18487, 5050.18487, 3737.4654}, {2783.368992, 3737.4654, 3737.4654, 2783.368992}}
C10XDMf: {1974.936028}

EXDMC6: {-1.090904474}
EXDMC8: {-5.592104295}
EXDMC10: {-35.10014831}

EXDMBJC6: {-0.001444682094}
EXDMBJC8: {-0.0006847922874}
EXDMBJC10: {-0.0003921857645}

EXDM: {-41.78315708}
EXDMBJ: {-0.002521660146}




~~~TS (dTS=20, sR=0.62)~~~

C6TS: {{9.193599541, 12.54445269, 12.54445269, 9.193599541}, {12.54445269, 17.11661386, 17.11661386, 12.54445269}, {12.54445269, 17.11661386, 17.11661386, 12.54445269}, {9.193599541, 12.54445269, 12.54445269, 9.193599541}}
C6TSf: {7.161403837}

ETS: {-1.252784958}
ETSWY: {-0.0009476263527}




~~~MBD~~~

 alpha: {5.267487733, 5.649151849, 5.649151849, 5.267487733}
  C6ii: {11.16367803, 15.64810412, 15.64810412, 11.16367803}
 omega: {0.536462011, 0.6537835159, 0.6537835159, 0.536462011}
lambda: {0.7448139725, 0.7448139725, 0.4875186411, 0.4536757981, 0.3827650438, 0.3827650438, 0.3039593306, 0.1950198346, 0.1950198346, 0.18529498, 0.1078498989, 0.1078498989}
Energy: {-0.1422328324}

~~~MBD@rsSCS (drsSCS=6, sR=0.62)~~~

 alpha: {4.896030195, 5.274370758, 5.274370758, 4.896030195}
  C6ii: {9.745614541, 13.77156136, 13.77156136, 9.745614541}
 omega: {0.5420755157, 0.6600557342, 0.6600557342, 0.5420755157}
lambda: {0.4573288501, 0.4494511693, 0.4494511693, 0.4259828145, 0.4249066017, 0.4249066017, 0.3100192669, 0.2989826077, 0.2989826077, 0.2856984952, 0.2856984952, 0.2657079422}
Energy: {-0.002234756226}




~~~MBDFree1~~~

 alpha: {5.148537966, 4.415435237, 4.415435237, 5.148537966}
  C6ii: {9.932613009, 8.643826815, 8.643826815, 9.932613009}
 omega: {0.4996137846, 0.5911500833, 0.5911500833, 0.4996137846}
lambda: {0.5909510678, 0.5909510678, 0.4194691946, 0.3680614962, 0.3274399188, 0.3274399188, 0.2658706187, 0.1735524036, 0.1735524036, 0.1447434, 0.1062013193, 0.1062013193}
Energy: {-0.1136413025}

~~~MBDFree1@rsSCS (drsSCS=6, sR=0.62)~~~

 alpha: {4.762245914, 4.046990811, 4.046990811, 4.762245914}
  C6ii: {8.6683292, 7.446378155, 7.446378155, 8.6683292}
 omega: {0.5096247334, 0.6062048232, 0.6062048232, 0.5096247334}
lambda: {0.3815085384, 0.3766966093, 0.3766966093, 0.3619637851, 0.3605173908, 0.3605173908, 0.2736296434, 0.2644733099, 0.2644733099, 0.2527160032, 0.2527160032, 0.2373013461}
Energy: {-0.001558112734}




~~~MBDFree2~~~

 alpha: {5.148537966, 4.415435237, 4.415435237, 5.148537966}
  C6ii: {12.51317645, 19.98430191, 19.98430191, 12.51317645}
 omega: {0.629416996, 1.366723558, 1.366723558, 0.629416996}
lambda: {2.807819009, 2.807819009, 2.241877007, 1.577869097, 1.155108564, 1.155108564, 0.4220195727, 0.3098753301, 0.3098753301, 0.2864324017, 0.255395176, 0.255395176}
Energy: {-0.2068529379}

~~~MBDFree2@rsSCS (drsSCS=6, sR=0.62)~~~

 alpha: {4.762245914, 4.046990811, 4.046990811, 4.762245914}
  C6ii: {10.86967598, 17.77714577, 17.77714577, 10.86967598}
 omega: {0.6390453793, 1.447225925, 1.447225925, 0.6390453793}
lambda: {2.174083311, 2.135537455, 2.135537455, 2.054678156, 2.054678156, 2.020258322, 0.4303160257, 0.4180831498, 0.4180831498, 0.3973849868, 0.3973849868, 0.3810260902}
Energy: {-0.002526393464}




~~~MBD@XDM1~~~

 alpha: {5.469135799, 5.291236392, 5.291236392, 5.469135799}
  C6ii: {11.8182488, 13.61025304, 13.61025304, 11.8182488}
 omega: {0.5268105348, 0.6481725085, 0.6481725085, 0.5268105348}
lambda: {0.7236430689, 0.7236430689, 0.4863795363, 0.4382554318, 0.373463766, 0.373463766, 0.2945119047, 0.1891049017, 0.1891049017, 0.176167008, 0.1091021442, 0.1091021442}
Energy: {-0.1370771918}

~~~MBD@XDM1@rsSCS (drsSCS=6, sR=0.62)~~~

 alpha: {5.072861835, 4.909202549, 4.909202549, 5.072861835}
  C6ii: {10.29326441, 11.87055142, 11.87055142, 10.29326441}
 omega: {0.5333174546, 0.6567313193, 0.6567313193, 0.5333174546}
lambda: {0.451248099, 0.4439282242, 0.4439282242, 0.4220068553, 0.4213744609, 0.4213744609, 0.3006557949, 0.2898854893, 0.2898854893, 0.2762588919, 0.2762588919, 0.2575363172}
Energy: {-0.002133888669}




~~~MBD@XDM2~~~

 alpha: {5.267487733, 5.649151849, 5.649151849, 5.267487733}
  C6ii: {11.62595749, 12.79321062, 12.79321062, 11.62595749}
 omega: {0.558676497, 0.5345050208, 0.5345050208, 0.558676497}
lambda: {0.565876863, 0.565876863, 0.3773483937, 0.3607225024, 0.3607225024, 0.3489838839, 0.3078079522, 0.1860729159, 0.1860729159, 0.1614898613, 0.08295780982, 0.08295780982}
Energy: {-0.1264602644}

~~~MBD@XDM2@rsSCS (drsSCS=6, sR=0.62)~~~

 alpha: {4.896030195, 5.274370758, 5.274370758, 4.896030195}
  C6ii: {10.15942632, 11.14424171, 11.14424171, 10.15942632}
 omega: {0.5650927644, 0.5341312033, 0.5341312033, 0.5650927644}
lambda: {0.3372121783, 0.3354437288, 0.3354437288, 0.3249871577, 0.3105629805, 0.3105629805, 0.2992048479, 0.2850777717, 0.2850777717, 0.2781674683, 0.2781674683, 0.2478477653}
Energy: {-0.002064746195}




    ENERGY MATRIX: {Non-Interacting, Electron-Nuclear, Electron-Electron, Nuclear-Nuclear, Total Energy}
Oscillator 1 Energy: {0.7809366115, -1.261087108, 0.5651990397, 0.5092589763, 0.5943075195}
Oscillator 2 Energy: {0.8534141499, -1.340584824, 0.7060282098, 0.6944440586, 0.9133015942}
Oscillator 3 Energy: {0.8534141499, -1.810067258, 0.5787835515, 0.6944440586, 0.3165745024}
Oscillator 4 Energy: {0.7809366115, -1.261087108, 0.4379544252, 0.5092589763, 0.467062905}
Energy Totals: {3.268701523, -5.672826298, 2.287965226, 2.40740607, 2.291246521}


    COEFFICIENT MATRIX: {c1, c2, c5, c6, c11, c14}
Oscillator 1 Cs: {0.9286753531, 0.3449040976, 0.01182176213, 0.1358804547}
Oscillator 2 Cs: {0.8817614759, -0.3675892734, -0.09985053014, 0.2782169967}
Oscillator 3 Cs: {0.8817614759, -0.3675892734, -0.09985053014, 0.2782169967}
Oscillator 4 Cs: {0.9286753531, 0.3449040976, 0.01182176213, 0.1358804547}


    GENERAL RESULTS: {R, E, r2, r2f, r3, r3f, alpha, alphaf}
Oscillator 1 General Results: {1.800001, 2.443505526, 3.457151095, 3.18284615, 7.903425159, 6.975440461, 5.098662001, 4.5}
Oscillator 2 General Results: {1.800001, 2.443505526, 4.297978068, 3.18284615, 10.78403976, 6.975440461, 6.957005684, 4.5}
Oscillator 3 General Results: {1.800001, 2.443505526, 4.297978068, 3.18284615, 10.78403976, 6.975440461, 6.957005684, 4.5}
Oscillator 4 General Results: {1.800001, 2.443505526, 3.457151095, 3.18284615, 7.903425159, 6.975440461, 5.098662001, 4.5}


    XDM RESULTS: {M1^2, M1f^2, M2^2, M2f^2, M3^2, M3f^2, C6XDMii, C6XDMij, C6XDMf, C8XDMii, C8XDMij, C8XDMf, C10XDMii, C10XDMij, C10XDMf, EXDMC6, EXDMC8, EXDMC10, EXDMBJC6, EXDMBJC8, EXDMBJC10, EXDM, EXDMBJ}
Oscillator 1 XDM Results: {3.669611174, 3.18284615, 19.12025584, 16.88418269, 168.3449098, 125.3927637, 9.355053526, {{9.355053526, 11.37238849, 11.37238849, 9.355053526}, {11.37238849, 13.99121415, 13.99121415, 11.37238849}, {11.37238849, 13.99121415, 13.99121415, 11.37238849}, {9.355053526, 11.37238849, 11.37238849, 9.355053526}}, 7.161403837, 146.2315828, {{146.2315828, 186.8530811, 186.8530811, 146.2315828}, {186.8530811, 241.0621876, 241.0621876, 186.8530811}, {186.8530811, 241.0621876, 241.0621876, 186.8530811}, {146.2315828, 186.8530811, 186.8530811, 146.2315828}}, 113.9682331, 2783.368992, {{2783.368992, 3737.4654, 3737.4654, 2783.368992}, {3737.4654, 5050.18487, 5050.18487, 3737.4654}, {3737.4654, 5050.18487, 5050.18487, 3737.4654}, {2783.368992, 3737.4654, 3737.4654, 2783.368992}}, 1974.936028, -1.090904474, -5.592104295, -35.10014831, -0.001444682094, -0.0006847922874, -0.0003921857645, -41.78315708, -0.002521660146}
Oscillator 2 XDM Results: {4.022194257, 3.18284615, 23.10018597, 16.88418269, 223.6548332, 125.3927637, 13.99121415, {{9.355053526, 11.37238849, 11.37238849, 9.355053526}, {11.37238849, 13.99121415, 13.99121415, 11.37238849}, {11.37238849, 13.99121415, 13.99121415, 11.37238849}, {9.355053526, 11.37238849, 11.37238849, 9.355053526}}, 7.161403837, 241.0621876, {{146.2315828, 186.8530811, 186.8530811, 146.2315828}, {186.8530811, 241.0621876, 241.0621876, 186.8530811}, {186.8530811, 241.0621876, 241.0621876, 186.8530811}, {146.2315828, 186.8530811, 186.8530811, 146.2315828}}, 113.9682331, 5050.18487, {{2783.368992, 3737.4654, 3737.4654, 2783.368992}, {3737.4654, 5050.18487, 5050.18487, 3737.4654}, {3737.4654, 5050.18487, 5050.18487, 3737.4654}, {2783.368992, 3737.4654, 3737.4654, 2783.368992}}, 1974.936028, -1.090904474, -5.592104295, -35.10014831, -0.001444682094, -0.0006847922874, -0.0003921857645, -41.78315708, -0.002521660146}
Oscillator 3 XDM Results: {4.022194257, 3.18284615, 23.10018597, 16.88418269, 223.6548332, 125.3927637, 13.99121415, {{9.355053526, 11.37238849, 11.37238849, 9.355053526}, {11.37238849, 13.99121415, 13.99121415, 11.37238849}, {11.37238849, 13.99121415, 13.99121415, 11.37238849}, {9.355053526, 11.37238849, 11.37238849, 9.355053526}}, 7.161403837, 241.0621876, {{146.2315828, 186.8530811, 186.8530811, 146.2315828}, {186.8530811, 241.0621876, 241.0621876, 186.8530811}, {186.8530811, 241.0621876, 241.0621876, 186.8530811}, {146.2315828, 186.8530811, 186.8530811, 146.2315828}}, 113.9682331, 5050.18487, {{2783.368992, 3737.4654, 3737.4654, 2783.368992}, {3737.4654, 5050.18487, 5050.18487, 3737.4654}, {3737.4654, 5050.18487, 5050.18487, 3737.4654}, {2783.368992, 3737.4654, 3737.4654, 2783.368992}}, 1974.936028, -1.090904474, -5.592104295, -35.10014831, -0.001444682094, -0.0006847922874, -0.0003921857645, -41.78315708, -0.002521660146}
Oscillator 4 XDM Results: {3.669611174, 3.18284615, 19.12025584, 16.88418269, 168.3449098, 125.3927637, 9.355053526, {{9.355053526, 11.37238849, 11.37238849, 9.355053526}, {11.37238849, 13.99121415, 13.99121415, 11.37238849}, {11.37238849, 13.99121415, 13.99121415, 11.37238849}, {9.355053526, 11.37238849, 11.37238849, 9.355053526}}, 7.161403837, 146.2315828, {{146.2315828, 186.8530811, 186.8530811, 146.2315828}, {186.8530811, 241.0621876, 241.0621876, 186.8530811}, {186.8530811, 241.0621876, 241.0621876, 186.8530811}, {146.2315828, 186.8530811, 186.8530811, 146.2315828}}, 113.9682331, 2783.368992, {{2783.368992, 3737.4654, 3737.4654, 2783.368992}, {3737.4654, 5050.18487, 5050.18487, 3737.4654}, {3737.4654, 5050.18487, 5050.18487, 3737.4654}, {2783.368992, 3737.4654, 3737.4654, 2783.368992}}, 1974.936028, -1.090904474, -5.592104295, -35.10014831, -0.001444682094, -0.0006847922874, -0.0003921857645, -41.78315708, -0.002521660146}


    TS RESULTS: {C6TSii, C6TSij, C6TSf, ETS, ETSWY}
Oscillator 1 TS Results: {9.193599541, {{9.193599541, 12.54445269, 12.54445269, 9.193599541}, {12.54445269, 17.11661386, 17.11661386, 12.54445269}, {12.54445269, 17.11661386, 17.11661386, 12.54445269}, {9.193599541, 12.54445269, 12.54445269, 9.193599541}}, 7.161403837, -1.252784958, -0.0009476263527}
Oscillator 2 TS Results: {17.11661386, {{9.193599541, 12.54445269, 12.54445269, 9.193599541}, {12.54445269, 17.11661386, 17.11661386, 12.54445269}, {12.54445269, 17.11661386, 17.11661386, 12.54445269}, {9.193599541, 12.54445269, 12.54445269, 9.193599541}}, 7.161403837, -1.252784958, -0.0009476263527}
Oscillator 3 TS Results: {17.11661386, {{9.193599541, 12.54445269, 12.54445269, 9.193599541}, {12.54445269, 17.11661386, 17.11661386, 12.54445269}, {12.54445269, 17.11661386, 17.11661386, 12.54445269}, {9.193599541, 12.54445269, 12.54445269, 9.193599541}}, 7.161403837, -1.252784958, -0.0009476263527}
Oscillator 4 TS Results: {9.193599541, {{9.193599541, 12.54445269, 12.54445269, 9.193599541}, {12.54445269, 17.11661386, 17.11661386, 12.54445269}, {12.54445269, 17.11661386, 17.11661386, 12.54445269}, {9.193599541, 12.54445269, 12.54445269, 9.193599541}}, 7.161403837, -1.252784958, -0.0009476263527}


    MBD RESULTS: {MBD_alpha, MBD_C6, MBD_omega, MBD_Energy, MBDF1_alpha, MBDF1_C6, MBDF1_omega, MBDF1_Energy, MBDF2_alpha, MBDF2_C6, MBDF2_omega, MBDF2_Energy, MBDX1_alpha, MBDX1_C6, MBDX1_omega, MBDX1_Energy, MBDX2_alpha, MBDX2_C6, MBDX2_omega, MBDX2_Energy}
Oscillator 1 MBD Results: {5.267487733, 11.16367803, 0.536462011, -0.1422328324, 5.148537966, 9.932613009, 0.4996137846, -0.1136413025, 5.148537966, 12.51317645, 0.629416996, -0.2068529379, 5.469135799, 11.8182488, 0.5268105348, -0.1370771918, 5.267487733, 11.62595749, 0.558676497, -0.1264602644}
Oscillator 2 MBD Results: {5.649151849, 15.64810412, 0.6537835159, -0.1422328324, 4.415435237, 8.643826815, 0.5911500833, -0.1136413025, 4.415435237, 19.98430191, 1.366723558, -0.2068529379, 5.291236392, 13.61025304, 0.6481725085, -0.1370771918, 5.649151849, 12.79321062, 0.5345050208, -0.1264602644}
Oscillator 3 MBD Results: {5.649151849, 15.64810412, 0.6537835159, -0.1422328324, 4.415435237, 8.643826815, 0.5911500833, -0.1136413025, 4.415435237, 19.98430191, 1.366723558, -0.2068529379, 5.291236392, 13.61025304, 0.6481725085, -0.1370771918, 5.649151849, 12.79321062, 0.5345050208, -0.1264602644}
Oscillator 4 MBD Results: {5.267487733, 11.16367803, 0.536462011, -0.1422328324, 5.148537966, 9.932613009, 0.4996137846, -0.1136413025, 5.148537966, 12.51317645, 0.629416996, -0.2068529379, 5.469135799, 11.8182488, 0.5268105348, -0.1370771918, 5.267487733, 11.62595749, 0.558676497, -0.1264602644}


    MBDRSSCS RESULTS: {MBDrsSCS_alpha, MBDrsSCS_C6, MBDrsSCS_omega, MBDrsSCS_Energy, MBDF1rsSCS_alpha, MBDF1rsSCS_C6, MBDF1rsSCS_omega, MBDF1rsSCS_Energy, MBDF2rsSCS_alpha, MBDF2rsSCS_C6, MBDF2rsSCS_omega, MBDF2rsSCS_Energy, MBDX1rsSCS_alpha, MBDX1rsSCS_C6, MBDX1rsSCS_omega, MBDX1rsSCS_Energy, MBDX2rsSCS_alpha, MBDX2rsSCS_C6, MBDX2rsSCS_omega, MBDX2rsSCS_Energy}
Oscillator 1 MBDrsSCS Results: {4.896030195, 9.745614541, 0.5420755157, -0.002234756226, 4.762245914, 8.6683292, 0.5096247334, -0.001558112734, 4.762245914, 10.86967598, 0.6390453793, -0.002526393464, 5.072861835, 10.29326441, 0.5333174546, -0.002133888669, 4.896030195, 10.15942632, 0.5650927644, -0.002064746195}
Oscillator 2 MBDrsSCS Results: {5.274370758, 13.77156136, 0.6600557342, -0.002234756226, 4.046990811, 7.446378155, 0.6062048232, -0.001558112734, 4.046990811, 17.77714577, 1.447225925, -0.002526393464, 4.909202549, 11.87055142, 0.6567313193, -0.002133888669, 5.274370758, 11.14424171, 0.5341312033, -0.002064746195}
Oscillator 3 MBDrsSCS Results: {5.274370758, 13.77156136, 0.6600557342, -0.002234756226, 4.046990811, 7.446378155, 0.6062048232, -0.001558112734, 4.046990811, 17.77714577, 1.447225925, -0.002526393464, 4.909202549, 11.87055142, 0.6567313193, -0.002133888669, 5.274370758, 11.14424171, 0.5341312033, -0.002064746195}
Oscillator 4 MBDrsSCS Results: {4.896030195, 9.745614541, 0.5420755157, -0.002234756226, 4.762245914, 8.6683292, 0.5096247334, -0.001558112734, 4.762245914, 10.86967598, 0.6390453793, -0.002526393464, 5.072861835, 10.29326441, 0.5333174546, -0.002133888669, 4.896030195, 10.15942632, 0.5650927644, -0.002064746195}


         {R, Energy}
SUMMARY: {1.800001, 2.443505526}