Oscillators N=4 2022-12-24 w=0.471533 a=4.50000.nb ( N = 4, M = 4 )
~~~~~~~~~~~~~~~~~~~~~~~~~~~~~~~~~~~~~~
Run Commenced: Thu 29 Dec 2022 05:07:30
Run Completed: Thu 29 Dec 2022 06:47:19
Time Elapsed: 01:39:48

Oscillators Used: 4
Wavefunctions Used: 4
Internuclear Separation: 1.4
omega: 0.472
nu : 0.235638

For display purposes, the threshold of Hamiltonian matrix elements has been set to: 10^-6.


    Hamiltonian Matrix A:    < psi_{i,A} | H_k | psi_{j,A} >
    H_1 = T_kin,    H_2 = V_pot,    H_3 = V_1-B,    H_4 = V_1-C,    H_5 = V_A-B,    H_6 = V_A-C 

HijkA: {{{0.35364975, 0.35364975, -0.5899385738, -0.3547998157, -0.2380842007, 0.7142852041, 0.357142602, 0.238095068}, {0., 0., -0.2077525087, -0.1234366332, -0.05834203367, 0., 0., 0.}, {0.2887538117, -0.2887538117, -0.1255619973, -0.007859247551, -0.000077550683, 0., 0., 0.}, {0., 0., -0.08717231499, -0.0675344367, -0.0246725178, 0., 0., 0.}}, {{0., 0., -0.2077525087, -0.1234366332, -0.05834203367, 0., 0., 0.}, {0.58941625, 0.58941625, -0.5880755093, -0.4263645806, -0.2665102822, 0.7142852041, 0.357142602, 0.238095068}, {0., 0., -0.001033763092, 0.07942115601, 0.04731984045, 0., 0., 0.}, {0., 0., -0.1909440658, -0.1868491837, -0.08507268911, 0., 0., 0.}}, {{0.2887538117, -0.2887538117, -0.1255619973, -0.007859247551, -0.000077550683, 0., 0., 0.}, {0., 0., -0.001033763092, 0.07942115601, 0.04731984045, 0., 0., 0.}, {0.82518275, 0.82518275, -0.4439792326, -0.3278813254, -0.2375261564, 0.7142852041, 0.357142602, 0.238095068}, {0., 0., 0.008427353845, 0.07675255448, 0.03954562104, 0., 0., 0.}}, {{0., 0., -0.08717231499, -0.0675344367, -0.0246725178, 0., 0., 0.}, {0., 0., -0.1909440658, -0.1868491837, -0.08507268911, 0., 0., 0.}, {0., 0., 0.008427353845, 0.07675255448, 0.03954562104, 0., 0., 0.}, {0.82518275, 0.82518275, -0.4789688931, -0.4482531186, -0.2806254524, 0.7142852041, 0.357142602, 0.238095068}}}
0.35365         0.              0.288754        0.
0.35365         0.              -0.288754       0.
-0.589939       -0.207753       -0.125562       -0.0871723
-0.3548         -0.123437       -0.00785925     -0.0675344
-0.238084       -0.058342       -0.0000775507   -0.0246725
0.714285        0.              0.              0.
0.357143        0.              0.              0.
0.238095        0.              0.              0.

0.              0.589416        0.              0.
0.              0.589416        0.              0.
-0.207753       -0.588076       -0.00103376     -0.190944
-0.123437       -0.426365       0.0794212       -0.186849
-0.058342       -0.26651        0.0473198       -0.0850727
0.              0.714285        0.              0.
0.              0.357143        0.              0.
0.              0.238095        0.              0.

0.288754        0.              0.825183        0.
-0.288754       0.              0.825183        0.
-0.125562       -0.00103376     -0.443979       0.00842735
-0.00785925     0.0794212       -0.327881       0.0767526
-0.0000775507   0.0473198       -0.237526       0.0395456
0.              0.              0.714285        0.
0.              0.              0.357143        0.
0.              0.              0.238095        0.

0.              0.              0.              0.825183
0.              0.              0.              0.825183
-0.0871723      -0.190944       0.00842735      -0.478969
-0.0675344      -0.186849       0.0767526       -0.448253
-0.0246725      -0.0850727      0.0395456       -0.280625
0.              0.              0.              0.714285
0.              0.              0.              0.357143
0.              0.              0.              0.238095


    Hamiltonian Matrix B:    < psi_{i,B} | H_k | psi_{j,B} >
    H_1 = T_kin,    H_2 = V_pot,    H_3 = V_2-A,    H_4 = V_2-C,    H_5 = V_B-A,    H_6 = V_B-C 

HijkB: {{{0.35364975, 0.35364975, -0.5899385738, -0.5899385738, -0.3547998157, 0.7142852041, 0.7142852041, 0.357142602}, {0., 0., -0.2077525087, 0.2077525087, 0.1234366332, 0., 0., 0.}, {0.2887538117, -0.2887538117, -0.1255619973, -0.1255619973, -0.007859247551, 0., 0., 0.}, {0., 0., -0.08717231499, -0.08717231499, -0.0675344367, 0., 0., 0.}}, {{0., 0., -0.2077525087, 0.2077525087, 0.1234366332, 0., 0., 0.}, {0.58941625, 0.58941625, -0.5880755093, -0.5880755093, -0.4263645806, 0.7142852041, 0.7142852041, 0.357142602}, {0., 0., -0.001033763092, 0.001033763092, -0.07942115601, 0., 0., 0.}, {0., 0., -0.1909440658, 0.1909440658, 0.1868491837, 0., 0., 0.}}, {{0.2887538117, -0.2887538117, -0.1255619973, -0.1255619973, -0.007859247551, 0., 0., 0.}, {0., 0., -0.001033763092, 0.001033763092, -0.07942115601, 0., 0., 0.}, {0.82518275, 0.82518275, -0.4439792326, -0.4439792326, -0.3278813254, 0.7142852041, 0.7142852041, 0.357142602}, {0., 0., 0.008427353845, 0.008427353845, 0.07675255448, 0., 0., 0.}}, {{0., 0., -0.08717231499, -0.08717231499, -0.0675344367, 0., 0., 0.}, {0., 0., -0.1909440658, 0.1909440658, 0.1868491837, 0., 0., 0.}, {0., 0., 0.008427353845, 0.008427353845, 0.07675255448, 0., 0., 0.}, {0.82518275, 0.82518275, -0.4789688931, -0.4789688931, -0.4482531186, 0.7142852041, 0.7142852041, 0.357142602}}}
0.35365       0.            0.288754      0.
0.35365       0.            -0.288754     0.
-0.589939     -0.207753     -0.125562     -0.0871723
-0.589939     0.207753      -0.125562     -0.0871723
-0.3548       0.123437      -0.00785925   -0.0675344
0.714285      0.            0.            0.
0.714285      0.            0.            0.
0.357143      0.            0.            0.

0.            0.589416      0.            0.
0.            0.589416      0.            0.
-0.207753     -0.588076     -0.00103376   -0.190944
0.207753      -0.588076     0.00103376    0.190944
0.123437      -0.426365     -0.0794212    0.186849
0.            0.714285      0.            0.
0.            0.714285      0.            0.
0.            0.357143      0.            0.

0.288754      0.            0.825183      0.
-0.288754     0.            0.825183      0.
-0.125562     -0.00103376   -0.443979     0.00842735
-0.125562     0.00103376    -0.443979     0.00842735
-0.00785925   -0.0794212    -0.327881     0.0767526
0.            0.            0.714285      0.
0.            0.            0.714285      0.
0.            0.            0.357143      0.

0.            0.            0.            0.825183
0.            0.            0.            0.825183
-0.0871723    -0.190944     0.00842735    -0.478969
-0.0871723    0.190944      0.00842735    -0.478969
-0.0675344    0.186849      0.0767526     -0.448253
0.            0.            0.            0.714285
0.            0.            0.            0.714285
0.            0.            0.            0.357143


    Hamiltonian Matrix C:    < psi_{i,C} | H_k | psi_{j,C} >
    H_1 = T_kin,    H_2 = V_pot,    H_3 = V_3-A,    H_4 = V_3-B,    H_5 = V_C-A,    H_6 = V_C-B 

HijkC: {{{0.35364975, 0.35364975, -0.3547998157, -0.5899385738, -0.5899385738, 0.357142602, 0.7142852041, 0.7142852041}, {0., 0., 0.1234366332, 0.2077525087, -0.2077525087, 0., 0., 0.}, {0.2887538117, -0.2887538117, -0.007859247551, -0.1255619973, -0.1255619973, 0., 0., 0.}, {0., 0., -0.0675344367, -0.08717231499, -0.08717231499, 0., 0., 0.}}, {{0., 0., 0.1234366332, 0.2077525087, -0.2077525087, 0., 0., 0.}, {0.58941625, 0.58941625, -0.4263645806, -0.5880755093, -0.5880755093, 0.357142602, 0.7142852041, 0.7142852041}, {0., 0., -0.07942115601, 0.001033763092, -0.001033763092, 0., 0., 0.}, {0., 0., 0.1868491837, 0.1909440658, -0.1909440658, 0., 0., 0.}}, {{0.2887538117, -0.2887538117, -0.007859247551, -0.1255619973, -0.1255619973, 0., 0., 0.}, {0., 0., -0.07942115601, 0.001033763092, -0.001033763092, 0., 0., 0.}, {0.82518275, 0.82518275, -0.3278813254, -0.4439792326, -0.4439792326, 0.357142602, 0.7142852041, 0.7142852041}, {0., 0., 0.07675255448, 0.008427353845, 0.008427353845, 0., 0., 0.}}, {{0., 0., -0.0675344367, -0.08717231499, -0.08717231499, 0., 0., 0.}, {0., 0., 0.1868491837, 0.1909440658, -0.1909440658, 0., 0., 0.}, {0., 0., 0.07675255448, 0.008427353845, 0.008427353845, 0., 0., 0.}, {0.82518275, 0.82518275, -0.4482531186, -0.4789688931, -0.4789688931, 0.357142602, 0.7142852041, 0.7142852041}}}
0.35365       0.            0.288754      0.
0.35365       0.            -0.288754     0.
-0.3548       0.123437      -0.00785925   -0.0675344
-0.589939     0.207753      -0.125562     -0.0871723
-0.589939     -0.207753     -0.125562     -0.0871723
0.357143      0.            0.            0.
0.714285      0.            0.            0.
0.714285      0.            0.            0.

0.            0.589416      0.            0.
0.            0.589416      0.            0.
0.123437      -0.426365     -0.0794212    0.186849
0.207753      -0.588076     0.00103376    0.190944
-0.207753     -0.588076     -0.00103376   -0.190944
0.            0.357143      0.            0.
0.            0.714285      0.            0.
0.            0.714285      0.            0.

0.288754      0.            0.825183      0.
-0.288754     0.            0.825183      0.
-0.00785925   -0.0794212    -0.327881     0.0767526
-0.125562     0.00103376    -0.443979     0.00842735
-0.125562     -0.00103376   -0.443979     0.00842735
0.            0.            0.357143      0.
0.            0.            0.714285      0.
0.            0.            0.714285      0.

0.            0.            0.            0.825183
0.            0.            0.            0.825183
-0.0675344    0.186849      0.0767526     -0.448253
-0.0871723    0.190944      0.00842735    -0.478969
-0.0871723    -0.190944     0.00842735    -0.478969
0.            0.            0.            0.357143
0.            0.            0.            0.714285
0.            0.            0.            0.714285


    Hamiltonian Matrix AB:    < psi_{i1,A} <psi_{i2,B} | V_e-e | psi_{i3,A} <psi_{i4,B} >

HijkAB: {{{{0.4746809915, 0.09532039381, 0.06717093878, 0.02114787003}, {0.09532039381, -0.03318089642, 0.04809246276, -0.02145644547}, {0.06718409993, 0.04809246276, 0.03000519588, 0.01903102621}, {0.02114787003, -0.02145644547, 0.01903102621, 0.006064328404}}, {{0.09532039381, 0.4412758346, -0.02958443973, 0.08870026807}, {-0.03318089642, 0.03116118042, 0.02466191714, -0.04699038113}, {0.04809246276, 0.06783364522, 0.0009319083755, 0.04073640651}, {-0.02145644547, 0.01272681585, 0.002189618943, -0.006014964488}}, {{0.06717093878, -0.02958443973, 0.389288218, -0.01600260307}, {0.04809246276, 0.02466191714, 0.05688264629, 0.01978418153}, {0.03000519588, 0.0009319083755, 0.04076075931, -0.007490204322}, {0.01903102621, 0.002189618943, 0.0138791647, -0.008839388291}}, {{0.02114787003, 0.08870026807, -0.01600260307, 0.38991603}, {-0.02145644547, -0.04699038113, 0.01978418153, 0.01045180504}, {0.01903102621, 0.04073640651, -0.007490204322, 0.04424814873}, {0.006064328404, -0.006014964488, -0.008839388291, 0.01230112834}}}, {{{0.09532039381, -0.03318089642, 0.04809246276, -0.02145644547}, {0.4412758346, 0.03116118042, 0.06783364522, 0.01276182603}, {-0.02958443973, 0.02466199991, 0.0009319083755, 0.002189618943}, {0.08870026807, -0.04698996365, 0.04073640651, -0.006014964488}}, {{-0.03318089642, 0.03116118042, 0.02466194899, -0.04699038113}, {0.03116118042, 0.4008175183, -0.02780881135, 0.04859373383}, {0.02466196806, -0.02780881135, -0.00651625304, 0.01732332854}, {-0.04698996365, 0.04859373383, 0.01732332854, -0.04759728126}}, {{0.04809246276, 0.02466191714, 0.05688264629, 0.01978418153}, {0.06783364522, -0.02780881135, 0.371826221, -0.01953220441}, {0.0009319083755, -0.00651625304, -0.0175339013, -0.005015903317}, {0.04073640651, 0.01732332854, 0.05539157732, 0.01075457524}}, {{-0.02145644547, -0.04699038113, 0.01978418153, 0.01045180504}, {0.01274857264, 0.04859373383, -0.01953220441, 0.3680908216}, {0.002189618943, 0.01732332854, -0.005015903317, -0.02517372417}, {-0.006014964488, -0.04759728126, 0.01075457524, 0.02183034129}}}, {{{0.06718409993, 0.04809246276, 0.03000519588, 0.01903102621}, {-0.02958443973, 0.02466199991, 0.0009319083755, 0.002189618943}, {0.3892979074, 0.05688264629, 0.04080747212, 0.0138791647}, {-0.01600260307, 0.01978418153, -0.007490204322, -0.008791898468}}, {{0.04809246276, 0.06783364522, 0.0009319083755, 0.04073640651}, {0.02466199991, -0.02780881135, -0.00651625304, 0.01732332854}, {0.05688264629, 0.371826221, -0.0175339013, 0.05539157732}, {0.01978418153, -0.01953220441, -0.005015903317, 0.01075457524}}, {{0.03000519588, 0.0009319083755, 0.04076075931, -0.007490204322}, {0.0009319083755, -0.00651625304, -0.0175339013, -0.005015903317}, {0.04080747212, -0.0175339013, 0.3355771524, -0.005585247546}, {-0.007490204322, -0.005015903317, -0.005585247546, 0.00917859953}}, {{0.01903102621, 0.04073640651, -0.007490204322, 0.04424814873}, {0.002189618943, 0.01732332854, -0.005015903317, -0.02517372417}, {0.0138791647, 0.05539157732, -0.005585247546, 0.3388137095}, {-0.008791899578, 0.01075457524, 0.00917859953, -0.01276743747}}}, {{{0.02114787003, -0.02145644547, 0.01903102621, 0.006064328404}, {0.08870026807, -0.04698996365, 0.04073640651, -0.006014964488}, {-0.01600260307, 0.01978418153, -0.007490204322, -0.008791898468}, {0.38991603, 0.01045180504, 0.04424814873, 0.01230112834}}, {{-0.02145644547, 0.01272681585, 0.002189618943, -0.006014964488}, {-0.04698996365, 0.04859373383, 0.01732332854, -0.04759728126}, {0.01978418153, -0.01953220441, -0.005015903317, 0.01075457524}, {0.01045180504, 0.3680908216, -0.02517372417, 0.02182938937}}, {{0.01903102621, 0.002189618943, 0.0138791647, -0.008839390759}, {0.04073640651, 0.01732332854, 0.05539157732, 0.01075457524}, {-0.007490204322, -0.005015903317, -0.005585247546, 0.00917859953}, {0.04424814873, -0.02517372417, 0.3388137095, -0.01276743747}}, {{0.006064328404, -0.006014964488, -0.008839390759, 0.01230112834}, {-0.006014964488, -0.04759728126, 0.01075457524, 0.02183034129}, {-0.008791899578, 0.01075457524, 0.00917859953, -0.01276743747}, {0.01230112834, 0.02182938937, -0.01276743747, 0.3389563676}}}}
0.474681    0.0953204   0.0671709   0.0211479     0.0953204   0.441276    -0.0295844  0.0887003     0.0671709   -0.0295844  0.389288    -0.0160026    0.0211479   0.0887003   -0.0160026  0.389916
0.0953204   -0.0331809  0.0480925   -0.0214564    -0.0331809  0.0311612   0.0246619   -0.0469904    0.0480925   0.0246619   0.0568826   0.0197842     -0.0214564  -0.0469904  0.0197842   0.0104518
0.0671841   0.0480925   0.0300052   0.019031      0.0480925   0.0678336   0.000931908 0.0407364     0.0300052   0.000931908 0.0407608   -0.0074902    0.019031    0.0407364   -0.0074902  0.0442481
0.0211479   -0.0214564  0.019031    0.00606433    -0.0214564  0.0127268   0.00218962  -0.00601496   0.019031    0.00218962  0.0138792   -0.00883939   0.00606433  -0.00601496 -0.00883939 0.0123011

0.0953204   -0.0331809  0.0480925   -0.0214564    -0.0331809  0.0311612   0.0246619   -0.0469904    0.0480925   0.0246619   0.0568826   0.0197842     -0.0214564  -0.0469904  0.0197842   0.0104518
0.441276    0.0311612   0.0678336   0.0127618     0.0311612   0.400818    -0.0278088  0.0485937     0.0678336   -0.0278088  0.371826    -0.0195322    0.0127486   0.0485937   -0.0195322  0.368091
-0.0295844  0.024662    0.000931908 0.00218962    0.024662    -0.0278088  -0.00651625 0.0173233     0.000931908 -0.00651625 -0.0175339  -0.0050159    0.00218962  0.0173233   -0.0050159  -0.0251737
0.0887003   -0.04699    0.0407364   -0.00601496   -0.04699    0.0485937   0.0173233   -0.0475973    0.0407364   0.0173233   0.0553916   0.0107546     -0.00601496 -0.0475973  0.0107546   0.0218303

0.0671841   0.0480925   0.0300052   0.019031      0.0480925   0.0678336   0.000931908 0.0407364     0.0300052   0.000931908 0.0407608   -0.0074902    0.019031    0.0407364   -0.0074902  0.0442481
-0.0295844  0.024662    0.000931908 0.00218962    0.024662    -0.0278088  -0.00651625 0.0173233     0.000931908 -0.00651625 -0.0175339  -0.0050159    0.00218962  0.0173233   -0.0050159  -0.0251737
0.389298    0.0568826   0.0408075   0.0138792     0.0568826   0.371826    -0.0175339  0.0553916     0.0408075   -0.0175339  0.335577    -0.00558525   0.0138792   0.0553916   -0.00558525 0.338814
-0.0160026  0.0197842   -0.0074902  -0.0087919    0.0197842   -0.0195322  -0.0050159  0.0107546     -0.0074902  -0.0050159  -0.00558525 0.0091786     -0.0087919  0.0107546   0.0091786   -0.0127674

0.0211479   -0.0214564  0.019031    0.00606433    -0.0214564  0.0127268   0.00218962  -0.00601496   0.019031    0.00218962  0.0138792   -0.00883939   0.00606433  -0.00601496 -0.00883939 0.0123011
0.0887003   -0.04699    0.0407364   -0.00601496   -0.04699    0.0485937   0.0173233   -0.0475973    0.0407364   0.0173233   0.0553916   0.0107546     -0.00601496 -0.0475973  0.0107546   0.0218303
-0.0160026  0.0197842   -0.0074902  -0.0087919    0.0197842   -0.0195322  -0.0050159  0.0107546     -0.0074902  -0.0050159  -0.00558525 0.0091786     -0.0087919  0.0107546   0.0091786   -0.0127674
0.389916    0.0104518   0.0442481   0.0123011     0.0104518   0.368091    -0.0251737  0.0218294     0.0442481   -0.0251737  0.338814    -0.0127674    0.0123011   0.0218294   -0.0127674  0.338956


    Hamiltonian Matrix AC:    < psi_{i1,A} <psi_{i2,C} | V_e-e | psi_{i3,A} <psi_{i4,C} >

HijkAC: {{{{0.3380675461, -0.09276312053, 0.01757714955, 0.03417241038}, {0.09276312053, -0.0251741441, 0.02382369993, 0.003671185405}, {0.01754176136, -0.02382369993, -0.002438418924, 0.01878215257}, {0.03417241038, -0.003671185405, 0.01878215257, -0.0003840438534}}, {{-0.09276312053, 0.3629226988, 0.05172704141, -0.1107865177}, {-0.0251741441, 0.07741102739, -0.003624431632, -0.01304733064}, {-0.02382369993, 0.04136051019, 0.01317882634, -0.03962443611}, {-0.003671185405, 0.01826978033, -0.008754941888, 0.001393244139}}, {{0.01757714955, 0.05172704141, 0.30656374, -0.03700185625}, {0.02382369993, -0.003624431632, 0.05987292755, 0.005908046331}, {-0.002438418924, 0.01317882634, 0.01542982839, -0.01800313693}, {0.01878215257, -0.008754941888, 0.01608229716, 0.003462855485}}, {{0.03417241038, -0.1107865177, -0.03700185625, 0.3480636267}, {0.003671185405, -0.01304733064, 0.005908046331, 0.05208890952}, {0.01878215257, -0.03962443611, -0.01800313693, 0.04639513841}, {-0.0003840438534, 0.001393244139, 0.003462855485, 0.009252269614}}}, {{{0.09276312053, -0.0251741441, 0.02382369993, 0.003671185405}, {0.3629226988, -0.07741102739, 0.04136051019, 0.01825125737}, {-0.05172704141, -0.003566206187, -0.01317882634, 0.008754941888}, {0.110787407, -0.01304733064, 0.03962443611, -0.001393244139}}, {{-0.0251741441, 0.07741102739, -0.003605800897, -0.01304733064}, {-0.07741102739, 0.3502419474, 0.03062020757, -0.07672650459}, {-0.003585225236, -0.03062020757, 0.002501226421, -0.009883570332}, {-0.01304733064, 0.07672650459, -0.009883570332, -0.001764599063}}, {{0.02382369993, -0.003624431632, 0.05987292755, 0.005908046331}, {0.04136051019, 0.03062020757, 0.3126961247, -0.0180124476}, {-0.01317882634, 0.002501226421, -0.03848044167, -0.005538721557}, {0.03962443611, -0.009883570332, 0.07193199871, 0.006233604238}}, {{0.003671185405, -0.01304733064, 0.005908046331, 0.05208890952}, {0.01825124403, -0.07672650459, -0.0180124476, 0.3211628368}, {0.008754941888, -0.009883570332, -0.005538721557, -0.02508956324}, {-0.001393244139, -0.001764599063, 0.006233604238, 0.05235443876}}}, {{{0.01754176136, -0.02382369993, -0.002438418924, 0.01878215257}, {-0.05172704141, -0.003566206187, -0.01317882634, 0.008754941888}, {0.3065474904, -0.05987292755, 0.01543072725, 0.01608229716}, {-0.03700185625, -0.005908046331, -0.01800320769, 0.00346217462}}, {{-0.02382369993, 0.04136051019, 0.01317882634, -0.03962443611}, {-0.003566206187, -0.03062020757, 0.002501226421, -0.009883570332}, {-0.05987292755, 0.3127041936, 0.03848044167, -0.07193199871}, {-0.005908046331, -0.0180124476, 0.005538721557, -0.006233604238}}, {{-0.002438418924, 0.01317882634, 0.01542982839, -0.01800313693}, {-0.01317882634, 0.002501226421, -0.03848044167, -0.005538743038}, {0.01543072725, 0.03848044167, 0.2822005681, -0.02016214082}, {-0.01800320769, 0.005538721557, -0.02016214082, -0.0005847125245}}, {{0.01878215257, -0.03962443611, -0.01800313693, 0.04639513841}, {0.008754941888, -0.009883570332, -0.005538743038, -0.02508956324}, {0.01608229716, -0.07193199871, -0.02016214082, 0.3041383629}, {0.00346217462, -0.006233604238, -0.0005847125245, -0.0126699049}}}, {{{0.03417241038, -0.003671185405, 0.01878215257, -0.0003840438534}, {0.110787407, -0.01304733064, 0.03962443611, -0.001393244139}, {-0.03700185625, -0.005908046331, -0.01800320769, 0.00346217462}, {0.3480636267, -0.05208890952, 0.04639513841, 0.009252269614}}, {{-0.003671185405, 0.01826979125, -0.008754941888, 0.001393244139}, {-0.01304733064, 0.07672650459, -0.009883570332, -0.001764599063}, {-0.005908046331, -0.0180124476, 0.005538721557, -0.006233604238}, {-0.05208890952, 0.3211628368, 0.02508956324, -0.05235443876}}, {{0.01878215257, -0.008754941888, 0.01608229716, 0.003462855485}, {0.03962443611, -0.009883570332, 0.07193199871, 0.006233604238}, {-0.01800320769, 0.005538721557, -0.02016214082, -0.0005847125245}, {0.04639513841, 0.02508956324, 0.3041383629, -0.0126699049}}, {{-0.0003840438534, 0.001393244139, 0.003462855485, 0.009252269614}, {-0.001393244139, -0.001764341419, 0.006233604238, 0.05235443876}, {0.00346217462, -0.006233604238, -0.0005847125245, -0.0126699049}, {0.009252269614, -0.05235443876, -0.0126699049, 0.2944068251}}}}
0.338068     -0.0927631   0.0175771    0.0341724      -0.0927631   0.362923     0.051727     -0.110787      0.0175771    0.051727     0.306564     -0.0370019     0.0341724    -0.110787    -0.0370019   0.348064
0.0927631    -0.0251741   0.0238237    0.00367119     -0.0251741   0.077411     -0.00362443  -0.0130473     0.0238237    -0.00362443  0.0598729    0.00590805     0.00367119   -0.0130473   0.00590805   0.0520889
0.0175418    -0.0238237   -0.00243842  0.0187822      -0.0238237   0.0413605    0.0131788    -0.0396244     -0.00243842  0.0131788    0.0154298    -0.0180031     0.0187822    -0.0396244   -0.0180031   0.0463951
0.0341724    -0.00367119  0.0187822    -0.000384044   -0.00367119  0.0182698    -0.00875494  0.00139324     0.0187822    -0.00875494  0.0160823    0.00346286     -0.000384044 0.00139324   0.00346286   0.00925227

0.0927631    -0.0251741   0.0238237    0.00367119     -0.0251741   0.077411     -0.0036058   -0.0130473     0.0238237    -0.00362443  0.0598729    0.00590805     0.00367119   -0.0130473   0.00590805   0.0520889
0.362923     -0.077411    0.0413605    0.0182513      -0.077411    0.350242     0.0306202    -0.0767265     0.0413605    0.0306202    0.312696     -0.0180124     0.0182512    -0.0767265   -0.0180124   0.321163
-0.051727    -0.00356621  -0.0131788   0.00875494     -0.00358523  -0.0306202   0.00250123   -0.00988357    -0.0131788   0.00250123   -0.0384804   -0.00553872    0.00875494   -0.00988357  -0.00553872  -0.0250896
0.110787     -0.0130473   0.0396244    -0.00139324    -0.0130473   0.0767265    -0.00988357  -0.0017646     0.0396244    -0.00988357  0.071932     0.0062336      -0.00139324  -0.0017646   0.0062336    0.0523544

0.0175418    -0.0238237   -0.00243842  0.0187822      -0.0238237   0.0413605    0.0131788    -0.0396244     -0.00243842  0.0131788    0.0154298    -0.0180031     0.0187822    -0.0396244   -0.0180031   0.0463951
-0.051727    -0.00356621  -0.0131788   0.00875494     -0.00356621  -0.0306202   0.00250123   -0.00988357    -0.0131788   0.00250123   -0.0384804   -0.00553874    0.00875494   -0.00988357  -0.00553874  -0.0250896
0.306547     -0.0598729   0.0154307    0.0160823      -0.0598729   0.312704     0.0384804    -0.071932      0.0154307    0.0384804    0.282201     -0.0201621     0.0160823    -0.071932    -0.0201621   0.304138
-0.0370019   -0.00590805  -0.0180032   0.00346217     -0.00590805  -0.0180124   0.00553872   -0.0062336     -0.0180032   0.00553872   -0.0201621   -0.000584713   0.00346217   -0.0062336   -0.000584713 -0.0126699

0.0341724    -0.00367119  0.0187822    -0.000384044   -0.00367119  0.0182698    -0.00875494  0.00139324     0.0187822    -0.00875494  0.0160823    0.00346286     -0.000384044 0.00139324   0.00346286   0.00925227
0.110787     -0.0130473   0.0396244    -0.00139324    -0.0130473   0.0767265    -0.00988357  -0.0017646     0.0396244    -0.00988357  0.071932     0.0062336      -0.00139324  -0.00176434  0.0062336    0.0523544
-0.0370019   -0.00590805  -0.0180032   0.00346217     -0.00590805  -0.0180124   0.00553872   -0.0062336     -0.0180032   0.00553872   -0.0201621   -0.000584713   0.00346217   -0.0062336   -0.000584713 -0.0126699
0.348064     -0.0520889   0.0463951    0.00925227     -0.0520889   0.321163     0.0250896    -0.0523544     0.0463951    0.0250896    0.304138     -0.0126699     0.00925227   -0.0523544   -0.0126699   0.294407


    Hamiltonian Matrix BA:    < psi_{i1,B} <psi_{i2,A} | V_e-e | psi_{i3,B} <psi_{i4,A} >

HijkBA: {{{{0.4746809915, 0.09532039381, 0.06717093878, 0.02114787003}, {0.09532039381, -0.03318089642, 0.04809246276, -0.02145644547}, {0.06718409993, 0.04809246276, 0.03000519588, 0.01903102621}, {0.02114787003, -0.02145644547, 0.01903102621, 0.006064328404}}, {{0.09532039381, 0.4412758346, -0.02958443973, 0.08870026807}, {-0.03318089642, 0.03116118042, 0.02466191714, -0.04699038113}, {0.04809246276, 0.06783364522, 0.0009319083755, 0.04073640651}, {-0.02145644547, 0.01272681585, 0.002189618943, -0.006014964488}}, {{0.06717093878, -0.02958443973, 0.389288218, -0.01600260307}, {0.04809246276, 0.02466191714, 0.05688264629, 0.01978418153}, {0.03000519588, 0.0009319083755, 0.04076075931, -0.007490204322}, {0.01903102621, 0.002189618943, 0.0138791647, -0.008839388291}}, {{0.02114787003, 0.08870026807, -0.01600260307, 0.38991603}, {-0.02145644547, -0.04699038113, 0.01978418153, 0.01045180504}, {0.01903102621, 0.04073640651, -0.007490204322, 0.04424814873}, {0.006064328404, -0.006014964488, -0.008839388291, 0.01230112834}}}, {{{0.09532039381, -0.03318089642, 0.04809246276, -0.02145644547}, {0.4412758346, 0.03116118042, 0.06783364522, 0.01276182603}, {-0.02958443973, 0.02466199991, 0.0009319083755, 0.002189618943}, {0.08870026807, -0.04698996365, 0.04073640651, -0.006014964488}}, {{-0.03318089642, 0.03116118042, 0.02466194899, -0.04699038113}, {0.03116118042, 0.4008175183, -0.02780881135, 0.04859373383}, {0.02466196806, -0.02780881135, -0.00651625304, 0.01732332854}, {-0.04698996365, 0.04859373383, 0.01732332854, -0.04759728126}}, {{0.04809246276, 0.02466191714, 0.05688264629, 0.01978418153}, {0.06783364522, -0.02780881135, 0.371826221, -0.01953220441}, {0.0009319083755, -0.00651625304, -0.0175339013, -0.005015903317}, {0.04073640651, 0.01732332854, 0.05539157732, 0.01075457524}}, {{-0.02145644547, -0.04699038113, 0.01978418153, 0.01045180504}, {0.01274857264, 0.04859373383, -0.01953220441, 0.3680908216}, {0.002189618943, 0.01732332854, -0.005015903317, -0.02517372417}, {-0.006014964488, -0.04759728126, 0.01075457524, 0.02183034129}}}, {{{0.06718409993, 0.04809246276, 0.03000519588, 0.01903102621}, {-0.02958443973, 0.02466199991, 0.0009319083755, 0.002189618943}, {0.3892979074, 0.05688264629, 0.04080747212, 0.0138791647}, {-0.01600260307, 0.01978418153, -0.007490204322, -0.008791898468}}, {{0.04809246276, 0.06783364522, 0.0009319083755, 0.04073640651}, {0.02466199991, -0.02780881135, -0.00651625304, 0.01732332854}, {0.05688264629, 0.371826221, -0.0175339013, 0.05539157732}, {0.01978418153, -0.01953220441, -0.005015903317, 0.01075457524}}, {{0.03000519588, 0.0009319083755, 0.04076075931, -0.007490204322}, {0.0009319083755, -0.00651625304, -0.0175339013, -0.005015903317}, {0.04080747212, -0.0175339013, 0.3355771524, -0.005585247546}, {-0.007490204322, -0.005015903317, -0.005585247546, 0.00917859953}}, {{0.01903102621, 0.04073640651, -0.007490204322, 0.04424814873}, {0.002189618943, 0.01732332854, -0.005015903317, -0.02517372417}, {0.0138791647, 0.05539157732, -0.005585247546, 0.3388137095}, {-0.008791899578, 0.01075457524, 0.00917859953, -0.01276743747}}}, {{{0.02114787003, -0.02145644547, 0.01903102621, 0.006064328404}, {0.08870026807, -0.04698996365, 0.04073640651, -0.006014964488}, {-0.01600260307, 0.01978418153, -0.007490204322, -0.008791898468}, {0.38991603, 0.01045180504, 0.04424814873, 0.01230112834}}, {{-0.02145644547, 0.01272681585, 0.002189618943, -0.006014964488}, {-0.04698996365, 0.04859373383, 0.01732332854, -0.04759728126}, {0.01978418153, -0.01953220441, -0.005015903317, 0.01075457524}, {0.01045180504, 0.3680908216, -0.02517372417, 0.02182938937}}, {{0.01903102621, 0.002189618943, 0.0138791647, -0.008839390759}, {0.04073640651, 0.01732332854, 0.05539157732, 0.01075457524}, {-0.007490204322, -0.005015903317, -0.005585247546, 0.00917859953}, {0.04424814873, -0.02517372417, 0.3388137095, -0.01276743747}}, {{0.006064328404, -0.006014964488, -0.008839390759, 0.01230112834}, {-0.006014964488, -0.04759728126, 0.01075457524, 0.02183034129}, {-0.008791899578, 0.01075457524, 0.00917859953, -0.01276743747}, {0.01230112834, 0.02182938937, -0.01276743747, 0.3389563676}}}}
0.474681    0.0953204   0.0671709   0.0211479     0.0953204   0.441276    -0.0295844  0.0887003     0.0671709   -0.0295844  0.389288    -0.0160026    0.0211479   0.0887003   -0.0160026  0.389916
0.0953204   -0.0331809  0.0480925   -0.0214564    -0.0331809  0.0311612   0.0246619   -0.0469904    0.0480925   0.0246619   0.0568826   0.0197842     -0.0214564  -0.0469904  0.0197842   0.0104518
0.0671841   0.0480925   0.0300052   0.019031      0.0480925   0.0678336   0.000931908 0.0407364     0.0300052   0.000931908 0.0407608   -0.0074902    0.019031    0.0407364   -0.0074902  0.0442481
0.0211479   -0.0214564  0.019031    0.00606433    -0.0214564  0.0127268   0.00218962  -0.00601496   0.019031    0.00218962  0.0138792   -0.00883939   0.00606433  -0.00601496 -0.00883939 0.0123011

0.0953204   -0.0331809  0.0480925   -0.0214564    -0.0331809  0.0311612   0.0246619   -0.0469904    0.0480925   0.0246619   0.0568826   0.0197842     -0.0214564  -0.0469904  0.0197842   0.0104518
0.441276    0.0311612   0.0678336   0.0127618     0.0311612   0.400818    -0.0278088  0.0485937     0.0678336   -0.0278088  0.371826    -0.0195322    0.0127486   0.0485937   -0.0195322  0.368091
-0.0295844  0.024662    0.000931908 0.00218962    0.024662    -0.0278088  -0.00651625 0.0173233     0.000931908 -0.00651625 -0.0175339  -0.0050159    0.00218962  0.0173233   -0.0050159  -0.0251737
0.0887003   -0.04699    0.0407364   -0.00601496   -0.04699    0.0485937   0.0173233   -0.0475973    0.0407364   0.0173233   0.0553916   0.0107546     -0.00601496 -0.0475973  0.0107546   0.0218303

0.0671841   0.0480925   0.0300052   0.019031      0.0480925   0.0678336   0.000931908 0.0407364     0.0300052   0.000931908 0.0407608   -0.0074902    0.019031    0.0407364   -0.0074902  0.0442481
-0.0295844  0.024662    0.000931908 0.00218962    0.024662    -0.0278088  -0.00651625 0.0173233     0.000931908 -0.00651625 -0.0175339  -0.0050159    0.00218962  0.0173233   -0.0050159  -0.0251737
0.389298    0.0568826   0.0408075   0.0138792     0.0568826   0.371826    -0.0175339  0.0553916     0.0408075   -0.0175339  0.335577    -0.00558525   0.0138792   0.0553916   -0.00558525 0.338814
-0.0160026  0.0197842   -0.0074902  -0.0087919    0.0197842   -0.0195322  -0.0050159  0.0107546     -0.0074902  -0.0050159  -0.00558525 0.0091786     -0.0087919  0.0107546   0.0091786   -0.0127674

0.0211479   -0.0214564  0.019031    0.00606433    -0.0214564  0.0127268   0.00218962  -0.00601496   0.019031    0.00218962  0.0138792   -0.00883939   0.00606433  -0.00601496 -0.00883939 0.0123011
0.0887003   -0.04699    0.0407364   -0.00601496   -0.04699    0.0485937   0.0173233   -0.0475973    0.0407364   0.0173233   0.0553916   0.0107546     -0.00601496 -0.0475973  0.0107546   0.0218303
-0.0160026  0.0197842   -0.0074902  -0.0087919    0.0197842   -0.0195322  -0.0050159  0.0107546     -0.0074902  -0.0050159  -0.00558525 0.0091786     -0.0087919  0.0107546   0.0091786   -0.0127674
0.389916    0.0104518   0.0442481   0.0123011     0.0104518   0.368091    -0.0251737  0.0218294     0.0442481   -0.0251737  0.338814    -0.0127674    0.0123011   0.0218294   -0.0127674  0.338956


    Hamiltonian Matrix BC:    < psi_{i1,B} <psi_{i2,C} | V_e-e | psi_{i3,B} <psi_{i4,C} >

HijkBC: {{{{0.4746809915, -0.09532039381, 0.0672171073, 0.02114787003}, {-0.0953216213, -0.03318089642, -0.04809246276, 0.02145644547}, {0.06715814944, -0.04809246276, 0.03000519588, 0.01903102621}, {0.02114787003, 0.02145644547, 0.01903102621, 0.006064328404}}, {{-0.09532039381, 0.4412758346, 0.02958443973, -0.08870026807}, {-0.03318089642, -0.03116118042, 0.0246769212, -0.04699038113}, {-0.04809246276, 0.06783364522, -0.0009319083755, -0.04073640651}, {0.02145644547, 0.0127815909, -0.002189618943, 0.006014964488}}, {{0.0672171073, 0.02958443973, 0.3892893687, -0.01600260307}, {-0.04809246276, 0.0246769212, -0.05688264629, -0.01978418153}, {0.03000519588, -0.0009319083755, 0.04076573731, -0.007490204322}, {0.01903102621, -0.002189618943, 0.0138791647, -0.008839390288}}, {{0.02114787003, -0.08870026807, -0.01600260307, 0.38991603}, {0.02145644547, -0.04699038113, -0.01978418153, -0.01045180504}, {0.01903102621, -0.04073640651, -0.007490204322, 0.04424814873}, {0.006064328404, 0.006014964488, -0.008839390288, 0.01230112834}}}, {{{-0.0953216213, -0.03318089642, -0.04809246276, 0.02145644547}, {0.4412758346, -0.03116118042, 0.06783364522, 0.01271856687}, {0.02958443973, 0.02464684213, -0.0009319083755, -0.002189618943}, {-0.08870026807, -0.04698996365, -0.04073640651, 0.006014964488}}, {{-0.03318089642, -0.03116118042, 0.02467697953, -0.04699038113}, {-0.03116118042, 0.4008175183, 0.02780881135, -0.04859373383}, {0.02464677844, 0.02780881135, -0.00651625304, 0.01732332854}, {-0.04698996365, -0.04859373383, 0.01732332854, -0.04759728126}}, {{-0.04809246276, 0.0246769212, -0.05688264629, -0.01978418153}, {0.06783364522, 0.02780881135, 0.371826221, -0.01953220441}, {-0.0009319083755, -0.00651625304, 0.0175339013, 0.005015903317}, {-0.04073640651, 0.01732332854, -0.05539157732, -0.01075457524}}, {{0.02145644547, -0.04699038113, -0.01978418153, -0.01045180504}, {0.01271856687, -0.04859373383, -0.01953220441, 0.3680912607}, {-0.002189618943, 0.01732332854, 0.005015903317, 0.02517372417}, {0.006014964488, -0.04759728126, -0.01075457524, -0.02182938937}}}, {{{0.06715814944, -0.04809246276, 0.03000519588, 0.01903102621}, {0.02958443973, 0.02464684213, -0.0009319083755, -0.002189618943}, {0.3892413396, -0.05688264629, 0.04080249412, 0.0138791647}, {-0.01600260307, -0.01978418153, -0.007490204322, -0.008791896501}}, {{-0.04809246276, 0.06783364522, -0.0009319083755, -0.04073640651}, {0.02464684213, 0.02780881135, -0.00651625304, 0.01732332854}, {-0.05688264629, 0.371826221, 0.0175339013, -0.05539157732}, {-0.01978418153, -0.01953220441, 0.005015903317, -0.01075457524}}, {{0.03000519588, -0.0009319083755, 0.04076573731, -0.007490204322}, {-0.0009319083755, -0.00651625304, 0.0175339013, 0.005015903317}, {0.04080249412, 0.0175339013, 0.3355771524, -0.005585247546}, {-0.007490204322, 0.005015903317, -0.005585247546, 0.00917859953}}, {{0.01903102621, -0.04073640651, -0.007490204322, 0.04424814873}, {-0.002189618943, 0.01732332854, 0.005015903317, 0.02517372417}, {0.0138791647, -0.05539157732, -0.005585247546, 0.3388137095}, {-0.00879190008, -0.01075457524, 0.00917859953, -0.01276743747}}}, {{{0.02114787003, 0.02145644547, 0.01903102621, 0.006064328404}, {-0.08870026807, -0.04698996365, -0.04073640651, 0.006014964488}, {-0.01600260307, -0.01978418153, -0.007490204322, -0.008791896501}, {0.38991603, -0.01045180504, 0.04424814873, 0.01230112834}}, {{0.02145644547, 0.01275231234, -0.002189618943, 0.006014964488}, {-0.04698996365, -0.04859373383, 0.01732332854, -0.04759728126}, {-0.01978418153, -0.01953220441, 0.005015903317, -0.01075457524}, {-0.01045180504, 0.3680912607, 0.02517372417, -0.02182938937}}, {{0.01903102621, -0.002189618943, 0.0138791647, -0.008839390288}, {-0.04073640651, 0.01732332854, -0.05539157732, -0.01075457524}, {-0.007490204322, 0.005015903317, -0.005585247546, 0.00917859953}, {0.04424814873, 0.02517372417, 0.3388137095, -0.01276743747}}, {{0.006064328404, 0.006014964488, -0.008839390288, 0.01230112834}, {0.006014964488, -0.04759728126, -0.01075457524, -0.02182938937}, {-0.00879190008, -0.01075457524, 0.00917859953, -0.01276743747}, {0.01230112834, -0.02182938937, -0.01276743747, 0.3389563676}}}}
0.474681     -0.0953204   0.0672171    0.0211479      -0.0953204   0.441276     0.0295844    -0.0887003     0.0672171    0.0295844    0.389289     -0.0160026     0.0211479    -0.0887003   -0.0160026   0.389916
-0.0953216   -0.0331809   -0.0480925   0.0214564      -0.0331809   -0.0311612   0.0246769    -0.0469904     -0.0480925   0.0246769    -0.0568826   -0.0197842     0.0214564    -0.0469904   -0.0197842   -0.0104518
0.0671581    -0.0480925   0.0300052    0.019031       -0.0480925   0.0678336    -0.000931908 -0.0407364     0.0300052    -0.000931908 0.0407657    -0.0074902     0.019031     -0.0407364   -0.0074902   0.0442481
0.0211479    0.0214564    0.019031     0.00606433     0.0214564    0.0127816    -0.00218962  0.00601496     0.019031     -0.00218962  0.0138792    -0.00883939    0.00606433   0.00601496   -0.00883939  0.0123011

-0.0953216   -0.0331809   -0.0480925   0.0214564      -0.0331809   -0.0311612   0.024677     -0.0469904     -0.0480925   0.0246769    -0.0568826   -0.0197842     0.0214564    -0.0469904   -0.0197842   -0.0104518
0.441276     -0.0311612   0.0678336    0.0127186      -0.0311612   0.400818     0.0278088    -0.0485937     0.0678336    0.0278088    0.371826     -0.0195322     0.0127186    -0.0485937   -0.0195322   0.368091
0.0295844    0.0246468    -0.000931908 -0.00218962    0.0246468    0.0278088    -0.00651625  0.0173233      -0.000931908 -0.00651625  0.0175339    0.0050159      -0.00218962  0.0173233    0.0050159    0.0251737
-0.0887003   -0.04699     -0.0407364   0.00601496     -0.04699     -0.0485937   0.0173233    -0.0475973     -0.0407364   0.0173233    -0.0553916   -0.0107546     0.00601496   -0.0475973   -0.0107546   -0.0218294

0.0671581    -0.0480925   0.0300052    0.019031       -0.0480925   0.0678336    -0.000931908 -0.0407364     0.0300052    -0.000931908 0.0407657    -0.0074902     0.019031     -0.0407364   -0.0074902   0.0442481
0.0295844    0.0246468    -0.000931908 -0.00218962    0.0246468    0.0278088    -0.00651625  0.0173233      -0.000931908 -0.00651625  0.0175339    0.0050159      -0.00218962  0.0173233    0.0050159    0.0251737
0.389241     -0.0568826   0.0408025    0.0138792      -0.0568826   0.371826     0.0175339    -0.0553916     0.0408025    0.0175339    0.335577     -0.00558525    0.0138792    -0.0553916   -0.00558525  0.338814
-0.0160026   -0.0197842   -0.0074902   -0.0087919     -0.0197842   -0.0195322   0.0050159    -0.0107546     -0.0074902   0.0050159    -0.00558525  0.0091786      -0.0087919   -0.0107546   0.0091786    -0.0127674

0.0211479    0.0214564    0.019031     0.00606433     0.0214564    0.0127523    -0.00218962  0.00601496     0.019031     -0.00218962  0.0138792    -0.00883939    0.00606433   0.00601496   -0.00883939  0.0123011
-0.0887003   -0.04699     -0.0407364   0.00601496     -0.04699     -0.0485937   0.0173233    -0.0475973     -0.0407364   0.0173233    -0.0553916   -0.0107546     0.00601496   -0.0475973   -0.0107546   -0.0218294
-0.0160026   -0.0197842   -0.0074902   -0.0087919     -0.0197842   -0.0195322   0.0050159    -0.0107546     -0.0074902   0.0050159    -0.00558525  0.0091786      -0.0087919   -0.0107546   0.0091786    -0.0127674
0.389916     -0.0104518   0.0442481    0.0123011      -0.0104518   0.368091     0.0251737    -0.0218294     0.0442481    0.0251737    0.338814     -0.0127674     0.0123011    -0.0218294   -0.0127674   0.338956


    Hamiltonian Matrix CA:    < psi_{i1,C} <psi_{i2,A} | V_e-e | psi_{i3,C} <psi_{i4,A} >

HijkCA: {{{{0.3380675461, -0.09276312053, 0.01757714955, 0.03417241038}, {0.09276312053, -0.0251741441, 0.02382369993, 0.003671185405}, {0.01754176136, -0.02382369993, -0.002438418924, 0.01878215257}, {0.03417241038, -0.003671185405, 0.01878215257, -0.0003840438534}}, {{-0.09276312053, 0.3629226988, 0.05172704141, -0.1107865177}, {-0.0251741441, 0.07741102739, -0.003624431632, -0.01304733064}, {-0.02382369993, 0.04136051019, 0.01317882634, -0.03962443611}, {-0.003671185405, 0.01826978033, -0.008754941888, 0.001393244139}}, {{0.01757714955, 0.05172704141, 0.30656374, -0.03700185625}, {0.02382369993, -0.003624431632, 0.05987292755, 0.005908046331}, {-0.002438418924, 0.01317882634, 0.01542982839, -0.01800313693}, {0.01878215257, -0.008754941888, 0.01608229716, 0.003462855485}}, {{0.03417241038, -0.1107865177, -0.03700185625, 0.3480636267}, {0.003671185405, -0.01304733064, 0.005908046331, 0.05208890952}, {0.01878215257, -0.03962443611, -0.01800313693, 0.04639513841}, {-0.0003840438534, 0.001393244139, 0.003462855485, 0.009252269614}}}, {{{0.09276312053, -0.0251741441, 0.02382369993, 0.003671185405}, {0.3629226988, -0.07741102739, 0.04136051019, 0.01825125737}, {-0.05172704141, -0.003566206187, -0.01317882634, 0.008754941888}, {0.110787407, -0.01304733064, 0.03962443611, -0.001393244139}}, {{-0.0251741441, 0.07741102739, -0.003605800897, -0.01304733064}, {-0.07741102739, 0.3502419474, 0.03062020757, -0.07672650459}, {-0.003585225236, -0.03062020757, 0.002501226421, -0.009883570332}, {-0.01304733064, 0.07672650459, -0.009883570332, -0.001764599063}}, {{0.02382369993, -0.003624431632, 0.05987292755, 0.005908046331}, {0.04136051019, 0.03062020757, 0.3126961247, -0.0180124476}, {-0.01317882634, 0.002501226421, -0.03848044167, -0.005538721557}, {0.03962443611, -0.009883570332, 0.07193199871, 0.006233604238}}, {{0.003671185405, -0.01304733064, 0.005908046331, 0.05208890952}, {0.01825124403, -0.07672650459, -0.0180124476, 0.3211628368}, {0.008754941888, -0.009883570332, -0.005538721557, -0.02508956324}, {-0.001393244139, -0.001764599063, 0.006233604238, 0.05235443876}}}, {{{0.01754176136, -0.02382369993, -0.002438418924, 0.01878215257}, {-0.05172704141, -0.003566206187, -0.01317882634, 0.008754941888}, {0.3065474904, -0.05987292755, 0.01543072725, 0.01608229716}, {-0.03700185625, -0.005908046331, -0.01800320769, 0.00346217462}}, {{-0.02382369993, 0.04136051019, 0.01317882634, -0.03962443611}, {-0.003566206187, -0.03062020757, 0.002501226421, -0.009883570332}, {-0.05987292755, 0.3127041936, 0.03848044167, -0.07193199871}, {-0.005908046331, -0.0180124476, 0.005538721557, -0.006233604238}}, {{-0.002438418924, 0.01317882634, 0.01542982839, -0.01800313693}, {-0.01317882634, 0.002501226421, -0.03848044167, -0.005538743038}, {0.01543072725, 0.03848044167, 0.2822005681, -0.02016214082}, {-0.01800320769, 0.005538721557, -0.02016214082, -0.0005847125245}}, {{0.01878215257, -0.03962443611, -0.01800313693, 0.04639513841}, {0.008754941888, -0.009883570332, -0.005538743038, -0.02508956324}, {0.01608229716, -0.07193199871, -0.02016214082, 0.3041383629}, {0.00346217462, -0.006233604238, -0.0005847125245, -0.0126699049}}}, {{{0.03417241038, -0.003671185405, 0.01878215257, -0.0003840438534}, {0.110787407, -0.01304733064, 0.03962443611, -0.001393244139}, {-0.03700185625, -0.005908046331, -0.01800320769, 0.00346217462}, {0.3480636267, -0.05208890952, 0.04639513841, 0.009252269614}}, {{-0.003671185405, 0.01826979125, -0.008754941888, 0.001393244139}, {-0.01304733064, 0.07672650459, -0.009883570332, -0.001764599063}, {-0.005908046331, -0.0180124476, 0.005538721557, -0.006233604238}, {-0.05208890952, 0.3211628368, 0.02508956324, -0.05235443876}}, {{0.01878215257, -0.008754941888, 0.01608229716, 0.003462855485}, {0.03962443611, -0.009883570332, 0.07193199871, 0.006233604238}, {-0.01800320769, 0.005538721557, -0.02016214082, -0.0005847125245}, {0.04639513841, 0.02508956324, 0.3041383629, -0.0126699049}}, {{-0.0003840438534, 0.001393244139, 0.003462855485, 0.009252269614}, {-0.001393244139, -0.001764341419, 0.006233604238, 0.05235443876}, {0.00346217462, -0.006233604238, -0.0005847125245, -0.0126699049}, {0.009252269614, -0.05235443876, -0.0126699049, 0.2944068251}}}}
0.338068     -0.0927631   0.0175771    0.0341724      -0.0927631   0.362923     0.051727     -0.110787      0.0175771    0.051727     0.306564     -0.0370019     0.0341724    -0.110787    -0.0370019   0.348064
0.0927631    -0.0251741   0.0238237    0.00367119     -0.0251741   0.077411     -0.00362443  -0.0130473     0.0238237    -0.00362443  0.0598729    0.00590805     0.00367119   -0.0130473   0.00590805   0.0520889
0.0175418    -0.0238237   -0.00243842  0.0187822      -0.0238237   0.0413605    0.0131788    -0.0396244     -0.00243842  0.0131788    0.0154298    -0.0180031     0.0187822    -0.0396244   -0.0180031   0.0463951
0.0341724    -0.00367119  0.0187822    -0.000384044   -0.00367119  0.0182698    -0.00875494  0.00139324     0.0187822    -0.00875494  0.0160823    0.00346286     -0.000384044 0.00139324   0.00346286   0.00925227

0.0927631    -0.0251741   0.0238237    0.00367119     -0.0251741   0.077411     -0.0036058   -0.0130473     0.0238237    -0.00362443  0.0598729    0.00590805     0.00367119   -0.0130473   0.00590805   0.0520889
0.362923     -0.077411    0.0413605    0.0182513      -0.077411    0.350242     0.0306202    -0.0767265     0.0413605    0.0306202    0.312696     -0.0180124     0.0182512    -0.0767265   -0.0180124   0.321163
-0.051727    -0.00356621  -0.0131788   0.00875494     -0.00358523  -0.0306202   0.00250123   -0.00988357    -0.0131788   0.00250123   -0.0384804   -0.00553872    0.00875494   -0.00988357  -0.00553872  -0.0250896
0.110787     -0.0130473   0.0396244    -0.00139324    -0.0130473   0.0767265    -0.00988357  -0.0017646     0.0396244    -0.00988357  0.071932     0.0062336      -0.00139324  -0.0017646   0.0062336    0.0523544

0.0175418    -0.0238237   -0.00243842  0.0187822      -0.0238237   0.0413605    0.0131788    -0.0396244     -0.00243842  0.0131788    0.0154298    -0.0180031     0.0187822    -0.0396244   -0.0180031   0.0463951
-0.051727    -0.00356621  -0.0131788   0.00875494     -0.00356621  -0.0306202   0.00250123   -0.00988357    -0.0131788   0.00250123   -0.0384804   -0.00553874    0.00875494   -0.00988357  -0.00553874  -0.0250896
0.306547     -0.0598729   0.0154307    0.0160823      -0.0598729   0.312704     0.0384804    -0.071932      0.0154307    0.0384804    0.282201     -0.0201621     0.0160823    -0.071932    -0.0201621   0.304138
-0.0370019   -0.00590805  -0.0180032   0.00346217     -0.00590805  -0.0180124   0.00553872   -0.0062336     -0.0180032   0.00553872   -0.0201621   -0.000584713   0.00346217   -0.0062336   -0.000584713 -0.0126699

0.0341724    -0.00367119  0.0187822    -0.000384044   -0.00367119  0.0182698    -0.00875494  0.00139324     0.0187822    -0.00875494  0.0160823    0.00346286     -0.000384044 0.00139324   0.00346286   0.00925227
0.110787     -0.0130473   0.0396244    -0.00139324    -0.0130473   0.0767265    -0.00988357  -0.0017646     0.0396244    -0.00988357  0.071932     0.0062336      -0.00139324  -0.00176434  0.0062336    0.0523544
-0.0370019   -0.00590805  -0.0180032   0.00346217     -0.00590805  -0.0180124   0.00553872   -0.0062336     -0.0180032   0.00553872   -0.0201621   -0.000584713   0.00346217   -0.0062336   -0.000584713 -0.0126699
0.348064     -0.0520889   0.0463951    0.00925227     -0.0520889   0.321163     0.0250896    -0.0523544     0.0463951    0.0250896    0.304138     -0.0126699     0.00925227   -0.0523544   -0.0126699   0.294407


    Hamiltonian Matrix CB:    < psi_{i1,C} <psi_{i2,B} | V_e-e | psi_{i3,C} <psi_{i4,B} >

HijkCB: {{{{0.4746809915, -0.09532039381, 0.0672171073, 0.02114787003}, {-0.0953216213, -0.03318089642, -0.04809246276, 0.02145644547}, {0.06715814944, -0.04809246276, 0.03000519588, 0.01903102621}, {0.02114787003, 0.02145644547, 0.01903102621, 0.006064328404}}, {{-0.09532039381, 0.4412758346, 0.02958443973, -0.08870026807}, {-0.03318089642, -0.03116118042, 0.0246769212, -0.04699038113}, {-0.04809246276, 0.06783364522, -0.0009319083755, -0.04073640651}, {0.02145644547, 0.0127815909, -0.002189618943, 0.006014964488}}, {{0.0672171073, 0.02958443973, 0.3892893687, -0.01600260307}, {-0.04809246276, 0.0246769212, -0.05688264629, -0.01978418153}, {0.03000519588, -0.0009319083755, 0.04076573731, -0.007490204322}, {0.01903102621, -0.002189618943, 0.0138791647, -0.008839390288}}, {{0.02114787003, -0.08870026807, -0.01600260307, 0.38991603}, {0.02145644547, -0.04699038113, -0.01978418153, -0.01045180504}, {0.01903102621, -0.04073640651, -0.007490204322, 0.04424814873}, {0.006064328404, 0.006014964488, -0.008839390288, 0.01230112834}}}, {{{-0.0953216213, -0.03318089642, -0.04809246276, 0.02145644547}, {0.4412758346, -0.03116118042, 0.06783364522, 0.01271856687}, {0.02958443973, 0.02464684213, -0.0009319083755, -0.002189618943}, {-0.08870026807, -0.04698996365, -0.04073640651, 0.006014964488}}, {{-0.03318089642, -0.03116118042, 0.02467697953, -0.04699038113}, {-0.03116118042, 0.4008175183, 0.02780881135, -0.04859373383}, {0.02464677844, 0.02780881135, -0.00651625304, 0.01732332854}, {-0.04698996365, -0.04859373383, 0.01732332854, -0.04759728126}}, {{-0.04809246276, 0.0246769212, -0.05688264629, -0.01978418153}, {0.06783364522, 0.02780881135, 0.371826221, -0.01953220441}, {-0.0009319083755, -0.00651625304, 0.0175339013, 0.005015903317}, {-0.04073640651, 0.01732332854, -0.05539157732, -0.01075457524}}, {{0.02145644547, -0.04699038113, -0.01978418153, -0.01045180504}, {0.01271856687, -0.04859373383, -0.01953220441, 0.3680912607}, {-0.002189618943, 0.01732332854, 0.005015903317, 0.02517372417}, {0.006014964488, -0.04759728126, -0.01075457524, -0.02182938937}}}, {{{0.06715814944, -0.04809246276, 0.03000519588, 0.01903102621}, {0.02958443973, 0.02464684213, -0.0009319083755, -0.002189618943}, {0.3892413396, -0.05688264629, 0.04080249412, 0.0138791647}, {-0.01600260307, -0.01978418153, -0.007490204322, -0.008791896501}}, {{-0.04809246276, 0.06783364522, -0.0009319083755, -0.04073640651}, {0.02464684213, 0.02780881135, -0.00651625304, 0.01732332854}, {-0.05688264629, 0.371826221, 0.0175339013, -0.05539157732}, {-0.01978418153, -0.01953220441, 0.005015903317, -0.01075457524}}, {{0.03000519588, -0.0009319083755, 0.04076573731, -0.007490204322}, {-0.0009319083755, -0.00651625304, 0.0175339013, 0.005015903317}, {0.04080249412, 0.0175339013, 0.3355771524, -0.005585247546}, {-0.007490204322, 0.005015903317, -0.005585247546, 0.00917859953}}, {{0.01903102621, -0.04073640651, -0.007490204322, 0.04424814873}, {-0.002189618943, 0.01732332854, 0.005015903317, 0.02517372417}, {0.0138791647, -0.05539157732, -0.005585247546, 0.3388137095}, {-0.00879190008, -0.01075457524, 0.00917859953, -0.01276743747}}}, {{{0.02114787003, 0.02145644547, 0.01903102621, 0.006064328404}, {-0.08870026807, -0.04698996365, -0.04073640651, 0.006014964488}, {-0.01600260307, -0.01978418153, -0.007490204322, -0.008791896501}, {0.38991603, -0.01045180504, 0.04424814873, 0.01230112834}}, {{0.02145644547, 0.01275231234, -0.002189618943, 0.006014964488}, {-0.04698996365, -0.04859373383, 0.01732332854, -0.04759728126}, {-0.01978418153, -0.01953220441, 0.005015903317, -0.01075457524}, {-0.01045180504, 0.3680912607, 0.02517372417, -0.02182938937}}, {{0.01903102621, -0.002189618943, 0.0138791647, -0.008839390288}, {-0.04073640651, 0.01732332854, -0.05539157732, -0.01075457524}, {-0.007490204322, 0.005015903317, -0.005585247546, 0.00917859953}, {0.04424814873, 0.02517372417, 0.3388137095, -0.01276743747}}, {{0.006064328404, 0.006014964488, -0.008839390288, 0.01230112834}, {0.006014964488, -0.04759728126, -0.01075457524, -0.02182938937}, {-0.00879190008, -0.01075457524, 0.00917859953, -0.01276743747}, {0.01230112834, -0.02182938937, -0.01276743747, 0.3389563676}}}}
0.474681     -0.0953204   0.0672171    0.0211479      -0.0953204   0.441276     0.0295844    -0.0887003     0.0672171    0.0295844    0.389289     -0.0160026     0.0211479    -0.0887003   -0.0160026   0.389916
-0.0953216   -0.0331809   -0.0480925   0.0214564      -0.0331809   -0.0311612   0.0246769    -0.0469904     -0.0480925   0.0246769    -0.0568826   -0.0197842     0.0214564    -0.0469904   -0.0197842   -0.0104518
0.0671581    -0.0480925   0.0300052    0.019031       -0.0480925   0.0678336    -0.000931908 -0.0407364     0.0300052    -0.000931908 0.0407657    -0.0074902     0.019031     -0.0407364   -0.0074902   0.0442481
0.0211479    0.0214564    0.019031     0.00606433     0.0214564    0.0127816    -0.00218962  0.00601496     0.019031     -0.00218962  0.0138792    -0.00883939    0.00606433   0.00601496   -0.00883939  0.0123011

-0.0953216   -0.0331809   -0.0480925   0.0214564      -0.0331809   -0.0311612   0.024677     -0.0469904     -0.0480925   0.0246769    -0.0568826   -0.0197842     0.0214564    -0.0469904   -0.0197842   -0.0104518
0.441276     -0.0311612   0.0678336    0.0127186      -0.0311612   0.400818     0.0278088    -0.0485937     0.0678336    0.0278088    0.371826     -0.0195322     0.0127186    -0.0485937   -0.0195322   0.368091
0.0295844    0.0246468    -0.000931908 -0.00218962    0.0246468    0.0278088    -0.00651625  0.0173233      -0.000931908 -0.00651625  0.0175339    0.0050159      -0.00218962  0.0173233    0.0050159    0.0251737
-0.0887003   -0.04699     -0.0407364   0.00601496     -0.04699     -0.0485937   0.0173233    -0.0475973     -0.0407364   0.0173233    -0.0553916   -0.0107546     0.00601496   -0.0475973   -0.0107546   -0.0218294

0.0671581    -0.0480925   0.0300052    0.019031       -0.0480925   0.0678336    -0.000931908 -0.0407364     0.0300052    -0.000931908 0.0407657    -0.0074902     0.019031     -0.0407364   -0.0074902   0.0442481
0.0295844    0.0246468    -0.000931908 -0.00218962    0.0246468    0.0278088    -0.00651625  0.0173233      -0.000931908 -0.00651625  0.0175339    0.0050159      -0.00218962  0.0173233    0.0050159    0.0251737
0.389241     -0.0568826   0.0408025    0.0138792      -0.0568826   0.371826     0.0175339    -0.0553916     0.0408025    0.0175339    0.335577     -0.00558525    0.0138792    -0.0553916   -0.00558525  0.338814
-0.0160026   -0.0197842   -0.0074902   -0.0087919     -0.0197842   -0.0195322   0.0050159    -0.0107546     -0.0074902   0.0050159    -0.00558525  0.0091786      -0.0087919   -0.0107546   0.0091786    -0.0127674

0.0211479    0.0214564    0.019031     0.00606433     0.0214564    0.0127523    -0.00218962  0.00601496     0.019031     -0.00218962  0.0138792    -0.00883939    0.00606433   0.00601496   -0.00883939  0.0123011
-0.0887003   -0.04699     -0.0407364   0.00601496     -0.04699     -0.0485937   0.0173233    -0.0475973     -0.0407364   0.0173233    -0.0553916   -0.0107546     0.00601496   -0.0475973   -0.0107546   -0.0218294
-0.0160026   -0.0197842   -0.0074902   -0.0087919     -0.0197842   -0.0195322   0.0050159    -0.0107546     -0.0074902   0.0050159    -0.00558525  0.0091786      -0.0087919   -0.0107546   0.0091786    -0.0127674
0.389916     -0.0104518   0.0442481    0.0123011      -0.0104518   0.368091     0.0251737    -0.0218294     0.0442481    0.0251737    0.338814     -0.0127674     0.0123011    -0.0218294   -0.0127674   0.338956


Energy:  {2.362870128}


Coefficients: {{0.9063369355, 0.3892432103, 0.04283425251, 0.158771249}, {0.8294183155, -0.4705886267, -0.05261215503, 0.2963841486}, {0.8294183155, -0.4705886267, -0.05261215503, 0.2963841486}, {0.9063369355, 0.3892432103, 0.04283425251, 0.158771249}}


r2: {3.417319427, 4.264093854, 4.264093854, 3.417319427}
r2f: {3.18284615}


r3: {7.787805491, 10.66209442, 10.66209442, 7.787805491}
r3f: {6.975440461}


alpha: {5.024073377, 6.87833624, 6.87833624, 5.024073377}
alphaf: {4.5}




~~~XDM (a1=0.65, a2=3.17474)~~~

M1^2: {3.843505058, 4.408255168, 4.408255168, 3.843505058}
M1f^2: {3.18284615}

M2^2: {19.7542995, 23.5672135, 23.5672135, 19.7542995}
M2f^2: {16.88418269}

M3^2: {182.9660273, 245.521813, 245.521813, 182.9660273}
M3f^2: {125.3927637}

C6XDM: {{9.655025717, 12.0513986, 12.0513986, 9.655025717}, {12.0513986, 15.16073064, 15.16073064, 12.0513986}, {12.0513986, 15.16073064, 15.16073064, 12.0513986}, {9.655025717, 12.0513986, 12.0513986, 9.655025717}}
C6XDMf: {7.161403837}

C8XDM: {{148.8705753, 189.5530509, 189.5530509, 148.8705753}, {189.5530509, 243.154828, 243.154828, 189.5530509}, {189.5530509, 243.154828, 243.154828, 189.5530509}, {148.8705753, 189.5530509, 189.5530509, 148.8705753}}
C8XDMf: {113.9682331}

C10XDM: {{2909.670764, 3880.608557, 3880.608557, 2909.670764}, {3880.608557, 5197.48378, 5197.48378, 3880.608557}, {3880.608557, 5197.48378, 5197.48378, 3880.608557}, {2909.670764, 3880.608557, 3880.608557, 2909.670764}}
C10XDMf: {1974.936028}

EXDMC6: {-5.266354834}
EXDMC8: {-42.26626674}
EXDMC10: {-448.2637234}

EXDMBJC6: {-0.001637713376}
EXDMBJC8: {-0.0007399790761}
EXDMBJC10: {-0.0004332894861}

EXDM: {-495.796345}
EXDMBJ: {-0.002810981938}




~~~TS (dTS=20, sR=0.62)~~~

C6TS: {{8.926579648, 12.22116233, 12.22116233, 8.926579648}, {12.22116233, 16.73169507, 16.73169507, 12.22116233}, {12.22116233, 16.73169507, 16.73169507, 12.22116233}, {8.926579648, 12.22116233, 12.22116233, 8.926579648}}
C6TSf: {7.161403837}

ETS: {-5.520658626}
ETSWY: {-0.001279781325}




~~~MBD~~~

 alpha: {4.464551635, 3.720360473, 3.720360473, 4.464551635}
  C6ii: {8.236842814, 8.101444972, 8.101444972, 8.236842814}
 omega: {0.550990124, 0.7804250124, 0.7804250124, 0.550990124}
lambda: {1.096870551, 1.096870551, 0.6695582148, 0.6301459576, 0.4516517473, 0.4516517473, 0.2954755865, 0.2301268747, 0.1826585853, 0.1826585853, 0.09412574968, 0.09412574968}
Energy: {-0.22300678}

~~~MBD@rsSCS (drsSCS=6, sR=0.62)~~~

 alpha: {4.326600008, 3.599211514, 3.599211514, 4.326600008}
  C6ii: {7.698963981, 7.592312814, 7.592312814, 7.698963981}
 omega: {0.5483748528, 0.7814444137, 0.7814444137, 0.5483748528}
lambda: {0.6367415428, 0.6249698009, 0.6249698009, 0.5976476974, 0.5976476974, 0.5898716556, 0.3210094952, 0.3095908935, 0.3095908935, 0.29053231, 0.29053231, 0.2751180082}
Energy: {-0.001868384224}




~~~MBDFree1~~~

 alpha: {4.541295768, 2.720142411, 2.720142411, 4.541295768}
  C6ii: {8.123310789, 4.499984173, 4.499984173, 8.123310789}
 omega: {0.5251848992, 0.8108983922, 0.8108983922, 0.5251848992}
lambda: {1.103100839, 1.103100839, 0.7596996423, 0.6157560011, 0.4647222845, 0.4647222845, 0.2902927742, 0.2010023439, 0.1811033528, 0.1811033528, 0.1178242854, 0.1178242854}
Energy: {-0.1857256478}

~~~MBDFree1@rsSCS (drsSCS=6, sR=0.62)~~~

 alpha: {4.374926495, 2.598928561, 2.598928561, 4.374926495}
  C6ii: {7.535233119, 4.137948935, 4.137948935, 7.535233119}
 omega: {0.5249209522, 0.8168365826, 0.8168365826, 0.5249209522}
lambda: {0.687793773, 0.6782500207, 0.6782500207, 0.6569567427, 0.6569567427, 0.6497032132, 0.2943612683, 0.2842095044, 0.2842095044, 0.2661117499, 0.2661117499, 0.2536697631}
Energy: {-0.001420265262}




~~~MBDFree2~~~

 alpha: {4.541295768, 2.720142411, 2.720142411, 4.541295768}
  C6ii: {9.218477125, 11.20440246, 11.20440246, 9.218477125}
 omega: {0.5959891361, 2.019036421, 2.019036421, 0.5959891361}
lambda: {6.26933871, 6.26933871, 4.608476892, 3.598273802, 2.13491227, 2.13491227, 0.3820571991, 0.2746143466, 0.2544061617, 0.2544061617, 0.2047650981, 0.2047650981}
Energy: {-0.3302851599}

~~~MBDFree2@rsSCS (drsSCS=6, sR=0.62)~~~

 alpha: {4.374926495, 2.598928561, 2.598928561, 4.374926495}
  C6ii: {8.572962438, 10.58279701, 10.58279701, 8.572962438}
 omega: {0.5972114645, 2.089058101, 2.089058101, 0.5972114645}
lambda: {4.498562243, 4.431971318, 4.431971318, 4.296981383, 4.296981383, 4.232368689, 0.3810345053, 0.3682396985, 0.3682396985, 0.344458168, 0.344458168, 0.3296851302}
Energy: {-0.002076797037}




~~~MBD@XDM1~~~

 alpha: {4.795397624, 3.468664305, 3.468664305, 4.795397624}
  C6ii: {9.325133145, 7.328450958, 7.328450958, 9.325133145}
 omega: {0.5406852604, 0.8121315459, 0.8121315459, 0.5406852604}
lambda: {1.159593972, 1.159593972, 0.7308369987, 0.6606032436, 0.4637729332, 0.4637729332, 0.2912779245, 0.2210782306, 0.1794015974, 0.1794015974, 0.1010278949, 0.1010278949}
Energy: {-0.2204119208}

~~~MBD@XDM1@rsSCS (drsSCS=6, sR=0.62)~~~

 alpha: {4.643394901, 3.344588226, 3.344588226, 4.643394901}
  C6ii: {8.702717939, 6.831944938, 6.831944938, 8.702717939}
 omega: {0.5381736182, 0.8143250243, 0.8143250243, 0.5381736182}
lambda: {0.689442289, 0.6773878253, 0.6773878253, 0.6499974392, 0.6499974392, 0.6414001018, 0.3106162049, 0.2990194659, 0.2990194659, 0.2791074465, 0.2791074465, 0.2640535812}
Energy: {-0.001906987501}




~~~MBD@XDM2~~~

 alpha: {4.464551635, 3.720360473, 3.720360473, 4.464551635}
  C6ii: {9.359396607, 7.116465352, 7.116465352, 9.359396607}
 omega: {0.6260815235, 0.6855403672, 0.6855403672, 0.6260815235}
lambda: {0.9428110707, 0.9428110707, 0.5832006078, 0.530273402, 0.4813788709, 0.4813788709, 0.3379635234, 0.272449805, 0.2117135449, 0.2117135449, 0.08798385165, 0.08798385165}
Energy: {-0.2157282343}

~~~MBD@XDM2@rsSCS (drsSCS=6, sR=0.62)~~~

 alpha: {4.326600008, 3.599211514, 3.599211514, 4.326600008}
  C6ii: {8.733831597, 6.624426155, 6.624426155, 8.733831597}
 omega: {0.6220854687, 0.6818239632, 0.6818239632, 0.6220854687}
lambda: {0.484909029, 0.4797934793, 0.4797934793, 0.4609713132, 0.4550167834, 0.4550167834, 0.4129658933, 0.3950811054, 0.3950811054, 0.3738571262, 0.3738571262, 0.3449022589}
Energy: {-0.001908966544}




    ENERGY MATRIX: {Non-Interacting, Electron-Nuclear, Electron-Electron, Nuclear-Nuclear, Total Energy}
Oscillator 1 Energy: {0.8042450072, -1.586157887, 0.7012585985, 0.6547614371, 0.574107156}
Oscillator 2 Energy: {0.897174928, -1.502485838, 0.7810795989, 0.8928565051, 1.068625195}
Oscillator 3 Energy: {0.897174928, -2.184567559, 0.6064769507, 0.8928565051, 0.2119408251}
Oscillator 4 Energy: {0.8042450072, -1.586157887, 0.5266561067, 0.6547614371, 0.3995046642}
Energy Totals: {3.40283987, -6.85936917, 2.615471255, 3.095235884, 2.25417784}


    COEFFICIENT MATRIX: {c1, c2, c5, c6, c11, c14}
Oscillator 1 Cs: {0.9063369355, 0.3892432103, 0.04283425251, 0.158771249}
Oscillator 2 Cs: {0.8294183155, -0.4705886267, -0.05261215503, 0.2963841486}
Oscillator 3 Cs: {0.8294183155, -0.4705886267, -0.05261215503, 0.2963841486}
Oscillator 4 Cs: {0.9063369355, 0.3892432103, 0.04283425251, 0.158771249}


    GENERAL RESULTS: {R, E, r2, r2f, r3, r3f, alpha, alphaf}
Oscillator 1 General Results: {1.400001, 2.362870128, 3.417319427, 3.18284615, 7.787805491, 6.975440461, 5.024073377, 4.5}
Oscillator 2 General Results: {1.400001, 2.362870128, 4.264093854, 3.18284615, 10.66209442, 6.975440461, 6.87833624, 4.5}
Oscillator 3 General Results: {1.400001, 2.362870128, 4.264093854, 3.18284615, 10.66209442, 6.975440461, 6.87833624, 4.5}
Oscillator 4 General Results: {1.400001, 2.362870128, 3.417319427, 3.18284615, 7.787805491, 6.975440461, 5.024073377, 4.5}


    XDM RESULTS: {M1^2, M1f^2, M2^2, M2f^2, M3^2, M3f^2, C6XDMii, C6XDMij, C6XDMf, C8XDMii, C8XDMij, C8XDMf, C10XDMii, C10XDMij, C10XDMf, EXDMC6, EXDMC8, EXDMC10, EXDMBJC6, EXDMBJC8, EXDMBJC10, EXDM, EXDMBJ}
Oscillator 1 XDM Results: {3.843505058, 3.18284615, 19.7542995, 16.88418269, 182.9660273, 125.3927637, 9.655025717, {{9.655025717, 12.0513986, 12.0513986, 9.655025717}, {12.0513986, 15.16073064, 15.16073064, 12.0513986}, {12.0513986, 15.16073064, 15.16073064, 12.0513986}, {9.655025717, 12.0513986, 12.0513986, 9.655025717}}, 7.161403837, 148.8705753, {{148.8705753, 189.5530509, 189.5530509, 148.8705753}, {189.5530509, 243.154828, 243.154828, 189.5530509}, {189.5530509, 243.154828, 243.154828, 189.5530509}, {148.8705753, 189.5530509, 189.5530509, 148.8705753}}, 113.9682331, 2909.670764, {{2909.670764, 3880.608557, 3880.608557, 2909.670764}, {3880.608557, 5197.48378, 5197.48378, 3880.608557}, {3880.608557, 5197.48378, 5197.48378, 3880.608557}, {2909.670764, 3880.608557, 3880.608557, 2909.670764}}, 1974.936028, -5.266354834, -42.26626674, -448.2637234, -0.001637713376, -0.0007399790761, -0.0004332894861, -495.796345, -0.002810981938}
Oscillator 2 XDM Results: {4.408255168, 3.18284615, 23.5672135, 16.88418269, 245.521813, 125.3927637, 15.16073064, {{9.655025717, 12.0513986, 12.0513986, 9.655025717}, {12.0513986, 15.16073064, 15.16073064, 12.0513986}, {12.0513986, 15.16073064, 15.16073064, 12.0513986}, {9.655025717, 12.0513986, 12.0513986, 9.655025717}}, 7.161403837, 243.154828, {{148.8705753, 189.5530509, 189.5530509, 148.8705753}, {189.5530509, 243.154828, 243.154828, 189.5530509}, {189.5530509, 243.154828, 243.154828, 189.5530509}, {148.8705753, 189.5530509, 189.5530509, 148.8705753}}, 113.9682331, 5197.48378, {{2909.670764, 3880.608557, 3880.608557, 2909.670764}, {3880.608557, 5197.48378, 5197.48378, 3880.608557}, {3880.608557, 5197.48378, 5197.48378, 3880.608557}, {2909.670764, 3880.608557, 3880.608557, 2909.670764}}, 1974.936028, -5.266354834, -42.26626674, -448.2637234, -0.001637713376, -0.0007399790761, -0.0004332894861, -495.796345, -0.002810981938}
Oscillator 3 XDM Results: {4.408255168, 3.18284615, 23.5672135, 16.88418269, 245.521813, 125.3927637, 15.16073064, {{9.655025717, 12.0513986, 12.0513986, 9.655025717}, {12.0513986, 15.16073064, 15.16073064, 12.0513986}, {12.0513986, 15.16073064, 15.16073064, 12.0513986}, {9.655025717, 12.0513986, 12.0513986, 9.655025717}}, 7.161403837, 243.154828, {{148.8705753, 189.5530509, 189.5530509, 148.8705753}, {189.5530509, 243.154828, 243.154828, 189.5530509}, {189.5530509, 243.154828, 243.154828, 189.5530509}, {148.8705753, 189.5530509, 189.5530509, 148.8705753}}, 113.9682331, 5197.48378, {{2909.670764, 3880.608557, 3880.608557, 2909.670764}, {3880.608557, 5197.48378, 5197.48378, 3880.608557}, {3880.608557, 5197.48378, 5197.48378, 3880.608557}, {2909.670764, 3880.608557, 3880.608557, 2909.670764}}, 1974.936028, -5.266354834, -42.26626674, -448.2637234, -0.001637713376, -0.0007399790761, -0.0004332894861, -495.796345, -0.002810981938}
Oscillator 4 XDM Results: {3.843505058, 3.18284615, 19.7542995, 16.88418269, 182.9660273, 125.3927637, 9.655025717, {{9.655025717, 12.0513986, 12.0513986, 9.655025717}, {12.0513986, 15.16073064, 15.16073064, 12.0513986}, {12.0513986, 15.16073064, 15.16073064, 12.0513986}, {9.655025717, 12.0513986, 12.0513986, 9.655025717}}, 7.161403837, 148.8705753, {{148.8705753, 189.5530509, 189.5530509, 148.8705753}, {189.5530509, 243.154828, 243.154828, 189.5530509}, {189.5530509, 243.154828, 243.154828, 189.5530509}, {148.8705753, 189.5530509, 189.5530509, 148.8705753}}, 113.9682331, 2909.670764, {{2909.670764, 3880.608557, 3880.608557, 2909.670764}, {3880.608557, 5197.48378, 5197.48378, 3880.608557}, {3880.608557, 5197.48378, 5197.48378, 3880.608557}, {2909.670764, 3880.608557, 3880.608557, 2909.670764}}, 1974.936028, -5.266354834, -42.26626674, -448.2637234, -0.001637713376, -0.0007399790761, -0.0004332894861, -495.796345, -0.002810981938}


    TS RESULTS: {C6TSii, C6TSij, C6TSf, ETS, ETSWY}
Oscillator 1 TS Results: {8.926579648, {{8.926579648, 12.22116233, 12.22116233, 8.926579648}, {12.22116233, 16.73169507, 16.73169507, 12.22116233}, {12.22116233, 16.73169507, 16.73169507, 12.22116233}, {8.926579648, 12.22116233, 12.22116233, 8.926579648}}, 7.161403837, -5.520658626, -0.001279781325}
Oscillator 2 TS Results: {16.73169507, {{8.926579648, 12.22116233, 12.22116233, 8.926579648}, {12.22116233, 16.73169507, 16.73169507, 12.22116233}, {12.22116233, 16.73169507, 16.73169507, 12.22116233}, {8.926579648, 12.22116233, 12.22116233, 8.926579648}}, 7.161403837, -5.520658626, -0.001279781325}
Oscillator 3 TS Results: {16.73169507, {{8.926579648, 12.22116233, 12.22116233, 8.926579648}, {12.22116233, 16.73169507, 16.73169507, 12.22116233}, {12.22116233, 16.73169507, 16.73169507, 12.22116233}, {8.926579648, 12.22116233, 12.22116233, 8.926579648}}, 7.161403837, -5.520658626, -0.001279781325}
Oscillator 4 TS Results: {8.926579648, {{8.926579648, 12.22116233, 12.22116233, 8.926579648}, {12.22116233, 16.73169507, 16.73169507, 12.22116233}, {12.22116233, 16.73169507, 16.73169507, 12.22116233}, {8.926579648, 12.22116233, 12.22116233, 8.926579648}}, 7.161403837, -5.520658626, -0.001279781325}


    MBD RESULTS: {MBD_alpha, MBD_C6, MBD_omega, MBD_Energy, MBDF1_alpha, MBDF1_C6, MBDF1_omega, MBDF1_Energy, MBDF2_alpha, MBDF2_C6, MBDF2_omega, MBDF2_Energy, MBDX1_alpha, MBDX1_C6, MBDX1_omega, MBDX1_Energy, MBDX2_alpha, MBDX2_C6, MBDX2_omega, MBDX2_Energy}
Oscillator 1 MBD Results: {4.464551635, 8.236842814, 0.550990124, -0.22300678, 4.541295768, 8.123310789, 0.5251848992, -0.1857256478, 4.541295768, 9.218477125, 0.5959891361, -0.3302851599, 4.795397624, 9.325133145, 0.5406852604, -0.2204119208, 4.464551635, 9.359396607, 0.6260815235, -0.2157282343}
Oscillator 2 MBD Results: {3.720360473, 8.101444972, 0.7804250124, -0.22300678, 2.720142411, 4.499984173, 0.8108983922, -0.1857256478, 2.720142411, 11.20440246, 2.019036421, -0.3302851599, 3.468664305, 7.328450958, 0.8121315459, -0.2204119208, 3.720360473, 7.116465352, 0.6855403672, -0.2157282343}
Oscillator 3 MBD Results: {3.720360473, 8.101444972, 0.7804250124, -0.22300678, 2.720142411, 4.499984173, 0.8108983922, -0.1857256478, 2.720142411, 11.20440246, 2.019036421, -0.3302851599, 3.468664305, 7.328450958, 0.8121315459, -0.2204119208, 3.720360473, 7.116465352, 0.6855403672, -0.2157282343}
Oscillator 4 MBD Results: {4.464551635, 8.236842814, 0.550990124, -0.22300678, 4.541295768, 8.123310789, 0.5251848992, -0.1857256478, 4.541295768, 9.218477125, 0.5959891361, -0.3302851599, 4.795397624, 9.325133145, 0.5406852604, -0.2204119208, 4.464551635, 9.359396607, 0.6260815235, -0.2157282343}


    MBDRSSCS RESULTS: {MBDrsSCS_alpha, MBDrsSCS_C6, MBDrsSCS_omega, MBDrsSCS_Energy, MBDF1rsSCS_alpha, MBDF1rsSCS_C6, MBDF1rsSCS_omega, MBDF1rsSCS_Energy, MBDF2rsSCS_alpha, MBDF2rsSCS_C6, MBDF2rsSCS_omega, MBDF2rsSCS_Energy, MBDX1rsSCS_alpha, MBDX1rsSCS_C6, MBDX1rsSCS_omega, MBDX1rsSCS_Energy, MBDX2rsSCS_alpha, MBDX2rsSCS_C6, MBDX2rsSCS_omega, MBDX2rsSCS_Energy}
Oscillator 1 MBDrsSCS Results: {4.326600008, 7.698963981, 0.5483748528, -0.001868384224, 4.374926495, 7.535233119, 0.5249209522, -0.001420265262, 4.374926495, 8.572962438, 0.5972114645, -0.002076797037, 4.643394901, 8.702717939, 0.5381736182, -0.001906987501, 4.326600008, 8.733831597, 0.6220854687, -0.001908966544}
Oscillator 2 MBDrsSCS Results: {3.599211514, 7.592312814, 0.7814444137, -0.001868384224, 2.598928561, 4.137948935, 0.8168365826, -0.001420265262, 2.598928561, 10.58279701, 2.089058101, -0.002076797037, 3.344588226, 6.831944938, 0.8143250243, -0.001906987501, 3.599211514, 6.624426155, 0.6818239632, -0.001908966544}
Oscillator 3 MBDrsSCS Results: {3.599211514, 7.592312814, 0.7814444137, -0.001868384224, 2.598928561, 4.137948935, 0.8168365826, -0.001420265262, 2.598928561, 10.58279701, 2.089058101, -0.002076797037, 3.344588226, 6.831944938, 0.8143250243, -0.001906987501, 3.599211514, 6.624426155, 0.6818239632, -0.001908966544}
Oscillator 4 MBDrsSCS Results: {4.326600008, 7.698963981, 0.5483748528, -0.001868384224, 4.374926495, 7.535233119, 0.5249209522, -0.001420265262, 4.374926495, 8.572962438, 0.5972114645, -0.002076797037, 4.643394901, 8.702717939, 0.5381736182, -0.001906987501, 4.326600008, 8.733831597, 0.6220854687, -0.001908966544}


         {R, Energy}
SUMMARY: {1.400001, 2.362870128}