Oscillators N=4 2022-12-24 w=0.471533 a=4.50000.nb ( N = 4, M = 4 )
~~~~~~~~~~~~~~~~~~~~~~~~~~~~~~~~~~~~~~
Run Commenced: Thu 29 Dec 2022 00:14:26
Run Completed: Thu 29 Dec 2022 01:58:37
Time Elapsed: 01:44:11

Oscillators Used: 4
Wavefunctions Used: 4
Internuclear Separation: 0.1
omega: 0.472
nu : 0.235638

For display purposes, the threshold of Hamiltonian matrix elements has been set to: 10^-6.


    Hamiltonian Matrix A:    < psi_{i,A} | H_k | psi_{j,A} >
    H_1 = T_kin,    H_2 = V_pot,    H_3 = V_1-B,    H_4 = V_1-C,    H_5 = V_A-B,    H_6 = V_A-C 

HijkA: {{{0.35364975, 0.35364975, -0.7734122135, -0.7697870703, -0.7638132566, 9.999900001, 4.99995, 3.3333}, {0., 0., -0.02499775865, -0.04957375252, -0.07332030507, 0., 0., 0.}, {0.2887538117, -0.2887538117, -0.3147534731, -0.3103345658, -0.3031072252, 0., 0., 0.}, {0., 0., -0.0008402620908, -0.003327301199, -0.007361714938, 0., 0., 0.}}, {{0., 0., -0.02499775865, -0.04957375252, -0.07332030507, 0., 0., 0.}, {0.58941625, 0.58941625, -0.5173873799, -0.520242115, -0.5248277571, 9.999900001, 4.99995, 3.3333}, {0., 0., -0.01014760718, -0.01978156004, -0.02841674012, 0., 0., 0.}, {0., 0., -0.01161355079, -0.02343211862, -0.03563930751, 0., 0., 0.}}, {{0.2887538117, -0.2887538117, -0.3147534731, -0.3103345658, -0.3031072252, 0., 0., 0.}, {0., 0., -0.01014760718, -0.01978156004, -0.02841674012, 0., 0., 0.}, {0.82518275, 0.82518275, -0.6437034921, -0.638316755, -0.6295728101, 9.999900001, 4.99995, 3.3333}, {0., 0., -0.0003407267126, -0.001321827263, -0.002823790255, 0., 0., 0.}}, {{0., 0., -0.0008402620908, -0.003327301199, -0.007361714938, 0., 0., 0.}, {0., 0., -0.01161355079, -0.02343211862, -0.03563930751, 0., 0., 0.}, {0., 0., -0.0003407267126, -0.001321827263, -0.002823790255, 0., 0., 0.}, {0.82518275, 0.82518275, -0.4134140796, -0.4142676907, -0.4157385721, 9.999900001, 4.99995, 3.3333}}}
0.35365        0.             0.288754       0.
0.35365        0.             -0.288754      0.
-0.773412      -0.0249978     -0.314753      -0.000840262
-0.769787      -0.0495738     -0.310335      -0.0033273
-0.763813      -0.0733203     -0.303107      -0.00736171
9.9999         0.             0.             0.
4.99995        0.             0.             0.
3.3333         0.             0.             0.

0.             0.589416       0.             0.
0.             0.589416       0.             0.
-0.0249978     -0.517387      -0.0101476     -0.0116136
-0.0495738     -0.520242      -0.0197816     -0.0234321
-0.0733203     -0.524828      -0.0284167     -0.0356393
0.             9.9999         0.             0.
0.             4.99995        0.             0.
0.             3.3333         0.             0.

0.288754       0.             0.825183       0.
-0.288754      0.             0.825183       0.
-0.314753      -0.0101476     -0.643703      -0.000340727
-0.310335      -0.0197816     -0.638317      -0.00132183
-0.303107      -0.0284167     -0.629573      -0.00282379
0.             0.             9.9999         0.
0.             0.             4.99995        0.
0.             0.             3.3333         0.

0.             0.             0.             0.825183
0.             0.             0.             0.825183
-0.000840262   -0.0116136     -0.000340727   -0.413414
-0.0033273     -0.0234321     -0.00132183    -0.414268
-0.00736171    -0.0356393     -0.00282379    -0.415739
0.             0.             0.             9.9999
0.             0.             0.             4.99995
0.             0.             0.             3.3333


    Hamiltonian Matrix B:    < psi_{i,B} | H_k | psi_{j,B} >
    H_1 = T_kin,    H_2 = V_pot,    H_3 = V_2-A,    H_4 = V_2-C,    H_5 = V_B-A,    H_6 = V_B-C 

HijkB: {{{0.35364975, 0.35364975, -0.7734122135, -0.7734122135, -0.7697870703, 9.999900001, 9.999900001, 4.99995}, {0., 0., -0.02499775865, 0.02499775865, 0.04957375252, 0., 0., 0.}, {0.2887538117, -0.2887538117, -0.3147534731, -0.3147534731, -0.3103345658, 0., 0., 0.}, {0., 0., -0.0008402620908, -0.0008402620908, -0.003327301199, 0., 0., 0.}}, {{0., 0., -0.02499775865, 0.02499775865, 0.04957375252, 0., 0., 0.}, {0.58941625, 0.58941625, -0.5173873799, -0.5173873799, -0.520242115, 9.999900001, 9.999900001, 4.99995}, {0., 0., -0.01014760718, 0.01014760718, 0.01978156004, 0., 0., 0.}, {0., 0., -0.01161355079, 0.01161355079, 0.02343211862, 0., 0., 0.}}, {{0.2887538117, -0.2887538117, -0.3147534731, -0.3147534731, -0.3103345658, 0., 0., 0.}, {0., 0., -0.01014760718, 0.01014760718, 0.01978156004, 0., 0., 0.}, {0.82518275, 0.82518275, -0.6437034921, -0.6437034921, -0.638316755, 9.999900001, 9.999900001, 4.99995}, {0., 0., -0.0003407267126, -0.0003407267126, -0.001321827263, 0., 0., 0.}}, {{0., 0., -0.0008402620908, -0.0008402620908, -0.003327301199, 0., 0., 0.}, {0., 0., -0.01161355079, 0.01161355079, 0.02343211862, 0., 0., 0.}, {0., 0., -0.0003407267126, -0.0003407267126, -0.001321827263, 0., 0., 0.}, {0.82518275, 0.82518275, -0.4134140796, -0.4134140796, -0.4142676907, 9.999900001, 9.999900001, 4.99995}}}
0.35365        0.             0.288754       0.
0.35365        0.             -0.288754      0.
-0.773412      -0.0249978     -0.314753      -0.000840262
-0.773412      0.0249978      -0.314753      -0.000840262
-0.769787      0.0495738      -0.310335      -0.0033273
9.9999         0.             0.             0.
9.9999         0.             0.             0.
4.99995        0.             0.             0.

0.             0.589416       0.             0.
0.             0.589416       0.             0.
-0.0249978     -0.517387      -0.0101476     -0.0116136
0.0249978      -0.517387      0.0101476      0.0116136
0.0495738      -0.520242      0.0197816      0.0234321
0.             9.9999         0.             0.
0.             9.9999         0.             0.
0.             4.99995        0.             0.

0.288754       0.             0.825183       0.
-0.288754      0.             0.825183       0.
-0.314753      -0.0101476     -0.643703      -0.000340727
-0.314753      0.0101476      -0.643703      -0.000340727
-0.310335      0.0197816      -0.638317      -0.00132183
0.             0.             9.9999         0.
0.             0.             9.9999         0.
0.             0.             4.99995        0.

0.             0.             0.             0.825183
0.             0.             0.             0.825183
-0.000840262   -0.0116136     -0.000340727   -0.413414
-0.000840262   0.0116136      -0.000340727   -0.413414
-0.0033273     0.0234321      -0.00132183    -0.414268
0.             0.             0.             9.9999
0.             0.             0.             9.9999
0.             0.             0.             4.99995


    Hamiltonian Matrix C:    < psi_{i,C} | H_k | psi_{j,C} >
    H_1 = T_kin,    H_2 = V_pot,    H_3 = V_3-A,    H_4 = V_3-B,    H_5 = V_C-A,    H_6 = V_C-B 

HijkC: {{{0.35364975, 0.35364975, -0.7697870703, -0.7734122135, -0.7734122135, 4.99995, 9.999900001, 9.999900001}, {0., 0., 0.04957375252, 0.02499775865, -0.02499775865, 0., 0., 0.}, {0.2887538117, -0.2887538117, -0.3103345658, -0.3147534731, -0.3147534731, 0., 0., 0.}, {0., 0., -0.003327301199, -0.0008402620908, -0.0008402620908, 0., 0., 0.}}, {{0., 0., 0.04957375252, 0.02499775865, -0.02499775865, 0., 0., 0.}, {0.58941625, 0.58941625, -0.520242115, -0.5173873799, -0.5173873799, 4.99995, 9.999900001, 9.999900001}, {0., 0., 0.01978156004, 0.01014760718, -0.01014760718, 0., 0., 0.}, {0., 0., 0.02343211862, 0.01161355079, -0.01161355079, 0., 0., 0.}}, {{0.2887538117, -0.2887538117, -0.3103345658, -0.3147534731, -0.3147534731, 0., 0., 0.}, {0., 0., 0.01978156004, 0.01014760718, -0.01014760718, 0., 0., 0.}, {0.82518275, 0.82518275, -0.638316755, -0.6437034921, -0.6437034921, 4.99995, 9.999900001, 9.999900001}, {0., 0., -0.001321827263, -0.0003407267126, -0.0003407267126, 0., 0., 0.}}, {{0., 0., -0.003327301199, -0.0008402620908, -0.0008402620908, 0., 0., 0.}, {0., 0., 0.02343211862, 0.01161355079, -0.01161355079, 0., 0., 0.}, {0., 0., -0.001321827263, -0.0003407267126, -0.0003407267126, 0., 0., 0.}, {0.82518275, 0.82518275, -0.4142676907, -0.4134140796, -0.4134140796, 4.99995, 9.999900001, 9.999900001}}}
0.35365        0.             0.288754       0.
0.35365        0.             -0.288754      0.
-0.769787      0.0495738      -0.310335      -0.0033273
-0.773412      0.0249978      -0.314753      -0.000840262
-0.773412      -0.0249978     -0.314753      -0.000840262
4.99995        0.             0.             0.
9.9999         0.             0.             0.
9.9999         0.             0.             0.

0.             0.589416       0.             0.
0.             0.589416       0.             0.
0.0495738      -0.520242      0.0197816      0.0234321
0.0249978      -0.517387      0.0101476      0.0116136
-0.0249978     -0.517387      -0.0101476     -0.0116136
0.             4.99995        0.             0.
0.             9.9999         0.             0.
0.             9.9999         0.             0.

0.288754       0.             0.825183       0.
-0.288754      0.             0.825183       0.
-0.310335      0.0197816      -0.638317      -0.00132183
-0.314753      0.0101476      -0.643703      -0.000340727
-0.314753      -0.0101476     -0.643703      -0.000340727
0.             0.             4.99995        0.
0.             0.             9.9999         0.
0.             0.             9.9999         0.

0.             0.             0.             0.825183
0.             0.             0.             0.825183
-0.0033273     0.0234321      -0.00132183    -0.414268
-0.000840262   0.0116136      -0.000340727   -0.413414
-0.000840262   -0.0116136     -0.000340727   -0.413414
0.             0.             0.             4.99995
0.             0.             0.             9.9999
0.             0.             0.             9.9999


    Hamiltonian Matrix AB:    < psi_{i1,A} <psi_{i2,B} | V_e-e | psi_{i3,A} <psi_{i4,B} >

HijkAB: {{{{0.5495880557, 0.008316924862, 0.1113419883, -0.0001678289766}, {0.008316924862, -0.09207642377, 0.005341696844, -0.002794411298}, {0.1113008615, 0.005341696844, 0.07005221227, 0.00025335294}, {-0.0001678289766, -0.002794411298, 0.00025335294, 0.02853007984}}, {{0.008316924862, 0.4580606327, -0.002078513091, 0.00726339705}, {-0.09207642377, 0.000872313087, 0.01930371814, -0.07403130158}, {0.005341696844, 0.05548482044, 0.0009283931466, 0.003094779018}, {-0.002794411298, 0.03211984926, -0.0007867002942, 0.00007065417703}}, {{0.1113419883, -0.002078513091, 0.4345226567, -0.0001096117907}, {0.005341696844, 0.01930371814, 0.005579493635, 0.001724518576}, {0.07005221227, 0.0009283931466, 0.06935024007, -0.0000400285933}, {0.00025335294, -0.0007867002942, -0.00001635915698, -0.0169523857}}, {{-0.0001678289766, 0.00726339705, -0.0001096117907, 0.393802274}, {-0.002794411298, -0.07403130158, 0.001724518576, -0.002270242747}, {0.00025335294, 0.003094779018, -0.0000400285933, 0.02743682772}, {0.02853007984, 0.00007065417703, -0.0169523857, 0.02153314629}}}, {{{0.008316924862, -0.09207642377, 0.005341696844, -0.002794411298}, {0.4580606327, 0.000872313087, 0.05548482044, 0.03212250899}, {-0.002078513091, 0.01930372068, 0.0009283931466, -0.0007867002942}, {0.00726339705, -0.07403130158, 0.003094779018, 0.00007065417703}}, {{-0.09207642377, 0.000872313087, 0.01930371931, -0.07403130158}, {0.000872313087, 0.4501823606, -0.003492129296, 0.004143710605}, {0.01930371951, -0.003492129296, -0.02738022744, 0.02819586862}, {-0.07403130158, 0.004143710605, 0.02819586862, -0.08521387076}}, {{0.005341696844, 0.01930371814, 0.005579493635, 0.001724518576}, {0.05548482044, -0.003492129296, 0.3775516001, -0.01940113454}, {0.0009283931466, -0.02738022744, -0.0005744624261, -0.001017942565}, {0.003094779018, 0.02819586862, 0.003778612659, 0.00137905707}}, {{-0.002794411298, -0.07403130158, 0.001724518576, -0.002270242747}, {0.03212250725, 0.004143710605, -0.01940113454, 0.3943596864}, {-0.0007867002942, 0.02819586862, -0.001017942565, -0.002256222455}, {0.00007065417703, -0.08521387076, 0.00137905707, 0.0002435661669}}}, {{{0.1113008615, 0.005341696844, 0.07005221227, 0.00025335294}, {-0.002078513091, 0.01930372068, 0.0009283931466, -0.0007867002942}, {0.4348471172, 0.005579493635, 0.06626523214, -0.00001635915698}, {-0.0001096117907, 0.001724518576, -0.0000400285933, -0.01695238522}}, {{0.005341696844, 0.05548482044, 0.0009283931466, 0.003094779018}, {0.01930372068, -0.003492129296, -0.02738022744, 0.02819586862}, {0.005579493635, 0.3775516001, -0.0005744624261, 0.003778612659}, {0.001724518576, -0.01940113454, -0.001017942565, 0.00137905707}}, {{0.07005221227, 0.0009283931466, 0.06935024007, -0.0000400285933}, {0.0009283931466, -0.02738022744, -0.0005744624261, -0.001017942565}, {0.06626523214, -0.0005744624261, 0.3776673828, -0.0004490128702}, {-0.0000400285933, -0.001017942565, -0.0004490128702, 0.02267597591}}, {{0.00025335294, 0.003094779018, -0.0000400285933, 0.02743682772}, {-0.0007867002942, 0.02819586862, -0.001017942565, -0.002256222455}, {-0.00001635915698, 0.003778612659, -0.0004490128702, 0.3419966284}, {-0.01695238531, 0.00137905707, 0.02267597591, -0.01687273298}}}, {{{-0.0001678289766, -0.002794411298, 0.00025335294, 0.02853007984}, {0.00726339705, -0.07403130158, 0.003094779018, 0.00007065417703}, {-0.0001096117907, 0.001724518576, -0.0000400285933, -0.01695238522}, {0.393802274, -0.002270242747, 0.02743682772, 0.02153314629}}, {{-0.002794411298, 0.03211984926, -0.0007867002942, 0.00007065417703}, {-0.07403130158, 0.004143710605, 0.02819586862, -0.08521387076}, {0.001724518576, -0.01940113454, -0.001017942565, 0.00137905707}, {-0.002270242747, 0.3943997828, -0.002256222455, 0.0002435661669}}, {{0.00025335294, -0.0007867002942, -0.00001635915698, -0.01695238561}, {0.003094779018, 0.02819586862, 0.003778612659, 0.00137905707}, {-0.0000400285933, -0.001017942565, -0.0004490128702, 0.02267597591}, {0.02743682772, -0.002256222455, 0.3419966284, -0.01687273298}}, {{0.02853007984, 0.00007065417703, -0.01695238561, 0.02153314629}, {0.00007065417703, -0.08521387076, 0.00137905707, 0.0002435661669}, {-0.01695238531, 0.00137905707, 0.02267597591, -0.01687273298}, {0.02153314629, 0.0002435661669, -0.01687273298, 0.3759875379}}}}
0.549588      0.00831692    0.111342      -0.000167829    0.00831692    0.458061      -0.00207851   0.0072634       0.111342      -0.00207851   0.434523      -0.000109612    -0.000167829  0.0072634     -0.000109612  0.393802
0.00831692    -0.0920764    0.0053417     -0.00279441     -0.0920764    0.000872313   0.0193037     -0.0740313      0.0053417     0.0193037     0.00557949    0.00172452      -0.00279441   -0.0740313    0.00172452    -0.00227024
0.111301      0.0053417     0.0700522     0.000253353     0.0053417     0.0554848     0.000928393   0.00309478      0.0700522     0.000928393   0.0693502     -0.0000400286   0.000253353   0.00309478    -0.0000400286 0.0274368
-0.000167829  -0.00279441   0.000253353   0.0285301       -0.00279441   0.0321198     -0.0007867    0.0000706542    0.000253353   -0.0007867    -0.0000163592 -0.0169524      0.0285301     0.0000706542  -0.0169524    0.0215331

0.00831692    -0.0920764    0.0053417     -0.00279441     -0.0920764    0.000872313   0.0193037     -0.0740313      0.0053417     0.0193037     0.00557949    0.00172452      -0.00279441   -0.0740313    0.00172452    -0.00227024
0.458061      0.000872313   0.0554848     0.0321225       0.000872313   0.450182      -0.00349213   0.00414371      0.0554848     -0.00349213   0.377552      -0.0194011      0.0321225     0.00414371    -0.0194011    0.39436
-0.00207851   0.0193037     0.000928393   -0.0007867      0.0193037     -0.00349213   -0.0273802    0.0281959       0.000928393   -0.0273802    -0.000574462  -0.00101794     -0.0007867    0.0281959     -0.00101794   -0.00225622
0.0072634     -0.0740313    0.00309478    0.0000706542    -0.0740313    0.00414371    0.0281959     -0.0852139      0.00309478    0.0281959     0.00377861    0.00137906      0.0000706542  -0.0852139    0.00137906    0.000243566

0.111301      0.0053417     0.0700522     0.000253353     0.0053417     0.0554848     0.000928393   0.00309478      0.0700522     0.000928393   0.0693502     -0.0000400286   0.000253353   0.00309478    -0.0000400286 0.0274368
-0.00207851   0.0193037     0.000928393   -0.0007867      0.0193037     -0.00349213   -0.0273802    0.0281959       0.000928393   -0.0273802    -0.000574462  -0.00101794     -0.0007867    0.0281959     -0.00101794   -0.00225622
0.434847      0.00557949    0.0662652     -0.0000163592   0.00557949    0.377552      -0.000574462  0.00377861      0.0662652     -0.000574462  0.377667      -0.000449013    -0.0000163592 0.00377861    -0.000449013  0.341997
-0.000109612  0.00172452    -0.0000400286 -0.0169524      0.00172452    -0.0194011    -0.00101794   0.00137906      -0.0000400286 -0.00101794   -0.000449013  0.022676        -0.0169524    0.00137906    0.022676      -0.0168727

-0.000167829  -0.00279441   0.000253353   0.0285301       -0.00279441   0.0321198     -0.0007867    0.0000706542    0.000253353   -0.0007867    -0.0000163592 -0.0169524      0.0285301     0.0000706542  -0.0169524    0.0215331
0.0072634     -0.0740313    0.00309478    0.0000706542    -0.0740313    0.00414371    0.0281959     -0.0852139      0.00309478    0.0281959     0.00377861    0.00137906      0.0000706542  -0.0852139    0.00137906    0.000243566
-0.000109612  0.00172452    -0.0000400286 -0.0169524      0.00172452    -0.0194011    -0.00101794   0.00137906      -0.0000400286 -0.00101794   -0.000449013  0.022676        -0.0169524    0.00137906    0.022676      -0.0168727
0.393802      -0.00227024   0.0274368     0.0215331       -0.00227024   0.3944        -0.00225622   0.000243566     0.0274368     -0.00225622   0.341997      -0.0168727      0.0215331     0.000243566   -0.0168727    0.375988


    Hamiltonian Matrix AC:    < psi_{i1,A} <psi_{i2,C} | V_e-e | psi_{i3,A} <psi_{i4,C} >

HijkAC: {{{{0.5465635574, -0.01745081025, 0.1109574837, 0.000665722153}, {0.01745081025, 0.09114417696, 0.01133434142, -0.006225786303}, {0.1109606902, -0.01133434142, 0.06798906984, 0.0009358429931}, {0.000665722153, 0.006225786303, 0.0009358429931, 0.02782667903}}, {{-0.01745081025, 0.4571095467, 0.003848313024, -0.01432155883}, {0.09114417696, 0.001806296689, -0.01920488718, 0.0734882256}, {-0.01133434142, 0.05609114999, -0.002156172815, -0.006328110452}, {0.006225786303, 0.03291589313, 0.002781095923, 0.0003559927327}}, {{0.1109574837, 0.003848313024, 0.433305118, -0.0002997157798}, {0.01133434142, -0.01920488718, 0.01072154171, 0.003657826068}, {0.06798906984, -0.002156172815, 0.06862974377, -0.0002125288008}, {0.0009358429931, 0.002781095923, 0.0004076115899, -0.01719934252}}, {{0.000665722153, -0.01432155883, -0.0002997157798, 0.3931018082}, {-0.006225786303, 0.0734882256, 0.003657826068, -0.0000818074888}, {0.0009358429931, -0.006328110452, -0.0002125288008, 0.02809082617}, {0.02782667903, 0.0003559927327, -0.01719934252, 0.02081089234}}}, {{{0.01745081025, 0.09114417696, 0.01133434142, -0.006225786303}, {0.4571095467, -0.001806296689, 0.05609114999, 0.03291586135}, {-0.003848313024, -0.01920488396, 0.002156172815, -0.002781095923}, {0.01432155883, 0.0734882256, 0.006328110452, -0.0003559927327}}, {{0.09114417696, 0.001806296689, -0.01920488718, 0.0734882256}, {-0.001806296689, 0.4487142351, 0.006598694239, -0.008326836381}, {-0.01920488396, -0.006598694239, 0.02718425679, -0.02785650093}, {0.0734882256, 0.00832703033, -0.02785650093, 0.0841053127}}, {{0.01133434142, -0.01920488718, 0.01072154171, 0.003657826068}, {0.05609114999, 0.006598694239, 0.3777801637, -0.01950234428}, {0.002156172815, 0.02718425679, -0.0003988833216, -0.001746161758}, {0.006328110452, -0.02785650093, 0.007969351986, 0.002825880248}}, {{-0.006225786303, 0.0734882256, 0.003657826068, -0.0000818074888}, {0.03291585463, -0.008326836381, -0.01950234428, 0.3944004879}, {-0.002781095923, -0.02785650093, -0.001746161758, -0.004526731772}, {-0.0003559927327, 0.0841053127, 0.002825880248, 0.001194608854}}}, {{{0.1109606902, -0.01133434142, 0.06798906984, 0.0009358429931}, {-0.003848313024, -0.01920488396, 0.002156172815, -0.002781095923}, {0.4333101431, -0.01072154171, 0.06864822906, 0.0004076115899}, {-0.0002997157798, -0.003657826068, -0.0002125288008, -0.01719934241}}, {{-0.01133434142, 0.05609114999, -0.002156172815, -0.006328110452}, {-0.01920488396, -0.006598694239, 0.02718425679, -0.02785650093}, {-0.01072154171, 0.3777801637, 0.0003988833216, -0.007969351986}, {-0.003657826068, -0.01950234428, 0.001746161758, -0.002825880248}}, {{0.06798906984, -0.002156172815, 0.06862974377, -0.0002125288008}, {0.002156172815, 0.02718425679, -0.0003988833216, -0.001746161758}, {0.06864822906, 0.0003988833216, 0.3748437972, 0.00005094831881}, {-0.0002125288008, 0.001746161758, 0.00005094831881, 0.02209026303}}, {{0.0009358429931, -0.006328110452, -0.0002125288008, 0.02809082617}, {-0.002781095923, -0.02785650093, -0.001746161758, -0.004526731772}, {0.0004076115899, -0.007969351986, 0.00005094831881, 0.3417449978}, {-0.01719934119, -0.002825880248, 0.02209026303, -0.01684413447}}}, {{{0.000665722153, 0.006225786303, 0.0009358429931, 0.02782667903}, {0.01432155883, 0.0734882256, 0.006328110452, -0.0003559927327}, {-0.0002997157798, -0.003657826068, -0.0002125288008, -0.01719934241}, {0.3931018082, 0.0000818074888, 0.02809082617, 0.02081089234}}, {{0.006225786303, 0.03291589313, 0.002781095923, 0.0003559927327}, {0.0734882256, 0.00832703033, -0.02785650093, 0.0841053127}, {-0.003657826068, -0.01950234428, 0.001746161758, -0.002825880248}, {0.0000818074888, 0.3944004879, 0.004526731772, -0.001194608854}}, {{0.0009358429931, 0.002781095923, 0.0004076115899, -0.01719934375}, {0.006328110452, -0.02785650093, 0.007969351986, 0.002825880248}, {-0.0002125288008, 0.001746161758, 0.00005094831881, 0.02209026303}, {0.02809082617, 0.004526731772, 0.3417449978, -0.01685246071}}, {{0.02782667903, 0.0003559927327, -0.01719934375, 0.02081089234}, {-0.0003559927327, 0.0841053127, 0.002825880248, 0.001194608854}, {-0.01719934119, -0.002825880248, 0.02209026303, -0.01684413447}, {0.02081089234, -0.001194608854, -0.01685246071, 0.3748802281}}}}
0.546564      -0.0174508    0.110957      0.000665722     -0.0174508    0.45711       0.00384831    -0.0143216      0.110957      0.00384831    0.433305      -0.000299716    0.000665722   -0.0143216    -0.000299716  0.393102
0.0174508     0.0911442     0.0113343     -0.00622579     0.0911442     0.0018063     -0.0192049    0.0734882       0.0113343     -0.0192049    0.0107215     0.00365783      -0.00622579   0.0734882     0.00365783    -0.0000818075
0.110961      -0.0113343    0.0679891     0.000935843     -0.0113343    0.0560911     -0.00215617   -0.00632811     0.0679891     -0.00215617   0.0686297     -0.000212529    0.000935843   -0.00632811   -0.000212529  0.0280908
0.000665722   0.00622579    0.000935843   0.0278267       0.00622579    0.0329159     0.0027811     0.000355993     0.000935843   0.0027811     0.000407612   -0.0171993      0.0278267     0.000355993   -0.0171993    0.0208109

0.0174508     0.0911442     0.0113343     -0.00622579     0.0911442     0.0018063     -0.0192049    0.0734882       0.0113343     -0.0192049    0.0107215     0.00365783      -0.00622579   0.0734882     0.00365783    -0.0000818075
0.45711       -0.0018063    0.0560911     0.0329159       -0.0018063    0.448714      0.00659869    -0.00832684     0.0560911     0.00659869    0.37778       -0.0195023      0.0329159     -0.00832684   -0.0195023    0.3944
-0.00384831   -0.0192049    0.00215617    -0.0027811      -0.0192049    -0.00659869   0.0271843     -0.0278565      0.00215617    0.0271843     -0.000398883  -0.00174616     -0.0027811    -0.0278565    -0.00174616   -0.00452673
0.0143216     0.0734882     0.00632811    -0.000355993    0.0734882     0.00832703    -0.0278565    0.0841053       0.00632811    -0.0278565    0.00796935    0.00282588      -0.000355993  0.0841053     0.00282588    0.00119461

0.110961      -0.0113343    0.0679891     0.000935843     -0.0113343    0.0560911     -0.00215617   -0.00632811     0.0679891     -0.00215617   0.0686297     -0.000212529    0.000935843   -0.00632811   -0.000212529  0.0280908
-0.00384831   -0.0192049    0.00215617    -0.0027811      -0.0192049    -0.00659869   0.0271843     -0.0278565      0.00215617    0.0271843     -0.000398883  -0.00174616     -0.0027811    -0.0278565    -0.00174616   -0.00452673
0.43331       -0.0107215    0.0686482     0.000407612     -0.0107215    0.37778       0.000398883   -0.00796935     0.0686482     0.000398883   0.374844      0.0000509483    0.000407612   -0.00796935   0.0000509483  0.341745
-0.000299716  -0.00365783   -0.000212529  -0.0171993      -0.00365783   -0.0195023    0.00174616    -0.00282588     -0.000212529  0.00174616    0.0000509483  0.0220903       -0.0171993    -0.00282588   0.0220903     -0.0168441

0.000665722   0.00622579    0.000935843   0.0278267       0.00622579    0.0329159     0.0027811     0.000355993     0.000935843   0.0027811     0.000407612   -0.0171993      0.0278267     0.000355993   -0.0171993    0.0208109
0.0143216     0.0734882     0.00632811    -0.000355993    0.0734882     0.00832703    -0.0278565    0.0841053       0.00632811    -0.0278565    0.00796935    0.00282588      -0.000355993  0.0841053     0.00282588    0.00119461
-0.000299716  -0.00365783   -0.000212529  -0.0171993      -0.00365783   -0.0195023    0.00174616    -0.00282588     -0.000212529  0.00174616    0.0000509483  0.0220903       -0.0171993    -0.00282588   0.0220903     -0.0168441
0.393102      0.0000818075  0.0280908     0.0208109       0.0000818075  0.3944        0.00452673    -0.00119461     0.0280908     0.00452673    0.341745      -0.0168525      0.0208109     -0.00119461   -0.0168525    0.37488


    Hamiltonian Matrix BA:    < psi_{i1,B} <psi_{i2,A} | V_e-e | psi_{i3,B} <psi_{i4,A} >

HijkBA: {{{{0.5495880557, 0.008316924862, 0.1113419883, -0.0001678289766}, {0.008316924862, -0.09207642377, 0.005341696844, -0.002794411298}, {0.1113008615, 0.005341696844, 0.07005221227, 0.00025335294}, {-0.0001678289766, -0.002794411298, 0.00025335294, 0.02853007984}}, {{0.008316924862, 0.4580606327, -0.002078513091, 0.00726339705}, {-0.09207642377, 0.000872313087, 0.01930371814, -0.07403130158}, {0.005341696844, 0.05548482044, 0.0009283931466, 0.003094779018}, {-0.002794411298, 0.03211984926, -0.0007867002942, 0.00007065417703}}, {{0.1113419883, -0.002078513091, 0.4345226567, -0.0001096117907}, {0.005341696844, 0.01930371814, 0.005579493635, 0.001724518576}, {0.07005221227, 0.0009283931466, 0.06935024007, -0.0000400285933}, {0.00025335294, -0.0007867002942, -0.00001635915698, -0.0169523857}}, {{-0.0001678289766, 0.00726339705, -0.0001096117907, 0.393802274}, {-0.002794411298, -0.07403130158, 0.001724518576, -0.002270242747}, {0.00025335294, 0.003094779018, -0.0000400285933, 0.02743682772}, {0.02853007984, 0.00007065417703, -0.0169523857, 0.02153314629}}}, {{{0.008316924862, -0.09207642377, 0.005341696844, -0.002794411298}, {0.4580606327, 0.000872313087, 0.05548482044, 0.03212250899}, {-0.002078513091, 0.01930372068, 0.0009283931466, -0.0007867002942}, {0.00726339705, -0.07403130158, 0.003094779018, 0.00007065417703}}, {{-0.09207642377, 0.000872313087, 0.01930371931, -0.07403130158}, {0.000872313087, 0.4501823606, -0.003492129296, 0.004143710605}, {0.01930371951, -0.003492129296, -0.02738022744, 0.02819586862}, {-0.07403130158, 0.004143710605, 0.02819586862, -0.08521387076}}, {{0.005341696844, 0.01930371814, 0.005579493635, 0.001724518576}, {0.05548482044, -0.003492129296, 0.3775516001, -0.01940113454}, {0.0009283931466, -0.02738022744, -0.0005744624261, -0.001017942565}, {0.003094779018, 0.02819586862, 0.003778612659, 0.00137905707}}, {{-0.002794411298, -0.07403130158, 0.001724518576, -0.002270242747}, {0.03212250725, 0.004143710605, -0.01940113454, 0.3943596864}, {-0.0007867002942, 0.02819586862, -0.001017942565, -0.002256222455}, {0.00007065417703, -0.08521387076, 0.00137905707, 0.0002435661669}}}, {{{0.1113008615, 0.005341696844, 0.07005221227, 0.00025335294}, {-0.002078513091, 0.01930372068, 0.0009283931466, -0.0007867002942}, {0.4348471172, 0.005579493635, 0.06626523214, -0.00001635915698}, {-0.0001096117907, 0.001724518576, -0.0000400285933, -0.01695238522}}, {{0.005341696844, 0.05548482044, 0.0009283931466, 0.003094779018}, {0.01930372068, -0.003492129296, -0.02738022744, 0.02819586862}, {0.005579493635, 0.3775516001, -0.0005744624261, 0.003778612659}, {0.001724518576, -0.01940113454, -0.001017942565, 0.00137905707}}, {{0.07005221227, 0.0009283931466, 0.06935024007, -0.0000400285933}, {0.0009283931466, -0.02738022744, -0.0005744624261, -0.001017942565}, {0.06626523214, -0.0005744624261, 0.3776673828, -0.0004490128702}, {-0.0000400285933, -0.001017942565, -0.0004490128702, 0.02267597591}}, {{0.00025335294, 0.003094779018, -0.0000400285933, 0.02743682772}, {-0.0007867002942, 0.02819586862, -0.001017942565, -0.002256222455}, {-0.00001635915698, 0.003778612659, -0.0004490128702, 0.3419966284}, {-0.01695238531, 0.00137905707, 0.02267597591, -0.01687273298}}}, {{{-0.0001678289766, -0.002794411298, 0.00025335294, 0.02853007984}, {0.00726339705, -0.07403130158, 0.003094779018, 0.00007065417703}, {-0.0001096117907, 0.001724518576, -0.0000400285933, -0.01695238522}, {0.393802274, -0.002270242747, 0.02743682772, 0.02153314629}}, {{-0.002794411298, 0.03211984926, -0.0007867002942, 0.00007065417703}, {-0.07403130158, 0.004143710605, 0.02819586862, -0.08521387076}, {0.001724518576, -0.01940113454, -0.001017942565, 0.00137905707}, {-0.002270242747, 0.3943997828, -0.002256222455, 0.0002435661669}}, {{0.00025335294, -0.0007867002942, -0.00001635915698, -0.01695238561}, {0.003094779018, 0.02819586862, 0.003778612659, 0.00137905707}, {-0.0000400285933, -0.001017942565, -0.0004490128702, 0.02267597591}, {0.02743682772, -0.002256222455, 0.3419966284, -0.01687273298}}, {{0.02853007984, 0.00007065417703, -0.01695238561, 0.02153314629}, {0.00007065417703, -0.08521387076, 0.00137905707, 0.0002435661669}, {-0.01695238531, 0.00137905707, 0.02267597591, -0.01687273298}, {0.02153314629, 0.0002435661669, -0.01687273298, 0.3759875379}}}}
0.549588      0.00831692    0.111342      -0.000167829    0.00831692    0.458061      -0.00207851   0.0072634       0.111342      -0.00207851   0.434523      -0.000109612    -0.000167829  0.0072634     -0.000109612  0.393802
0.00831692    -0.0920764    0.0053417     -0.00279441     -0.0920764    0.000872313   0.0193037     -0.0740313      0.0053417     0.0193037     0.00557949    0.00172452      -0.00279441   -0.0740313    0.00172452    -0.00227024
0.111301      0.0053417     0.0700522     0.000253353     0.0053417     0.0554848     0.000928393   0.00309478      0.0700522     0.000928393   0.0693502     -0.0000400286   0.000253353   0.00309478    -0.0000400286 0.0274368
-0.000167829  -0.00279441   0.000253353   0.0285301       -0.00279441   0.0321198     -0.0007867    0.0000706542    0.000253353   -0.0007867    -0.0000163592 -0.0169524      0.0285301     0.0000706542  -0.0169524    0.0215331

0.00831692    -0.0920764    0.0053417     -0.00279441     -0.0920764    0.000872313   0.0193037     -0.0740313      0.0053417     0.0193037     0.00557949    0.00172452      -0.00279441   -0.0740313    0.00172452    -0.00227024
0.458061      0.000872313   0.0554848     0.0321225       0.000872313   0.450182      -0.00349213   0.00414371      0.0554848     -0.00349213   0.377552      -0.0194011      0.0321225     0.00414371    -0.0194011    0.39436
-0.00207851   0.0193037     0.000928393   -0.0007867      0.0193037     -0.00349213   -0.0273802    0.0281959       0.000928393   -0.0273802    -0.000574462  -0.00101794     -0.0007867    0.0281959     -0.00101794   -0.00225622
0.0072634     -0.0740313    0.00309478    0.0000706542    -0.0740313    0.00414371    0.0281959     -0.0852139      0.00309478    0.0281959     0.00377861    0.00137906      0.0000706542  -0.0852139    0.00137906    0.000243566

0.111301      0.0053417     0.0700522     0.000253353     0.0053417     0.0554848     0.000928393   0.00309478      0.0700522     0.000928393   0.0693502     -0.0000400286   0.000253353   0.00309478    -0.0000400286 0.0274368
-0.00207851   0.0193037     0.000928393   -0.0007867      0.0193037     -0.00349213   -0.0273802    0.0281959       0.000928393   -0.0273802    -0.000574462  -0.00101794     -0.0007867    0.0281959     -0.00101794   -0.00225622
0.434847      0.00557949    0.0662652     -0.0000163592   0.00557949    0.377552      -0.000574462  0.00377861      0.0662652     -0.000574462  0.377667      -0.000449013    -0.0000163592 0.00377861    -0.000449013  0.341997
-0.000109612  0.00172452    -0.0000400286 -0.0169524      0.00172452    -0.0194011    -0.00101794   0.00137906      -0.0000400286 -0.00101794   -0.000449013  0.022676        -0.0169524    0.00137906    0.022676      -0.0168727

-0.000167829  -0.00279441   0.000253353   0.0285301       -0.00279441   0.0321198     -0.0007867    0.0000706542    0.000253353   -0.0007867    -0.0000163592 -0.0169524      0.0285301     0.0000706542  -0.0169524    0.0215331
0.0072634     -0.0740313    0.00309478    0.0000706542    -0.0740313    0.00414371    0.0281959     -0.0852139      0.00309478    0.0281959     0.00377861    0.00137906      0.0000706542  -0.0852139    0.00137906    0.000243566
-0.000109612  0.00172452    -0.0000400286 -0.0169524      0.00172452    -0.0194011    -0.00101794   0.00137906      -0.0000400286 -0.00101794   -0.000449013  0.022676        -0.0169524    0.00137906    0.022676      -0.0168727
0.393802      -0.00227024   0.0274368     0.0215331       -0.00227024   0.3944        -0.00225622   0.000243566     0.0274368     -0.00225622   0.341997      -0.0168727      0.0215331     0.000243566   -0.0168727    0.375988


    Hamiltonian Matrix BC:    < psi_{i1,B} <psi_{i2,C} | V_e-e | psi_{i3,B} <psi_{i4,C} >

HijkBC: {{{{0.5495880557, -0.008316924862, 0.1113419883, -0.0001678289766}, {-0.008316924862, -0.09207642377, -0.005341696844, 0.002794411298}, {0.1113008615, -0.005341696844, 0.07005221227, 0.00025335294}, {-0.0001678289766, 0.002794411298, 0.00025335294, 0.02853007984}}, {{-0.008316924862, 0.4580606327, 0.002078513091, -0.00726339705}, {-0.09207642377, -0.000872313087, 0.01930371814, -0.07403130158}, {-0.005341696844, 0.05548482044, -0.0009283931466, -0.003094779018}, {0.002794411298, 0.03211982919, 0.0007867002942, -0.00007065417703}}, {{0.1113419883, 0.002078513091, 0.4345226567, -0.0001096117907}, {-0.005341696844, 0.01930371814, -0.005579493635, -0.001724518576}, {0.07005221227, -0.0009283931466, 0.06935024007, -0.0000400285933}, {0.00025335294, 0.0007867002942, -0.00001635915698, -0.01695238597}}, {{-0.0001678289766, -0.00726339705, -0.0001096117907, 0.393802274}, {0.002794411298, -0.07403130158, -0.001724518576, 0.002270242747}, {0.00025335294, -0.003094779018, -0.0000400285933, 0.02743682772}, {0.02853007984, -0.00007065417703, -0.01695238597, 0.02153314629}}}, {{{-0.008316924862, -0.09207642377, -0.005341696844, 0.002794411298}, {0.4580606327, -0.000872313087, 0.05548482044, 0.03212250983}, {0.002078513091, 0.01930372068, -0.0009283931466, 0.0007867002942}, {-0.00726339705, -0.07403130158, -0.003094779018, -0.00007065417703}}, {{-0.09207642377, -0.000872313087, 0.01930371931, -0.07403130158}, {-0.000872313087, 0.4501823606, 0.003492129296, -0.004143710605}, {0.01930371951, 0.003492129296, -0.02738022744, 0.02819586862}, {-0.07403130158, -0.004143710605, 0.02819586862, -0.08521387076}}, {{-0.005341696844, 0.01930371814, -0.005579493635, -0.001724518576}, {0.05548482044, 0.003492129296, 0.3775516001, -0.01940113454}, {-0.0009283931466, -0.02738022744, 0.0005744624261, 0.001017942565}, {-0.003094779018, 0.02819586862, -0.003778612659, -0.00137905707}}, {{0.002794411298, -0.07403130158, -0.001724518576, 0.002270242747}, {0.03212250983, -0.004143710605, -0.01940113454, 0.3943596864}, {0.0007867002942, 0.02819586862, 0.001017942565, 0.002256222455}, {-0.00007065417703, -0.08521387076, -0.00137905707, -0.0002435661669}}}, {{{0.1113008615, -0.005341696844, 0.07005221227, 0.00025335294}, {0.002078513091, 0.01930372068, -0.0009283931466, 0.0007867002942}, {0.4348471172, -0.005579493635, 0.06626523214, -0.00001635915698}, {-0.0001096117907, -0.001724518576, -0.0000400285933, -0.01695238496}}, {{-0.005341696844, 0.05548482044, -0.0009283931466, -0.003094779018}, {0.01930372068, 0.003492129296, -0.02738022744, 0.02819586862}, {-0.005579493635, 0.3775516001, 0.0005744624261, -0.003778612659}, {-0.001724518576, -0.01940113454, 0.001017942565, -0.00137905707}}, {{0.07005221227, -0.0009283931466, 0.06935024007, -0.0000400285933}, {-0.0009283931466, -0.02738022744, 0.0005744624261, 0.001017942565}, {0.06626523214, 0.0005744624261, 0.3776673828, -0.0004490128702}, {-0.0000400285933, 0.001017942565, -0.0004490128702, 0.02267597591}}, {{0.00025335294, -0.003094779018, -0.0000400285933, 0.02743682772}, {0.0007867002942, 0.02819586862, 0.001017942565, 0.002256222455}, {-0.00001635915698, -0.003778612659, -0.0004490128702, 0.3419966284}, {-0.0169523846, -0.00137905707, 0.02267597591, -0.01687273298}}}, {{{-0.0001678289766, 0.002794411298, 0.00025335294, 0.02853007984}, {-0.00726339705, -0.07403130158, -0.003094779018, -0.00007065417703}, {-0.0001096117907, -0.001724518576, -0.0000400285933, -0.01695238496}, {0.393802274, 0.002270242747, 0.02743682772, 0.02153314629}}, {{0.002794411298, 0.03211987378, 0.0007867002942, -0.00007065417703}, {-0.07403130158, -0.004143710605, 0.02819586862, -0.08521387076}, {-0.001724518576, -0.01940113454, 0.001017942565, -0.00137905707}, {0.002270242747, 0.3943596864, 0.002256222455, -0.0002435661669}}, {{0.00025335294, 0.0007867002942, -0.00001635915698, -0.01695238633}, {-0.003094779018, 0.02819586862, -0.003778612659, -0.00137905707}, {-0.0000400285933, 0.001017942565, -0.0004490128702, 0.02267597591}, {0.02743682772, 0.002256222455, 0.3419966284, -0.01687273298}}, {{0.02853007984, -0.00007065417703, -0.01695238633, 0.02153314629}, {-0.00007065417703, -0.08521387076, -0.00137905707, -0.0002435661669}, {-0.0169523846, -0.00137905707, 0.02267597591, -0.01687273298}, {0.02153314629, -0.0002435661669, -0.01687273298, 0.3759875379}}}}
0.549588      -0.00831692   0.111342      -0.000167829    -0.00831692   0.458061      0.00207851    -0.0072634      0.111342      0.00207851    0.434523      -0.000109612    -0.000167829  -0.0072634    -0.000109612  0.393802
-0.00831692   -0.0920764    -0.0053417    0.00279441      -0.0920764    -0.000872313  0.0193037     -0.0740313      -0.0053417    0.0193037     -0.00557949   -0.00172452     0.00279441    -0.0740313    -0.00172452   0.00227024
0.111301      -0.0053417    0.0700522     0.000253353     -0.0053417    0.0554848     -0.000928393  -0.00309478     0.0700522     -0.000928393  0.0693502     -0.0000400286   0.000253353   -0.00309478   -0.0000400286 0.0274368
-0.000167829  0.00279441    0.000253353   0.0285301       0.00279441    0.0321198     0.0007867     -0.0000706542   0.000253353   0.0007867     -0.0000163592 -0.0169524      0.0285301     -0.0000706542 -0.0169524    0.0215331

-0.00831692   -0.0920764    -0.0053417    0.00279441      -0.0920764    -0.000872313  0.0193037     -0.0740313      -0.0053417    0.0193037     -0.00557949   -0.00172452     0.00279441    -0.0740313    -0.00172452   0.00227024
0.458061      -0.000872313  0.0554848     0.0321225       -0.000872313  0.450182      0.00349213    -0.00414371     0.0554848     0.00349213    0.377552      -0.0194011      0.0321225     -0.00414371   -0.0194011    0.39436
0.00207851    0.0193037     -0.000928393  0.0007867       0.0193037     0.00349213    -0.0273802    0.0281959       -0.000928393  -0.0273802    0.000574462   0.00101794      0.0007867     0.0281959     0.00101794    0.00225622
-0.0072634    -0.0740313    -0.00309478   -0.0000706542   -0.0740313    -0.00414371   0.0281959     -0.0852139      -0.00309478   0.0281959     -0.00377861   -0.00137906     -0.0000706542 -0.0852139    -0.00137906   -0.000243566

0.111301      -0.0053417    0.0700522     0.000253353     -0.0053417    0.0554848     -0.000928393  -0.00309478     0.0700522     -0.000928393  0.0693502     -0.0000400286   0.000253353   -0.00309478   -0.0000400286 0.0274368
0.00207851    0.0193037     -0.000928393  0.0007867       0.0193037     0.00349213    -0.0273802    0.0281959       -0.000928393  -0.0273802    0.000574462   0.00101794      0.0007867     0.0281959     0.00101794    0.00225622
0.434847      -0.00557949   0.0662652     -0.0000163592   -0.00557949   0.377552      0.000574462   -0.00377861     0.0662652     0.000574462   0.377667      -0.000449013    -0.0000163592 -0.00377861   -0.000449013  0.341997
-0.000109612  -0.00172452   -0.0000400286 -0.0169524      -0.00172452   -0.0194011    0.00101794    -0.00137906     -0.0000400286 0.00101794    -0.000449013  0.022676        -0.0169524    -0.00137906   0.022676      -0.0168727

-0.000167829  0.00279441    0.000253353   0.0285301       0.00279441    0.0321199     0.0007867     -0.0000706542   0.000253353   0.0007867     -0.0000163592 -0.0169524      0.0285301     -0.0000706542 -0.0169524    0.0215331
-0.0072634    -0.0740313    -0.00309478   -0.0000706542   -0.0740313    -0.00414371   0.0281959     -0.0852139      -0.00309478   0.0281959     -0.00377861   -0.00137906     -0.0000706542 -0.0852139    -0.00137906   -0.000243566
-0.000109612  -0.00172452   -0.0000400286 -0.0169524      -0.00172452   -0.0194011    0.00101794    -0.00137906     -0.0000400286 0.00101794    -0.000449013  0.022676        -0.0169524    -0.00137906   0.022676      -0.0168727
0.393802      0.00227024    0.0274368     0.0215331       0.00227024    0.39436       0.00225622    -0.000243566    0.0274368     0.00225622    0.341997      -0.0168727      0.0215331     -0.000243566  -0.0168727    0.375988


    Hamiltonian Matrix CA:    < psi_{i1,C} <psi_{i2,A} | V_e-e | psi_{i3,C} <psi_{i4,A} >

HijkCA: {{{{0.5465635574, -0.01745081025, 0.1109574837, 0.000665722153}, {0.01745081025, 0.09114417696, 0.01133434142, -0.006225786303}, {0.1109606902, -0.01133434142, 0.06798906984, 0.0009358429931}, {0.000665722153, 0.006225786303, 0.0009358429931, 0.02782667903}}, {{-0.01745081025, 0.4571095467, 0.003848313024, -0.01432155883}, {0.09114417696, 0.001806296689, -0.01920488718, 0.0734882256}, {-0.01133434142, 0.05609114999, -0.002156172815, -0.006328110452}, {0.006225786303, 0.03291589313, 0.002781095923, 0.0003559927327}}, {{0.1109574837, 0.003848313024, 0.433305118, -0.0002997157798}, {0.01133434142, -0.01920488718, 0.01072154171, 0.003657826068}, {0.06798906984, -0.002156172815, 0.06862974377, -0.0002125288008}, {0.0009358429931, 0.002781095923, 0.0004076115899, -0.01719934252}}, {{0.000665722153, -0.01432155883, -0.0002997157798, 0.3931018082}, {-0.006225786303, 0.0734882256, 0.003657826068, -0.0000818074888}, {0.0009358429931, -0.006328110452, -0.0002125288008, 0.02809082617}, {0.02782667903, 0.0003559927327, -0.01719934252, 0.02081089234}}}, {{{0.01745081025, 0.09114417696, 0.01133434142, -0.006225786303}, {0.4571095467, -0.001806296689, 0.05609114999, 0.03291586135}, {-0.003848313024, -0.01920488396, 0.002156172815, -0.002781095923}, {0.01432155883, 0.0734882256, 0.006328110452, -0.0003559927327}}, {{0.09114417696, 0.001806296689, -0.01920488718, 0.0734882256}, {-0.001806296689, 0.4487142351, 0.006598694239, -0.008326836381}, {-0.01920488396, -0.006598694239, 0.02718425679, -0.02785650093}, {0.0734882256, 0.00832703033, -0.02785650093, 0.0841053127}}, {{0.01133434142, -0.01920488718, 0.01072154171, 0.003657826068}, {0.05609114999, 0.006598694239, 0.3777801637, -0.01950234428}, {0.002156172815, 0.02718425679, -0.0003988833216, -0.001746161758}, {0.006328110452, -0.02785650093, 0.007969351986, 0.002825880248}}, {{-0.006225786303, 0.0734882256, 0.003657826068, -0.0000818074888}, {0.03291585463, -0.008326836381, -0.01950234428, 0.3944004879}, {-0.002781095923, -0.02785650093, -0.001746161758, -0.004526731772}, {-0.0003559927327, 0.0841053127, 0.002825880248, 0.001194608854}}}, {{{0.1109606902, -0.01133434142, 0.06798906984, 0.0009358429931}, {-0.003848313024, -0.01920488396, 0.002156172815, -0.002781095923}, {0.4333101431, -0.01072154171, 0.06864822906, 0.0004076115899}, {-0.0002997157798, -0.003657826068, -0.0002125288008, -0.01719934241}}, {{-0.01133434142, 0.05609114999, -0.002156172815, -0.006328110452}, {-0.01920488396, -0.006598694239, 0.02718425679, -0.02785650093}, {-0.01072154171, 0.3777801637, 0.0003988833216, -0.007969351986}, {-0.003657826068, -0.01950234428, 0.001746161758, -0.002825880248}}, {{0.06798906984, -0.002156172815, 0.06862974377, -0.0002125288008}, {0.002156172815, 0.02718425679, -0.0003988833216, -0.001746161758}, {0.06864822906, 0.0003988833216, 0.3748437972, 0.00005094831881}, {-0.0002125288008, 0.001746161758, 0.00005094831881, 0.02209026303}}, {{0.0009358429931, -0.006328110452, -0.0002125288008, 0.02809082617}, {-0.002781095923, -0.02785650093, -0.001746161758, -0.004526731772}, {0.0004076115899, -0.007969351986, 0.00005094831881, 0.3417449978}, {-0.01719934119, -0.002825880248, 0.02209026303, -0.01684413447}}}, {{{0.000665722153, 0.006225786303, 0.0009358429931, 0.02782667903}, {0.01432155883, 0.0734882256, 0.006328110452, -0.0003559927327}, {-0.0002997157798, -0.003657826068, -0.0002125288008, -0.01719934241}, {0.3931018082, 0.0000818074888, 0.02809082617, 0.02081089234}}, {{0.006225786303, 0.03291589313, 0.002781095923, 0.0003559927327}, {0.0734882256, 0.00832703033, -0.02785650093, 0.0841053127}, {-0.003657826068, -0.01950234428, 0.001746161758, -0.002825880248}, {0.0000818074888, 0.3944004879, 0.004526731772, -0.001194608854}}, {{0.0009358429931, 0.002781095923, 0.0004076115899, -0.01719934375}, {0.006328110452, -0.02785650093, 0.007969351986, 0.002825880248}, {-0.0002125288008, 0.001746161758, 0.00005094831881, 0.02209026303}, {0.02809082617, 0.004526731772, 0.3417449978, -0.01685246071}}, {{0.02782667903, 0.0003559927327, -0.01719934375, 0.02081089234}, {-0.0003559927327, 0.0841053127, 0.002825880248, 0.001194608854}, {-0.01719934119, -0.002825880248, 0.02209026303, -0.01684413447}, {0.02081089234, -0.001194608854, -0.01685246071, 0.3748802281}}}}
0.546564      -0.0174508    0.110957      0.000665722     -0.0174508    0.45711       0.00384831    -0.0143216      0.110957      0.00384831    0.433305      -0.000299716    0.000665722   -0.0143216    -0.000299716  0.393102
0.0174508     0.0911442     0.0113343     -0.00622579     0.0911442     0.0018063     -0.0192049    0.0734882       0.0113343     -0.0192049    0.0107215     0.00365783      -0.00622579   0.0734882     0.00365783    -0.0000818075
0.110961      -0.0113343    0.0679891     0.000935843     -0.0113343    0.0560911     -0.00215617   -0.00632811     0.0679891     -0.00215617   0.0686297     -0.000212529    0.000935843   -0.00632811   -0.000212529  0.0280908
0.000665722   0.00622579    0.000935843   0.0278267       0.00622579    0.0329159     0.0027811     0.000355993     0.000935843   0.0027811     0.000407612   -0.0171993      0.0278267     0.000355993   -0.0171993    0.0208109

0.0174508     0.0911442     0.0113343     -0.00622579     0.0911442     0.0018063     -0.0192049    0.0734882       0.0113343     -0.0192049    0.0107215     0.00365783      -0.00622579   0.0734882     0.00365783    -0.0000818075
0.45711       -0.0018063    0.0560911     0.0329159       -0.0018063    0.448714      0.00659869    -0.00832684     0.0560911     0.00659869    0.37778       -0.0195023      0.0329159     -0.00832684   -0.0195023    0.3944
-0.00384831   -0.0192049    0.00215617    -0.0027811      -0.0192049    -0.00659869   0.0271843     -0.0278565      0.00215617    0.0271843     -0.000398883  -0.00174616     -0.0027811    -0.0278565    -0.00174616   -0.00452673
0.0143216     0.0734882     0.00632811    -0.000355993    0.0734882     0.00832703    -0.0278565    0.0841053       0.00632811    -0.0278565    0.00796935    0.00282588      -0.000355993  0.0841053     0.00282588    0.00119461

0.110961      -0.0113343    0.0679891     0.000935843     -0.0113343    0.0560911     -0.00215617   -0.00632811     0.0679891     -0.00215617   0.0686297     -0.000212529    0.000935843   -0.00632811   -0.000212529  0.0280908
-0.00384831   -0.0192049    0.00215617    -0.0027811      -0.0192049    -0.00659869   0.0271843     -0.0278565      0.00215617    0.0271843     -0.000398883  -0.00174616     -0.0027811    -0.0278565    -0.00174616   -0.00452673
0.43331       -0.0107215    0.0686482     0.000407612     -0.0107215    0.37778       0.000398883   -0.00796935     0.0686482     0.000398883   0.374844      0.0000509483    0.000407612   -0.00796935   0.0000509483  0.341745
-0.000299716  -0.00365783   -0.000212529  -0.0171993      -0.00365783   -0.0195023    0.00174616    -0.00282588     -0.000212529  0.00174616    0.0000509483  0.0220903       -0.0171993    -0.00282588   0.0220903     -0.0168441

0.000665722   0.00622579    0.000935843   0.0278267       0.00622579    0.0329159     0.0027811     0.000355993     0.000935843   0.0027811     0.000407612   -0.0171993      0.0278267     0.000355993   -0.0171993    0.0208109
0.0143216     0.0734882     0.00632811    -0.000355993    0.0734882     0.00832703    -0.0278565    0.0841053       0.00632811    -0.0278565    0.00796935    0.00282588      -0.000355993  0.0841053     0.00282588    0.00119461
-0.000299716  -0.00365783   -0.000212529  -0.0171993      -0.00365783   -0.0195023    0.00174616    -0.00282588     -0.000212529  0.00174616    0.0000509483  0.0220903       -0.0171993    -0.00282588   0.0220903     -0.0168441
0.393102      0.0000818075  0.0280908     0.0208109       0.0000818075  0.3944        0.00452673    -0.00119461     0.0280908     0.00452673    0.341745      -0.0168525      0.0208109     -0.00119461   -0.0168525    0.37488


    Hamiltonian Matrix CB:    < psi_{i1,C} <psi_{i2,B} | V_e-e | psi_{i3,C} <psi_{i4,B} >

HijkCB: {{{{0.5495880557, -0.008316924862, 0.1113419883, -0.0001678289766}, {-0.008316924862, -0.09207642377, -0.005341696844, 0.002794411298}, {0.1113008615, -0.005341696844, 0.07005221227, 0.00025335294}, {-0.0001678289766, 0.002794411298, 0.00025335294, 0.02853007984}}, {{-0.008316924862, 0.4580606327, 0.002078513091, -0.00726339705}, {-0.09207642377, -0.000872313087, 0.01930371814, -0.07403130158}, {-0.005341696844, 0.05548482044, -0.0009283931466, -0.003094779018}, {0.002794411298, 0.03211982919, 0.0007867002942, -0.00007065417703}}, {{0.1113419883, 0.002078513091, 0.4345226567, -0.0001096117907}, {-0.005341696844, 0.01930371814, -0.005579493635, -0.001724518576}, {0.07005221227, -0.0009283931466, 0.06935024007, -0.0000400285933}, {0.00025335294, 0.0007867002942, -0.00001635915698, -0.01695238597}}, {{-0.0001678289766, -0.00726339705, -0.0001096117907, 0.393802274}, {0.002794411298, -0.07403130158, -0.001724518576, 0.002270242747}, {0.00025335294, -0.003094779018, -0.0000400285933, 0.02743682772}, {0.02853007984, -0.00007065417703, -0.01695238597, 0.02153314629}}}, {{{-0.008316924862, -0.09207642377, -0.005341696844, 0.002794411298}, {0.4580606327, -0.000872313087, 0.05548482044, 0.03212250983}, {0.002078513091, 0.01930372068, -0.0009283931466, 0.0007867002942}, {-0.00726339705, -0.07403130158, -0.003094779018, -0.00007065417703}}, {{-0.09207642377, -0.000872313087, 0.01930371931, -0.07403130158}, {-0.000872313087, 0.4501823606, 0.003492129296, -0.004143710605}, {0.01930371951, 0.003492129296, -0.02738022744, 0.02819586862}, {-0.07403130158, -0.004143710605, 0.02819586862, -0.08521387076}}, {{-0.005341696844, 0.01930371814, -0.005579493635, -0.001724518576}, {0.05548482044, 0.003492129296, 0.3775516001, -0.01940113454}, {-0.0009283931466, -0.02738022744, 0.0005744624261, 0.001017942565}, {-0.003094779018, 0.02819586862, -0.003778612659, -0.00137905707}}, {{0.002794411298, -0.07403130158, -0.001724518576, 0.002270242747}, {0.03212250983, -0.004143710605, -0.01940113454, 0.3943596864}, {0.0007867002942, 0.02819586862, 0.001017942565, 0.002256222455}, {-0.00007065417703, -0.08521387076, -0.00137905707, -0.0002435661669}}}, {{{0.1113008615, -0.005341696844, 0.07005221227, 0.00025335294}, {0.002078513091, 0.01930372068, -0.0009283931466, 0.0007867002942}, {0.4348471172, -0.005579493635, 0.06626523214, -0.00001635915698}, {-0.0001096117907, -0.001724518576, -0.0000400285933, -0.01695238496}}, {{-0.005341696844, 0.05548482044, -0.0009283931466, -0.003094779018}, {0.01930372068, 0.003492129296, -0.02738022744, 0.02819586862}, {-0.005579493635, 0.3775516001, 0.0005744624261, -0.003778612659}, {-0.001724518576, -0.01940113454, 0.001017942565, -0.00137905707}}, {{0.07005221227, -0.0009283931466, 0.06935024007, -0.0000400285933}, {-0.0009283931466, -0.02738022744, 0.0005744624261, 0.001017942565}, {0.06626523214, 0.0005744624261, 0.3776673828, -0.0004490128702}, {-0.0000400285933, 0.001017942565, -0.0004490128702, 0.02267597591}}, {{0.00025335294, -0.003094779018, -0.0000400285933, 0.02743682772}, {0.0007867002942, 0.02819586862, 0.001017942565, 0.002256222455}, {-0.00001635915698, -0.003778612659, -0.0004490128702, 0.3419966284}, {-0.0169523846, -0.00137905707, 0.02267597591, -0.01687273298}}}, {{{-0.0001678289766, 0.002794411298, 0.00025335294, 0.02853007984}, {-0.00726339705, -0.07403130158, -0.003094779018, -0.00007065417703}, {-0.0001096117907, -0.001724518576, -0.0000400285933, -0.01695238496}, {0.393802274, 0.002270242747, 0.02743682772, 0.02153314629}}, {{0.002794411298, 0.03211987378, 0.0007867002942, -0.00007065417703}, {-0.07403130158, -0.004143710605, 0.02819586862, -0.08521387076}, {-0.001724518576, -0.01940113454, 0.001017942565, -0.00137905707}, {0.002270242747, 0.3943596864, 0.002256222455, -0.0002435661669}}, {{0.00025335294, 0.0007867002942, -0.00001635915698, -0.01695238633}, {-0.003094779018, 0.02819586862, -0.003778612659, -0.00137905707}, {-0.0000400285933, 0.001017942565, -0.0004490128702, 0.02267597591}, {0.02743682772, 0.002256222455, 0.3419966284, -0.01687273298}}, {{0.02853007984, -0.00007065417703, -0.01695238633, 0.02153314629}, {-0.00007065417703, -0.08521387076, -0.00137905707, -0.0002435661669}, {-0.0169523846, -0.00137905707, 0.02267597591, -0.01687273298}, {0.02153314629, -0.0002435661669, -0.01687273298, 0.3759875379}}}}
0.549588      -0.00831692   0.111342      -0.000167829    -0.00831692   0.458061      0.00207851    -0.0072634      0.111342      0.00207851    0.434523      -0.000109612    -0.000167829  -0.0072634    -0.000109612  0.393802
-0.00831692   -0.0920764    -0.0053417    0.00279441      -0.0920764    -0.000872313  0.0193037     -0.0740313      -0.0053417    0.0193037     -0.00557949   -0.00172452     0.00279441    -0.0740313    -0.00172452   0.00227024
0.111301      -0.0053417    0.0700522     0.000253353     -0.0053417    0.0554848     -0.000928393  -0.00309478     0.0700522     -0.000928393  0.0693502     -0.0000400286   0.000253353   -0.00309478   -0.0000400286 0.0274368
-0.000167829  0.00279441    0.000253353   0.0285301       0.00279441    0.0321198     0.0007867     -0.0000706542   0.000253353   0.0007867     -0.0000163592 -0.0169524      0.0285301     -0.0000706542 -0.0169524    0.0215331

-0.00831692   -0.0920764    -0.0053417    0.00279441      -0.0920764    -0.000872313  0.0193037     -0.0740313      -0.0053417    0.0193037     -0.00557949   -0.00172452     0.00279441    -0.0740313    -0.00172452   0.00227024
0.458061      -0.000872313  0.0554848     0.0321225       -0.000872313  0.450182      0.00349213    -0.00414371     0.0554848     0.00349213    0.377552      -0.0194011      0.0321225     -0.00414371   -0.0194011    0.39436
0.00207851    0.0193037     -0.000928393  0.0007867       0.0193037     0.00349213    -0.0273802    0.0281959       -0.000928393  -0.0273802    0.000574462   0.00101794      0.0007867     0.0281959     0.00101794    0.00225622
-0.0072634    -0.0740313    -0.00309478   -0.0000706542   -0.0740313    -0.00414371   0.0281959     -0.0852139      -0.00309478   0.0281959     -0.00377861   -0.00137906     -0.0000706542 -0.0852139    -0.00137906   -0.000243566

0.111301      -0.0053417    0.0700522     0.000253353     -0.0053417    0.0554848     -0.000928393  -0.00309478     0.0700522     -0.000928393  0.0693502     -0.0000400286   0.000253353   -0.00309478   -0.0000400286 0.0274368
0.00207851    0.0193037     -0.000928393  0.0007867       0.0193037     0.00349213    -0.0273802    0.0281959       -0.000928393  -0.0273802    0.000574462   0.00101794      0.0007867     0.0281959     0.00101794    0.00225622
0.434847      -0.00557949   0.0662652     -0.0000163592   -0.00557949   0.377552      0.000574462   -0.00377861     0.0662652     0.000574462   0.377667      -0.000449013    -0.0000163592 -0.00377861   -0.000449013  0.341997
-0.000109612  -0.00172452   -0.0000400286 -0.0169524      -0.00172452   -0.0194011    0.00101794    -0.00137906     -0.0000400286 0.00101794    -0.000449013  0.022676        -0.0169524    -0.00137906   0.022676      -0.0168727

-0.000167829  0.00279441    0.000253353   0.0285301       0.00279441    0.0321199     0.0007867     -0.0000706542   0.000253353   0.0007867     -0.0000163592 -0.0169524      0.0285301     -0.0000706542 -0.0169524    0.0215331
-0.0072634    -0.0740313    -0.00309478   -0.0000706542   -0.0740313    -0.00414371   0.0281959     -0.0852139      -0.00309478   0.0281959     -0.00377861   -0.00137906     -0.0000706542 -0.0852139    -0.00137906   -0.000243566
-0.000109612  -0.00172452   -0.0000400286 -0.0169524      -0.00172452   -0.0194011    0.00101794    -0.00137906     -0.0000400286 0.00101794    -0.000449013  0.022676        -0.0169524    -0.00137906   0.022676      -0.0168727
0.393802      0.00227024    0.0274368     0.0215331       0.00227024    0.39436       0.00225622    -0.000243566    0.0274368     0.00225622    0.341997      -0.0168727      0.0215331     -0.000243566  -0.0168727    0.375988


Energy:  {39.20798976}


Coefficients: {{0.9156182897, 0.1262681878, 0.3815694248, 0.01021108961}, {0.9191788824, -0.05699322895, 0.3896800731, 0.00337560143}, {0.9191788824, -0.05699322895, 0.3896800731, 0.00337560143}, {0.9156182897, 0.1262681878, 0.3815694248, 0.01021108961}}


r2: {2.019111971, 1.972515753, 1.972515753, 2.019111971}
r2f: {3.18284615}


r3: {3.657768303, 3.526277056, 3.526277056, 3.657768303}
r3f: {6.975440461}


alpha: {2.359701506, 2.274873801, 2.274873801, 2.359701506}
alphaf: {4.5}




~~~XDM (a1=0.65, a2=3.17474)~~~

M1^2: {3.837525955, 3.834317884, 3.834317884, 3.837525955}
M1f^2: {3.18284615}

M2^2: {27.06268593, 27.21260015, 27.21260015, 27.06268593}
M2f^2: {16.88418269}

M3^2: {275.5171265, 278.5430675, 278.5430675, 275.5171265}
M3f^2: {125.3927637}

C6XDM: {{4.527707888, 4.443011547, 4.443011547, 4.527707888}, {4.443011547, 4.361294648, 4.361294648, 4.443011547}, {4.443011547, 4.361294648, 4.361294648, 4.443011547}, {4.527707888, 4.443011547, 4.443011547, 4.527707888}}
C6XDMf: {7.161403837}

C8XDM: {{95.78979112, 94.29781753, 94.29781753, 95.78979112}, {94.29781753, 92.8578467, 92.8578467, 94.29781753}, {94.29781753, 92.8578467, 92.8578467, 94.29781753}, {95.78979112, 94.29781753, 94.29781753, 95.78979112}}
C8XDMf: {113.9682331}

C10XDM: {{2246.005633, 2217.459377, 2217.459377, 2246.005633}, {2217.459377, 2189.932772, 2189.932772, 2217.459377}, {2217.459377, 2189.932772, 2189.932772, 2217.459377}, {2246.005633, 2217.459377, 2217.459377, 2246.005633}}
C10XDMf: {1974.936028}

EXDMC6: {-13391569.19}
EXDMC8: {-28218220800.}
EXDMC10: {-66285576520000.}

EXDMBJC6: {-0.0004483137799}
EXDMBJC8: {-0.0002437607898}
EXDMBJC10: {-0.0001468509214}

EXDM: {-66313808130000.}
EXDMBJ: {-0.0008389254911}




~~~TS (dTS=20, sR=0.62)~~~

C6TS: {{1.969188435, 1.898399085, 1.898399085, 1.969188435}, {1.898399085, 1.830154504, 1.830154504, 1.898399085}, {1.898399085, 1.830154504, 1.830154504, 1.898399085}, {1.969188435, 1.898399085, 1.898399085, 1.969188435}}
C6TSf: {7.161403837}

ETS: {-5688637.537}
ETSWY: {-0.02271153249}




~~~MBD~~~

 alpha: {47.87979607, -45.2818886, -45.28188559, 47.87979493}
  C6ii: {620.8938691, 549.4114075, 549.4113995, 620.8938656}
 omega: {0.3611199853, 0.3572624278, 0.3572624701, 0.3611200006}
lambda: {0.8686376668 + 0.0362678474 I, 0.8686376668 + 0.0362678474 I, 0.8655575697 + 0.03950945215 I, -0.6085025929 - 0.0363309849 I, -0.6085025929 - 0.0363309849 I, -0.6067791307 - 0.03969890753 I, 0.2553638201 + 0.0001397555901 I, 0.2553072894 + 0.00005763606267 I, 0.2553072894 + 0.00005763606267 I, 0.001945954389 + 0.00004969979873 I, 0.0006458502384 + 0.000005501432327 I, 0.0006458502384 + 0.000005501432327 I}
Energy: {0.08379095901 - 1.139518548 I}

~~~MBD@rsSCS (drsSCS=6, sR=0.62)~~~

 alpha: {10.39503278, -8.894644561, -8.894644562, 10.39503277}
  C6ii: {39.56848784, 28.7604226, 28.7604226, 39.56848784}
 omega: {0.4882434931, 0.4847042234, 0.4847042234, 0.4882434932}
lambda: {-6.45002021 + 14.59994331 I, -6.45002021 - 14.59994331 I, 6.923340103 + 9.991560968 I, 6.923340103 - 9.991560968 I, 3.580000025 + 7.301011056 I, 3.580000025 + 7.301011056 I, 3.580000025 - 7.301011056 I, 3.580000025 - 7.301011056 I, -3.106680132 + 4.994260902 I, -3.106680132 + 4.994260902 I, -3.106680132 - 4.994260902 I, -3.106680132 - 4.994260902 I}
Energy: {9.546085089 + 0.000000000000003996802889 I}




~~~MBDFree1~~~

 alpha: {159.2749164, -155.6616231, -155.6632423, 159.2726215}
  C6ii: {6308.82414, 5981.891683, 5981.901004, 6308.777951}
 omega: {0.3315830993, 0.3291653952, 0.3291590605, 0.3315902269}
lambda: {0.7363058869 + 0.01270095833 I, 0.7363058869 + 0.01270095833 I, 0.7352073639 + 0.01396269933 I, -0.5166640128 - 0.01272448405 I, -0.5166640128 - 0.01272448405 I, -0.5160799535 - 0.01403328358 I, 0.2167324124 + 0.00006265575021 I, 0.2167086929 + 0.00002264642296 I, 0.2167086929 + 0.00002264642296 I, 0.0007351520576 + 0.000007928503175 I, 0.0002444079248 + 0.0000008792966734 I, 0.0002444079248 + 0.0000008792966734 I}
Energy: {0.04582525406 - 1.0664441 I}

~~~MBDFree1@rsSCS (drsSCS=6, sR=0.62)~~~

 alpha: {7.757461099, -5.399600448, -5.399600449, 7.757461098}
  C6ii: {31.93159023, 17.87116393, 17.87116393, 31.93159022}
 omega: {0.7074896178, 0.8172752099, 0.8172752096, 0.707489618}
lambda: {-10.89197978 - 23.82113272 I, -10.89197978 + 23.82113272 I, 12.06046011 + 16.0447327 I, 12.06046011 - 16.0447327 I, 6.322350137 + 11.85642395 I, 6.322350137 - 11.85642395 I, 6.322350137 - 11.85642395 I, 6.322350137 + 11.85642395 I, -5.153869809 - 8.101521818 I, -5.153869809 + 8.101521818 I, -5.153869809 + 8.101521818 I, -5.153869809 - 8.101521818 I}
Energy: {11.46894038 - 0.000000000000002442490654 I}




~~~MBDFree2~~~

 alpha: {159.2739222, -155.663884, -155.6615771, 159.2741795}
  C6ii: {1521.842514, 1422.770344, 1422.772312, 1521.838597}
 omega: {0.07998694305, 0.07828847193, 0.07829090064, 0.0799864788}
lambda: {0.04235015139 + 0.0007283898749 I, 0.04235015139 + 0.0007283898749 I, 0.04228688687 + 0.0008007681274 I, -0.02956936851 - 0.0007297207295 I, -0.02956936851 - 0.0007297207295 I, -0.02953599617 - 0.0008047610979 I, 0.0122606293 + 0.000003531574112 I, 0.01225929306 + 0.000001279687552 I, 0.01225929306 + 0.000001279687552 I, 0.00004277780096 + 0.0000004613963436 I, 0.00001422185927 + 0.00000005116700995 I, 0.00001422185927 + 0.00000005116700995 I}
Energy: {0.01021265903 - 0.2551274118 I}

~~~MBDFree2@rsSCS (drsSCS=6, sR=0.62)~~~

 alpha: {7.757461099, -5.399600448, -5.399600449, 7.757461099}
  C6ii: {29.82200484, 21.02488615, 21.02488615, 29.82200484}
 omega: {0.6607487651, 0.9614996709, 0.9614996708, 0.660748765}
lambda: {-14.87882733 + 24.63507169 I, -14.87882733 - 24.63507169 I, 16.23989788 - 14.92142962 I, 16.23989788 + 14.92142962 I, 8.460216577 - 12.09911034 I, 8.460216577 + 12.09911034 I, 8.460216577 + 12.09911034 I, 8.460216577 - 12.09911034 I, -7.099146029 - 7.804243652 I, -7.099146029 - 7.804243652 I, -7.099146029 + 7.804243652 I, -7.099146029 + 7.804243652 I}
Energy: {11.58773133 - 0.000000000000001998401444 I}




~~~MBD@XDM1~~~

 alpha: {107.1739009, -103.4227435, -103.4226976, 107.1739708}
  C6ii: {2987.961162, 2760.378145, 2760.377752, 2987.962166}
 omega: {0.3468451358, 0.3440925014, 0.3440927581, 0.3468447996}
lambda: {0.8046551716 + 0.02138387312 I, 0.8046551716 + 0.02138387312 I, 0.8030519975 + 0.02316506299 I, -0.5644192969 - 0.02141763863 I, -0.5644192969 - 0.02141763863 I, -0.5635488961 - 0.02326637273 I, 0.2368512692 + 0.00008621978599 I, 0.2368182204 + 0.00003209275715 I, 0.2368182204 + 0.00003209275715 I, 0.001047968323 + 0.00001508995802 I, 0.0003482438217 + 0.000001672746984 I, 0.0003482438217 + 0.000001672746984 I}
Energy: {0.05922720568 - 1.108224277 I}

~~~MBD@XDM1@rsSCS (drsSCS=6, sR=0.62)~~~

 alpha: {11.53966774, -9.515965141, -9.51596514, 11.53966774}
  C6ii: {54.34798588, 37.46310799, 37.46310799, 54.34798588}
 omega: {0.5441712355, 0.5516160015, 0.5516160016, 0.5441712354}
lambda: {-8.962322722 + 20.17530471 I, -8.962322722 - 20.17530471 I, 9.562725268 + 13.79456166 I, 9.562725268 - 13.79456166 I, 4.931463271 + 10.08518102 I, 4.931463271 - 10.08518102 I, 4.931463271 - 10.08518102 I, 4.931463271 + 10.08518102 I, -4.331060724 + 6.900892089 I, -4.331060724 + 6.900892089 I, -4.331060724 - 6.900892089 I, -4.331060724 - 6.900892089 I}
Energy: {11.35030149 + 0.000000000000002664535259 I}




~~~MBD@XDM2~~~

 alpha: {47.87979712, -45.28188764, -45.28188805, 47.8797955}
  C6ii: {1566.714286, 1406.371005, 1406.37099, 1566.714203}
 omega: {0.9112214557, 0.914512393, 0.9145123668, 0.9112214694}
lambda: {5.596594541 + 0.2343587948 I, 5.596594541 + 0.2343587948 I, 5.576770221 + 0.2552997931 I, -3.940283274 - 0.2347725007 I, -3.940283274 - 0.2347725007 I, -3.929110344 - 0.2565411922 I, 1.673264864 + 0.0009250224841 I, 1.672891405 + 0.0003786800581 I, 1.672891405 + 0.0003786800581 I, 0.01239015209 + 0.0003163765249 I, 0.004112221854 + 0.00003502590249 I, 0.004112221854 + 0.00003502590249 I}
Energy: {0.2215098931 - 2.899670875 I}

~~~MBD@XDM2@rsSCS (drsSCS=6, sR=0.62)~~~

 alpha: {10.39503278, -8.894644561, -8.894644562, 10.39503277}
  C6ii: {66.76269101, 47.21087155, 47.21087155, 66.76269101}
 omega: {0.8237982103, 0.7956527326, 0.7956527326, 0.8237982104}
lambda: {-17.42368382 + 40.62922559 I, -17.42368382 - 40.62922559 I, 18.73539058 + 27.97336387 I, 18.73539058 - 27.97336387 I, 9.69562198 + 20.32787168 I, 9.69562198 - 20.32787168 I, 9.69562198 + 20.32787168 I, 9.69562198 - 20.32787168 I, -8.383915218 - 13.96737694 I, -8.383915218 + 13.96737694 I, -8.383915218 - 13.96737694 I, -8.383915218 + 13.96737694 I}
Energy: {15.92358369 + 0.0000000000000002220446049 I}




    ENERGY MATRIX: {Non-Interacting, Electron-Nuclear, Electron-Electron, Nuclear-Nuclear, Total Energy}
Oscillator 1 Energy: {0.852221697, -2.926281898, 1.049856799, 9.166575001, 8.142371598}
Oscillator 2 Energy: {0.8520469923, -2.906850698, 1.051833448, 12.499875, 11.49690474}
Oscillator 3 Energy: {0.8520469923, -2.936016297, 1.043863802, 12.499875, 11.4597695}
Oscillator 4 Energy: {0.852221697, -2.926281898, 1.041887153, 9.166575001, 8.134401952}
Energy Totals: {3.408537379, -11.69543079, 4.187441202, 43.3329, 39.23344779}


    COEFFICIENT MATRIX: {c1, c2, c5, c6, c11, c14}
Oscillator 1 Cs: {0.9156182897, 0.1262681878, 0.3815694248, 0.01021108961}
Oscillator 2 Cs: {0.9191788824, -0.05699322895, 0.3896800731, 0.00337560143}
Oscillator 3 Cs: {0.9191788824, -0.05699322895, 0.3896800731, 0.00337560143}
Oscillator 4 Cs: {0.9156182897, 0.1262681878, 0.3815694248, 0.01021108961}


    GENERAL RESULTS: {R, E, r2, r2f, r3, r3f, alpha, alphaf}
Oscillator 1 General Results: {0.100001, 39.20798976, 2.019111971, 3.18284615, 3.657768303, 6.975440461, 2.359701506, 4.5}
Oscillator 2 General Results: {0.100001, 39.20798976, 1.972515753, 3.18284615, 3.526277056, 6.975440461, 2.274873801, 4.5}
Oscillator 3 General Results: {0.100001, 39.20798976, 1.972515753, 3.18284615, 3.526277056, 6.975440461, 2.274873801, 4.5}
Oscillator 4 General Results: {0.100001, 39.20798976, 2.019111971, 3.18284615, 3.657768303, 6.975440461, 2.359701506, 4.5}


    XDM RESULTS: {M1^2, M1f^2, M2^2, M2f^2, M3^2, M3f^2, C6XDMii, C6XDMij, C6XDMf, C8XDMii, C8XDMij, C8XDMf, C10XDMii, C10XDMij, C10XDMf, EXDMC6, EXDMC8, EXDMC10, EXDMBJC6, EXDMBJC8, EXDMBJC10, EXDM, EXDMBJ}
Oscillator 1 XDM Results: {3.837525955, 3.18284615, 27.06268593, 16.88418269, 275.5171265, 125.3927637, 4.527707888, {{4.527707888, 4.443011547, 4.443011547, 4.527707888}, {4.443011547, 4.361294648, 4.361294648, 4.443011547}, {4.443011547, 4.361294648, 4.361294648, 4.443011547}, {4.527707888, 4.443011547, 4.443011547, 4.527707888}}, 7.161403837, 95.78979112, {{95.78979112, 94.29781753, 94.29781753, 95.78979112}, {94.29781753, 92.8578467, 92.8578467, 94.29781753}, {94.29781753, 92.8578467, 92.8578467, 94.29781753}, {95.78979112, 94.29781753, 94.29781753, 95.78979112}}, 113.9682331, 2246.005633, {{2246.005633, 2217.459377, 2217.459377, 2246.005633}, {2217.459377, 2189.932772, 2189.932772, 2217.459377}, {2217.459377, 2189.932772, 2189.932772, 2217.459377}, {2246.005633, 2217.459377, 2217.459377, 2246.005633}}, 1974.936028, -13391569.19, -28218220800., -66285576520000., -0.0004483137799, -0.0002437607898, -0.0001468509214, -66313808130000., -0.0008389254911}
Oscillator 2 XDM Results: {3.834317884, 3.18284615, 27.21260015, 16.88418269, 278.5430675, 125.3927637, 4.361294648, {{4.527707888, 4.443011547, 4.443011547, 4.527707888}, {4.443011547, 4.361294648, 4.361294648, 4.443011547}, {4.443011547, 4.361294648, 4.361294648, 4.443011547}, {4.527707888, 4.443011547, 4.443011547, 4.527707888}}, 7.161403837, 92.8578467, {{95.78979112, 94.29781753, 94.29781753, 95.78979112}, {94.29781753, 92.8578467, 92.8578467, 94.29781753}, {94.29781753, 92.8578467, 92.8578467, 94.29781753}, {95.78979112, 94.29781753, 94.29781753, 95.78979112}}, 113.9682331, 2189.932772, {{2246.005633, 2217.459377, 2217.459377, 2246.005633}, {2217.459377, 2189.932772, 2189.932772, 2217.459377}, {2217.459377, 2189.932772, 2189.932772, 2217.459377}, {2246.005633, 2217.459377, 2217.459377, 2246.005633}}, 1974.936028, -13391569.19, -28218220800., -66285576520000., -0.0004483137799, -0.0002437607898, -0.0001468509214, -66313808130000., -0.0008389254911}
Oscillator 3 XDM Results: {3.834317884, 3.18284615, 27.21260015, 16.88418269, 278.5430675, 125.3927637, 4.361294648, {{4.527707888, 4.443011547, 4.443011547, 4.527707888}, {4.443011547, 4.361294648, 4.361294648, 4.443011547}, {4.443011547, 4.361294648, 4.361294648, 4.443011547}, {4.527707888, 4.443011547, 4.443011547, 4.527707888}}, 7.161403837, 92.8578467, {{95.78979112, 94.29781753, 94.29781753, 95.78979112}, {94.29781753, 92.8578467, 92.8578467, 94.29781753}, {94.29781753, 92.8578467, 92.8578467, 94.29781753}, {95.78979112, 94.29781753, 94.29781753, 95.78979112}}, 113.9682331, 2189.932772, {{2246.005633, 2217.459377, 2217.459377, 2246.005633}, {2217.459377, 2189.932772, 2189.932772, 2217.459377}, {2217.459377, 2189.932772, 2189.932772, 2217.459377}, {2246.005633, 2217.459377, 2217.459377, 2246.005633}}, 1974.936028, -13391569.19, -28218220800., -66285576520000., -0.0004483137799, -0.0002437607898, -0.0001468509214, -66313808130000., -0.0008389254911}
Oscillator 4 XDM Results: {3.837525955, 3.18284615, 27.06268593, 16.88418269, 275.5171265, 125.3927637, 4.527707888, {{4.527707888, 4.443011547, 4.443011547, 4.527707888}, {4.443011547, 4.361294648, 4.361294648, 4.443011547}, {4.443011547, 4.361294648, 4.361294648, 4.443011547}, {4.527707888, 4.443011547, 4.443011547, 4.527707888}}, 7.161403837, 95.78979112, {{95.78979112, 94.29781753, 94.29781753, 95.78979112}, {94.29781753, 92.8578467, 92.8578467, 94.29781753}, {94.29781753, 92.8578467, 92.8578467, 94.29781753}, {95.78979112, 94.29781753, 94.29781753, 95.78979112}}, 113.9682331, 2246.005633, {{2246.005633, 2217.459377, 2217.459377, 2246.005633}, {2217.459377, 2189.932772, 2189.932772, 2217.459377}, {2217.459377, 2189.932772, 2189.932772, 2217.459377}, {2246.005633, 2217.459377, 2217.459377, 2246.005633}}, 1974.936028, -13391569.19, -28218220800., -66285576520000., -0.0004483137799, -0.0002437607898, -0.0001468509214, -66313808130000., -0.0008389254911}


    TS RESULTS: {C6TSii, C6TSij, C6TSf, ETS, ETSWY}
Oscillator 1 TS Results: {1.969188435, {{1.969188435, 1.898399085, 1.898399085, 1.969188435}, {1.898399085, 1.830154504, 1.830154504, 1.898399085}, {1.898399085, 1.830154504, 1.830154504, 1.898399085}, {1.969188435, 1.898399085, 1.898399085, 1.969188435}}, 7.161403837, -5688637.537, -0.02271153249}
Oscillator 2 TS Results: {1.830154504, {{1.969188435, 1.898399085, 1.898399085, 1.969188435}, {1.898399085, 1.830154504, 1.830154504, 1.898399085}, {1.898399085, 1.830154504, 1.830154504, 1.898399085}, {1.969188435, 1.898399085, 1.898399085, 1.969188435}}, 7.161403837, -5688637.537, -0.02271153249}
Oscillator 3 TS Results: {1.830154504, {{1.969188435, 1.898399085, 1.898399085, 1.969188435}, {1.898399085, 1.830154504, 1.830154504, 1.898399085}, {1.898399085, 1.830154504, 1.830154504, 1.898399085}, {1.969188435, 1.898399085, 1.898399085, 1.969188435}}, 7.161403837, -5688637.537, -0.02271153249}
Oscillator 4 TS Results: {1.969188435, {{1.969188435, 1.898399085, 1.898399085, 1.969188435}, {1.898399085, 1.830154504, 1.830154504, 1.898399085}, {1.898399085, 1.830154504, 1.830154504, 1.898399085}, {1.969188435, 1.898399085, 1.898399085, 1.969188435}}, 7.161403837, -5688637.537, -0.02271153249}


    MBD RESULTS: {MBD_alpha, MBD_C6, MBD_omega, MBD_Energy, MBDF1_alpha, MBDF1_C6, MBDF1_omega, MBDF1_Energy, MBDF2_alpha, MBDF2_C6, MBDF2_omega, MBDF2_Energy, MBDX1_alpha, MBDX1_C6, MBDX1_omega, MBDX1_Energy, MBDX2_alpha, MBDX2_C6, MBDX2_omega, MBDX2_Energy}
Oscillator 1 MBD Results: {47.87979607, 620.8938691, 0.3611199853, 0.08379095901 - 1.139518548 I, 159.2749164, 6308.82414, 0.3315830993, 0.04582525406 - 1.0664441 I, 159.2739222, 1521.842514, 0.07998694305, 0.01021265903 - 0.2551274118 I, 107.1739009, 2987.961162, 0.3468451358, 0.05922720568 - 1.108224277 I, 47.87979712, 1566.714286, 0.9112214557, 0.2215098931 - 2.899670875 I}
Oscillator 2 MBD Results: {-45.2818886, 549.4114075, 0.3572624278, 0.08379095901 - 1.139518548 I, -155.6616231, 5981.891683, 0.3291653952, 0.04582525406 - 1.0664441 I, -155.663884, 1422.770344, 0.07828847193, 0.01021265903 - 0.2551274118 I, -103.4227435, 2760.378145, 0.3440925014, 0.05922720568 - 1.108224277 I, -45.28188764, 1406.371005, 0.914512393, 0.2215098931 - 2.899670875 I}
Oscillator 3 MBD Results: {-45.28188559, 549.4113995, 0.3572624701, 0.08379095901 - 1.139518548 I, -155.6632423, 5981.901004, 0.3291590605, 0.04582525406 - 1.0664441 I, -155.6615771, 1422.772312, 0.07829090064, 0.01021265903 - 0.2551274118 I, -103.4226976, 2760.377752, 0.3440927581, 0.05922720568 - 1.108224277 I, -45.28188805, 1406.37099, 0.9145123668, 0.2215098931 - 2.899670875 I}
Oscillator 4 MBD Results: {47.87979493, 620.8938656, 0.3611200006, 0.08379095901 - 1.139518548 I, 159.2726215, 6308.777951, 0.3315902269, 0.04582525406 - 1.0664441 I, 159.2741795, 1521.838597, 0.0799864788, 0.01021265903 - 0.2551274118 I, 107.1739708, 2987.962166, 0.3468447996, 0.05922720568 - 1.108224277 I, 47.8797955, 1566.714203, 0.9112214694, 0.2215098931 - 2.899670875 I}


    MBDRSSCS RESULTS: {MBDrsSCS_alpha, MBDrsSCS_C6, MBDrsSCS_omega, MBDrsSCS_Energy, MBDF1rsSCS_alpha, MBDF1rsSCS_C6, MBDF1rsSCS_omega, MBDF1rsSCS_Energy, MBDF2rsSCS_alpha, MBDF2rsSCS_C6, MBDF2rsSCS_omega, MBDF2rsSCS_Energy, MBDX1rsSCS_alpha, MBDX1rsSCS_C6, MBDX1rsSCS_omega, MBDX1rsSCS_Energy, MBDX2rsSCS_alpha, MBDX2rsSCS_C6, MBDX2rsSCS_omega, MBDX2rsSCS_Energy}
Oscillator 1 MBDrsSCS Results: {10.39503278, 39.56848784, 0.4882434931, 9.546085089 + 0.000000000000003996802889 I, 7.757461099, 31.93159023, 0.7074896178, 11.46894038 - 0.000000000000002442490654 I, 7.757461099, 29.82200484, 0.6607487651, 11.58773133 - 0.000000000000001998401444 I, 11.53966774, 54.34798588, 0.5441712355, 11.35030149 + 0.000000000000002664535259 I, 10.39503278, 66.76269101, 0.8237982103, 15.92358369 + 0.0000000000000002220446049 I}
Oscillator 2 MBDrsSCS Results: {-8.894644561, 28.7604226, 0.4847042234, 9.546085089 + 0.000000000000003996802889 I, -5.399600448, 17.87116393, 0.8172752099, 11.46894038 - 0.000000000000002442490654 I, -5.399600448, 21.02488615, 0.9614996709, 11.58773133 - 0.000000000000001998401444 I, -9.515965141, 37.46310799, 0.5516160015, 11.35030149 + 0.000000000000002664535259 I, -8.894644561, 47.21087155, 0.7956527326, 15.92358369 + 0.0000000000000002220446049 I}
Oscillator 3 MBDrsSCS Results: {-8.894644562, 28.7604226, 0.4847042234, 9.546085089 + 0.000000000000003996802889 I, -5.399600449, 17.87116393, 0.8172752096, 11.46894038 - 0.000000000000002442490654 I, -5.399600449, 21.02488615, 0.9614996708, 11.58773133 - 0.000000000000001998401444 I, -9.51596514, 37.46310799, 0.5516160016, 11.35030149 + 0.000000000000002664535259 I, -8.894644562, 47.21087155, 0.7956527326, 15.92358369 + 0.0000000000000002220446049 I}
Oscillator 4 MBDrsSCS Results: {10.39503277, 39.56848784, 0.4882434932, 9.546085089 + 0.000000000000003996802889 I, 7.757461098, 31.93159022, 0.707489618, 11.46894038 - 0.000000000000002442490654 I, 7.757461099, 29.82200484, 0.660748765, 11.58773133 - 0.000000000000001998401444 I, 11.53966774, 54.34798588, 0.5441712354, 11.35030149 + 0.000000000000002664535259 I, 10.39503277, 66.76269101, 0.8237982104, 15.92358369 + 0.0000000000000002220446049 I}


         {R, Energy}
SUMMARY: {0.100001, 39.20798976}