Oscillators N=4 2022-12-24 w=0.471533 a=4.50000.nb ( N = 4, M = 4 )
~~~~~~~~~~~~~~~~~~~~~~~~~~~~~~~~~~~~~~
Run Commenced: Fri 30 Dec 2022 20:50:12
Run Completed: Fri 30 Dec 2022 23:18:03
Time Elapsed: 02:27:51

Oscillators Used: 4
Wavefunctions Used: 4
Internuclear Separation: 7.
omega: 0.472
nu : 0.235638

For display purposes, the threshold of Hamiltonian matrix elements has been set to: 10^-6.


    Hamiltonian Matrix A:    < psi_{i,A} | H_k | psi_{j,A} >
    H_1 = T_kin,    H_2 = V_pot,    H_3 = V_1-B,    H_4 = V_1-C,    H_5 = V_A-B,    H_6 = V_A-C 

HijkA: {{{0.35364975, 0.35364975, -0.1428571226, -0.07142853549, -0.04761904092, 0.1428571224, 0.07142856122, 0.04761904082}, {0., 0., -0.02102088447, -0.005255221202, -0.002335653871, 0., 0., 0.}, {0.2887538117, -0.2887538117, 0., 0., 0., 0., 0., 0.}, {0., 0., -0.005357481873, -0.0006696852398, -0.0001984252565, 0., 0., 0.}}, {{0., 0., -0.02102088447, -0.005255221202, -0.002335653871, 0., 0., 0.}, {0.58941625, 0.58941625, -0.1490434205, -0.07220185549, -0.04784816866, 0.1428571224, 0.07142856122, 0.04761904082}, {0., 0., 0.01716348017, 0.004290870136, 0.001907053394, 0., 0., 0.}, {0., 0., -0.0266378261, -0.006216019145, -0.00272617831, 0., 0., 0.}}, {{0.2887538117, -0.2887538117, 0., 0., 0., 0., 0., 0.}, {0., 0., 0.01716348017, 0.004290870136, 0.001907053394, 0., 0., 0.}, {0.82518275, 0.82518275, -0.1428571236, -0.07142856268, -0.04761904221, 0.1428571224, 0.07142856122, 0.04761904082}, {0., 0., 0.00874873046, 0.001093591413, 0.000324027086, 0., 0., 0.}}, {{0., 0., -0.005357481873, -0.0006696852398, -0.0001984252565, 0., 0., 0.}, {0., 0., -0.0266378261, -0.006216019145, -0.00272617831, 0., 0., 0.}, {0., 0., 0.00874873046, 0.001093591413, 0.000324027086, 0., 0., 0.}, {0.82518275, 0.82518275, -0.1502489183, -0.07223952297, -0.0478531243, 0.1428571224, 0.07142856122, 0.04761904082}}}
0.35365        0.             0.288754       0.
0.35365        0.             -0.288754      0.
-0.142857      -0.0210209     0.             -0.00535748
-0.0714285     -0.00525522    0.             -0.000669685
-0.047619      -0.00233565    0.             -0.000198425
0.142857       0.             0.             0.
0.0714286      0.             0.             0.
0.047619       0.             0.             0.

0.             0.589416       0.             0.
0.             0.589416       0.             0.
-0.0210209     -0.149043      0.0171635      -0.0266378
-0.00525522    -0.0722019     0.00429087     -0.00621602
-0.00233565    -0.0478482     0.00190705     -0.00272618
0.             0.142857       0.             0.
0.             0.0714286      0.             0.
0.             0.047619       0.             0.

0.288754       0.             0.825183       0.
-0.288754      0.             0.825183       0.
0.             0.0171635      -0.142857      0.00874873
0.             0.00429087     -0.0714286     0.00109359
0.             0.00190705     -0.047619      0.000324027
0.             0.             0.142857       0.
0.             0.             0.0714286      0.
0.             0.             0.047619       0.

0.             0.             0.             0.825183
0.             0.             0.             0.825183
-0.00535748    -0.0266378     0.00874873     -0.150249
-0.000669685   -0.00621602    0.00109359     -0.0722395
-0.000198425   -0.00272618    0.000324027    -0.0478531
0.             0.             0.             0.142857
0.             0.             0.             0.0714286
0.             0.             0.             0.047619


    Hamiltonian Matrix B:    < psi_{i,B} | H_k | psi_{j,B} >
    H_1 = T_kin,    H_2 = V_pot,    H_3 = V_2-A,    H_4 = V_2-C,    H_5 = V_B-A,    H_6 = V_B-C 

HijkB: {{{0.35364975, 0.35364975, -0.1428571226, -0.1428571226, -0.07142853549, 0.1428571224, 0.1428571224, 0.07142856122}, {0., 0., -0.02102088447, 0.02102088447, 0.005255221202, 0., 0., 0.}, {0.2887538117, -0.2887538117, 0., 0., 0., 0., 0., 0.}, {0., 0., -0.005357481873, -0.005357481873, -0.0006696852398, 0., 0., 0.}}, {{0., 0., -0.02102088447, 0.02102088447, 0.005255221202, 0., 0., 0.}, {0.58941625, 0.58941625, -0.1490434205, -0.1490434205, -0.07220185549, 0.1428571224, 0.1428571224, 0.07142856122}, {0., 0., 0.01716348017, -0.01716348017, -0.004290870136, 0., 0., 0.}, {0., 0., -0.0266378261, 0.0266378261, 0.006216019145, 0., 0., 0.}}, {{0.2887538117, -0.2887538117, 0., 0., 0., 0., 0., 0.}, {0., 0., 0.01716348017, -0.01716348017, -0.004290870136, 0., 0., 0.}, {0.82518275, 0.82518275, -0.1428571236, -0.1428571236, -0.07142856268, 0.1428571224, 0.1428571224, 0.07142856122}, {0., 0., 0.00874873046, 0.00874873046, 0.001093591413, 0., 0., 0.}}, {{0., 0., -0.005357481873, -0.005357481873, -0.0006696852398, 0., 0., 0.}, {0., 0., -0.0266378261, 0.0266378261, 0.006216019145, 0., 0., 0.}, {0., 0., 0.00874873046, 0.00874873046, 0.001093591413, 0., 0., 0.}, {0.82518275, 0.82518275, -0.1502489183, -0.1502489183, -0.07223952297, 0.1428571224, 0.1428571224, 0.07142856122}}}
0.35365        0.             0.288754       0.
0.35365        0.             -0.288754      0.
-0.142857      -0.0210209     0.             -0.00535748
-0.142857      0.0210209      0.             -0.00535748
-0.0714285     0.00525522     0.             -0.000669685
0.142857       0.             0.             0.
0.142857       0.             0.             0.
0.0714286      0.             0.             0.

0.             0.589416       0.             0.
0.             0.589416       0.             0.
-0.0210209     -0.149043      0.0171635      -0.0266378
0.0210209      -0.149043      -0.0171635     0.0266378
0.00525522     -0.0722019     -0.00429087    0.00621602
0.             0.142857       0.             0.
0.             0.142857       0.             0.
0.             0.0714286      0.             0.

0.288754       0.             0.825183       0.
-0.288754      0.             0.825183       0.
0.             0.0171635      -0.142857      0.00874873
0.             -0.0171635     -0.142857      0.00874873
0.             -0.00429087    -0.0714286     0.00109359
0.             0.             0.142857       0.
0.             0.             0.142857       0.
0.             0.             0.0714286      0.

0.             0.             0.             0.825183
0.             0.             0.             0.825183
-0.00535748    -0.0266378     0.00874873     -0.150249
-0.00535748    0.0266378      0.00874873     -0.150249
-0.000669685   0.00621602     0.00109359     -0.0722395
0.             0.             0.             0.142857
0.             0.             0.             0.142857
0.             0.             0.             0.0714286


    Hamiltonian Matrix C:    < psi_{i,C} | H_k | psi_{j,C} >
    H_1 = T_kin,    H_2 = V_pot,    H_3 = V_3-A,    H_4 = V_3-B,    H_5 = V_C-A,    H_6 = V_C-B 

HijkC: {{{0.35364975, 0.35364975, -0.07142853549, -0.1428571226, -0.1428571226, 0.07142856122, 0.1428571224, 0.1428571224}, {0., 0., 0.005255221202, 0.02102088447, -0.02102088447, 0., 0., 0.}, {0.2887538117, -0.2887538117, 0., 0., 0., 0., 0., 0.}, {0., 0., -0.0006696852398, -0.005357481873, -0.005357481873, 0., 0., 0.}}, {{0., 0., 0.005255221202, 0.02102088447, -0.02102088447, 0., 0., 0.}, {0.58941625, 0.58941625, -0.07220185549, -0.1490434205, -0.1490434205, 0.07142856122, 0.1428571224, 0.1428571224}, {0., 0., -0.004290870136, -0.01716348017, 0.01716348017, 0., 0., 0.}, {0., 0., 0.006216019145, 0.0266378261, -0.0266378261, 0., 0., 0.}}, {{0.2887538117, -0.2887538117, 0., 0., 0., 0., 0., 0.}, {0., 0., -0.004290870136, -0.01716348017, 0.01716348017, 0., 0., 0.}, {0.82518275, 0.82518275, -0.07142856268, -0.1428571236, -0.1428571236, 0.07142856122, 0.1428571224, 0.1428571224}, {0., 0., 0.001093591413, 0.00874873046, 0.00874873046, 0., 0., 0.}}, {{0., 0., -0.0006696852398, -0.005357481873, -0.005357481873, 0., 0., 0.}, {0., 0., 0.006216019145, 0.0266378261, -0.0266378261, 0., 0., 0.}, {0., 0., 0.001093591413, 0.00874873046, 0.00874873046, 0., 0., 0.}, {0.82518275, 0.82518275, -0.07223952297, -0.1502489183, -0.1502489183, 0.07142856122, 0.1428571224, 0.1428571224}}}
0.35365        0.             0.288754       0.
0.35365        0.             -0.288754      0.
-0.0714285     0.00525522     0.             -0.000669685
-0.142857      0.0210209      0.             -0.00535748
-0.142857      -0.0210209     0.             -0.00535748
0.0714286      0.             0.             0.
0.142857       0.             0.             0.
0.142857       0.             0.             0.

0.             0.589416       0.             0.
0.             0.589416       0.             0.
0.00525522     -0.0722019     -0.00429087    0.00621602
0.0210209      -0.149043      -0.0171635     0.0266378
-0.0210209     -0.149043      0.0171635      -0.0266378
0.             0.0714286      0.             0.
0.             0.142857       0.             0.
0.             0.142857       0.             0.

0.288754       0.             0.825183       0.
-0.288754      0.             0.825183       0.
0.             -0.00429087    -0.0714286     0.00109359
0.             -0.0171635     -0.142857      0.00874873
0.             0.0171635      -0.142857      0.00874873
0.             0.             0.0714286      0.
0.             0.             0.142857       0.
0.             0.             0.142857       0.

0.             0.             0.             0.825183
0.             0.             0.             0.825183
-0.000669685   0.00621602     0.00109359     -0.0722395
-0.00535748    0.0266378      0.00874873     -0.150249
-0.00535748    -0.0266378     0.00874873     -0.150249
0.             0.             0.             0.0714286
0.             0.             0.             0.142857
0.             0.             0.             0.142857


    Hamiltonian Matrix AB:    < psi_{i1,A} <psi_{i2,B} | V_e-e | psi_{i3,A} <psi_{i4,B} >

HijkAB: {{{{0.142857594, 0.02102018442, 0.0000007144154633, 0.005355987831}, {0.02102018442, 0.006183963498, 0.000003128627401, 0.002359949152}, {0.0000007097047027, 0.000003128627401, -0.000003325286676, 0.000006568160753}, {0.005355987831, 0.002359949152, 0.000006568160753, 0.001194617874}}, {{0.02102018442, 0.1490412459, -0.01716077154, 0.02663152962}, {0.006183963498, 0.0237428473, -0.005038183615, 0.008514168965}, {0.000003128627401, 0.00001235702566, -0.00001462837586, 0.00002386674137}, {0.002359949152, 0.006731499343, -0.001906267975, 0.003573272903}}, {{0.0000007144154633, -0.01716077154, 0.1428533398, -0.008740137971}, {0.000003128627401, -0.005038183615, 0.02100510653, -0.003832035857}, {-0.000003325286676, -0.00001462837586, 0.00001854922602, -0.00003327853877}, {0.000006568160753, -0.001906267975, 0.005321635292, -0.001909552298}}, {{0.005355987831, 0.02663152962, -0.008740137971, 0.1502369764}, {0.002359949152, 0.008514168965, -0.003832035857, 0.02459232272}, {0.000006568160753, 0.00002386674137, -0.00003327853877, 0.00005309765966}, {0.001194617874, 0.003573272903, -0.001909552298, 0.00733783814}}}, {{{0.02102018442, 0.006183963498, 0.000003128627401, 0.002359949152}, {0.1490412459, 0.0237428473, 0.00001235702566, 0.006730454322}, {-0.01716077154, -0.005038374924, -0.00001462837586, -0.001906267975}, {0.02663152962, 0.008514168965, 0.00002386674137, 0.003573272903}}, {{0.006183963498, 0.0237428473, -0.005038183959, 0.008514168965}, {0.0237428473, 0.1568051069, -0.01934634725, 0.03073793067}, {-0.005038372366, -0.01934634725, 0.004025910466, -0.006812246692}, {0.008514168965, 0.03073793067, -0.006812246692, 0.01209238674}}, {{0.000003128627401, -0.005038183615, 0.02100510653, -0.003832035857}, {0.00001235702566, -0.01934634725, 0.1489780857, -0.01092117273}, {-0.00001462837586, 0.004025910466, -0.01708633888, 0.003030754428}, {0.00002386674137, -0.006812246692, 0.0265126406, -0.005707357384}}, {{0.002359949152, 0.008514168965, -0.003832035857, 0.02459232272}, {0.006730448237, 0.03073793067, -0.01092117273, 0.15867699}, {-0.001906267975, -0.006812246692, 0.003030754428, -0.01992508735}, {0.003573272903, 0.01209238674, -0.005707357384, 0.03222032281}}}, {{{0.0000007097047027, 0.000003128627401, -0.000003325286676, 0.000006568160753}, {-0.01716077154, -0.005038374924, -0.00001462837586, -0.001906267975}, {0.1428533854, 0.02100510653, 0.00001845852787, 0.005321635292}, {-0.008740137971, -0.003832035857, -0.00003327853877, -0.001909509135}}, {{0.000003128627401, 0.00001235702566, -0.00001462837586, 0.00002386674137}, {-0.005038374924, -0.01934634725, 0.004025910466, -0.006812246692}, {0.02100510653, 0.1489780857, -0.01708633888, 0.0265126406}, {-0.003832035857, -0.01092117273, 0.003030754428, -0.005707357384}}, {{-0.000003325286676, -0.00001462837586, 0.00001854922602, -0.00003327853877}, {-0.00001462837586, 0.004025910466, -0.01708633888, 0.003030754428}, {0.00001845852787, -0.01708633888, 0.1427630055, -0.008595655256}, {-0.00003327853877, 0.003030754428, -0.008595655256, 0.002963979716}}, {{0.000006568160753, 0.00002386674137, -0.00003327853877, 0.00005309765966}, {-0.001906267975, -0.006812246692, 0.003030754428, -0.01992508735}, {0.005321635292, 0.0265126406, -0.008595655256, 0.1500022177}, {-0.001909509135, -0.005707357384, 0.002963979716, -0.01171610166}}}, {{{0.005355987831, 0.002359949152, 0.000006568160753, 0.001194617874}, {0.02663152962, 0.008514168965, 0.00002386674137, 0.003573272903}, {-0.008740137971, -0.003832035857, -0.00003327853877, -0.001909509135}, {0.1502369764, 0.02459232272, 0.00005309765966, 0.00733783814}}, {{0.002359949152, 0.006731499343, -0.001906267975, 0.003573272903}, {0.008514168965, 0.03073793067, -0.006812246692, 0.01209238674}, {-0.003832035857, -0.01092117273, 0.003030754428, -0.005707357384}, {0.02459232272, 0.15867699, -0.01992508735, 0.03222032281}}, {{0.000006568160753, -0.001906267975, 0.005321635292, -0.001909552298}, {0.00002386674137, -0.006812246692, 0.0265126406, -0.005707357384}, {-0.00003327853877, 0.003030754428, -0.008595655256, 0.002963979716}, {0.00005309765966, -0.01992508735, 0.1500022177, -0.01171610166}}, {{0.001194617874, 0.003573272903, -0.001909552298, 0.00733783814}, {0.003573272903, 0.01209238674, -0.005707357384, 0.03222032281}, {-0.001909509135, -0.005707357384, 0.002963979716, -0.01171610166}, {0.00733783814, 0.03222032281, -0.01171610166, 0.1608687666}}}}
0.142858      0.0210202     0.            0.00535599      0.0210202     0.149041      -0.0171608    0.0266315       0.            -0.0171608    0.142853      -0.00874014     0.00535599    0.0266315     -0.00874014   0.150237
0.0210202     0.00618396    0.            0.00235995      0.00618396    0.0237428     -0.00503818   0.00851417      0.            -0.00503818   0.0210051     -0.00383204     0.00235995    0.00851417    -0.00383204   0.0245923
0.            0.            0.            0.              0.            0.000012357   -0.0000146284 0.0000238667    0.            -0.0000146284 0.0000185492  -0.0000332785   0.            0.0000238667  -0.0000332785 0.0000530977
0.00535599    0.00235995    0.            0.00119462      0.00235995    0.0067315     -0.00190627   0.00357327      0.            -0.00190627   0.00532164    -0.00190955     0.00119462    0.00357327    -0.00190955   0.00733784

0.0210202     0.00618396    0.            0.00235995      0.00618396    0.0237428     -0.00503818   0.00851417      0.            -0.00503818   0.0210051     -0.00383204     0.00235995    0.00851417    -0.00383204   0.0245923
0.149041      0.0237428     0.000012357   0.00673045      0.0237428     0.156805      -0.0193463    0.0307379       0.000012357   -0.0193463    0.148978      -0.0109212      0.00673045    0.0307379     -0.0109212    0.158677
-0.0171608    -0.00503837   -0.0000146284 -0.00190627     -0.00503837   -0.0193463    0.00402591    -0.00681225     -0.0000146284 0.00402591    -0.0170863    0.00303075      -0.00190627   -0.00681225   0.00303075    -0.0199251
0.0266315     0.00851417    0.0000238667  0.00357327      0.00851417    0.0307379     -0.00681225   0.0120924       0.0000238667  -0.00681225   0.0265126     -0.00570736     0.00357327    0.0120924     -0.00570736   0.0322203

0.            0.            0.            0.              0.            0.000012357   -0.0000146284 0.0000238667    0.            -0.0000146284 0.0000185492  -0.0000332785   0.            0.0000238667  -0.0000332785 0.0000530977
-0.0171608    -0.00503837   -0.0000146284 -0.00190627     -0.00503837   -0.0193463    0.00402591    -0.00681225     -0.0000146284 0.00402591    -0.0170863    0.00303075      -0.00190627   -0.00681225   0.00303075    -0.0199251
0.142853      0.0210051     0.0000184585  0.00532164      0.0210051     0.148978      -0.0170863    0.0265126       0.0000184585  -0.0170863    0.142763      -0.00859566     0.00532164    0.0265126     -0.00859566   0.150002
-0.00874014   -0.00383204   -0.0000332785 -0.00190951     -0.00383204   -0.0109212    0.00303075    -0.00570736     -0.0000332785 0.00303075    -0.00859566   0.00296398      -0.00190951   -0.00570736   0.00296398    -0.0117161

0.00535599    0.00235995    0.            0.00119462      0.00235995    0.0067315     -0.00190627   0.00357327      0.            -0.00190627   0.00532164    -0.00190955     0.00119462    0.00357327    -0.00190955   0.00733784
0.0266315     0.00851417    0.0000238667  0.00357327      0.00851417    0.0307379     -0.00681225   0.0120924       0.0000238667  -0.00681225   0.0265126     -0.00570736     0.00357327    0.0120924     -0.00570736   0.0322203
-0.00874014   -0.00383204   -0.0000332785 -0.00190951     -0.00383204   -0.0109212    0.00303075    -0.00570736     -0.0000332785 0.00303075    -0.00859566   0.00296398      -0.00190951   -0.00570736   0.00296398    -0.0117161
0.150237      0.0245923     0.0000530977  0.00733784      0.0245923     0.158677      -0.0199251    0.0322203       0.0000530977  -0.0199251    0.150002      -0.0117161      0.00733784    0.0322203     -0.0117161    0.160869


    Hamiltonian Matrix AC:    < psi_{i1,A} <psi_{i2,C} | V_e-e | psi_{i3,A} <psi_{i4,C} >

HijkAC: {{{{0.07142861379, -0.005255200314, 0.00000005167237915, 0.0006696844603}, {0.005255200314, -0.000773224532, 0.00000001092489921, 0.0001478775157}, {0.00000005167539032, -0.00000001092489921, 0.00000001361716746, 0.}, {0.0006696844603, -0.0001478775157, 0., 0.00003772352196}}, {{-0.005255200314, 0.07220246827, 0.004290838436, -0.00621601026}, {-0.000773224532, 0.005425522674, 0.0006313981161, -0.0009363968801}, {-0.00000001092489921, 0.0000001258120303, -0.00000003948766636, -0.00000003981051336}, {-0.0001478775157, 0.0007132547403, 0.0001206669441, -0.0001845388949}}, {{0.00000005167237915, 0.004290838436, 0.07142861811, -0.001093600327}, {0.00000001092489921, 0.0006313981161, 0.005255312125, -0.0002414074811}, {0.00000001361716746, -0.00000003948766642, 0.00000006844587009, 0.00000003910876708}, {0., 0.0001206669441, 0.0006690309543, -0.00006147160047}}, {{0.0006696844603, -0.00621601026, -0.001093600327, 0.07224000746}, {0.0001478775157, -0.0009363968801, -0.0002414074811, 0.005439850997}, {0., -0.00000003981051336, 0.00000003910876708, 0.00000005546192635}, {0.00003772352196, -0.0001845388949, -0.00006147160047, 0.0007185898793}}}, {{{0.005255200314, -0.000773224532, 0.00000001092489921, 0.0001478775157}, {0.07220246827, -0.005425522674, 0.0000001258120303, 0.00071325336}, {-0.004290838436, 0.0006313980931, 0.0000000394876664, -0.0001206669441}, {0.00621601026, -0.0009363968801, 0.00000003981051337, 0.0001845388949}}, {{-0.000773224532, 0.005425522674, 0.0006313981161, -0.0009363968801}, {-0.005425522674, 0.0730247896, 0.004430154699, -0.006428703009}, {0.0006313980926, -0.004430154699, -0.000515535144, 0.0007645748996}, {-0.0009363968801, 0.006428703009, 0.0007645748996, -0.001137515694}}, {{0.00000001092489921, 0.0006313981161, 0.005255312125, -0.0002414074811}, {0.0000001258120303, 0.004430154699, 0.07220243948, -0.001165165005}, {0.0000000394876664, -0.000515535144, -0.004290854153, 0.0001970736982}, {0.00000003981051337, 0.0007645748996, 0.00621584356, -0.0003013192484}}, {{0.0001478775157, -0.0009363968801, -0.0002414074811, 0.005439850997}, {0.000713254678, -0.006428703009, -0.001165165005, 0.07307103472}, {-0.0001206669441, 0.0007645748996, 0.0001970736982, -0.004441642514}, {0.0001845388949, -0.001137515694, -0.0003013192484, 0.006447000853}}}, {{{0.00000005167539032, -0.00000001092489921, 0.00000001361716746, 0.}, {-0.004290838436, 0.0006313980931, 0.00000003948766636, -0.0001206669441}, {0.07142861811, -0.005255312125, 0.00000006800609919, 0.0006690309543}, {-0.001093600327, 0.0002414074811, 0.00000003910876707, -0.00006147171162}}, {{-0.00000001092489921, 0.0000001258120303, -0.00000003948766636, -0.00000003981051336}, {0.0006313980931, -0.004430154699, -0.000515535144, 0.0007645748996}, {-0.005255312125, 0.07220243948, 0.004290854153, -0.00621584356}, {0.0002414074811, -0.001165165005, -0.0001970736982, 0.0003013192484}}, {{0.00000001361716746, -0.00000003948766642, 0.00000006844587009, 0.00000003910876708}, {0.00000003948766636, -0.000515535144, -0.004290854153, 0.0001970736982}, {0.00000006800609919, 0.004290854153, 0.07142873838, -0.001093691098}, {0.00000003910876707, -0.0001970736982, -0.001093691098, 0.0001003953061}}, {{0., -0.00000003981051336, 0.00000003910876708, 0.00000005546192635}, {-0.0001206669441, 0.0007645748996, 0.0001970736982, -0.004441642514}, {0.0006690309543, -0.00621584356, -0.001093691098, 0.07224013695}, {-0.00006147171418, 0.0003013192484, 0.0001003953061, -0.001173569617}}}, {{{0.0006696844603, -0.0001478775157, 0., 0.00003772352196}, {0.00621601026, -0.0009363968801, 0.00000003981051337, 0.0001845388949}, {-0.001093600327, 0.0002414074811, 0.00000003910876707, -0.00006147171162}, {0.07224000746, -0.005439850997, 0.00000005546192636, 0.0007185898793}}, {{-0.0001478775157, 0.0007135424383, 0.0001206669441, -0.0001845388949}, {-0.0009363968801, 0.006428703009, 0.0007645748996, -0.001137515694}, {0.0002414074811, -0.001165165005, -0.0001970736982, 0.0003013192484}, {-0.005439850997, 0.07307103472, 0.004441642514, -0.006447000853}}, {{0., 0.0001206669441, 0.0006690309543, -0.0000614715999}, {0.00000003981051337, 0.0007645748996, 0.00621584356, -0.0003013192484}, {0.00000003910876707, -0.0001970736982, -0.001093691098, 0.0001003953061}, {0.00000005546192636, 0.004441642514, 0.07224013695, -0.001173569617}}, {{0.00003772352196, -0.0001845388949, -0.0000614715999, 0.0007185898793}, {0.0001845388949, -0.001137515694, -0.0003013192484, 0.006447000853}, {-0.00006147171418, 0.0003013192484, 0.0001003953061, -0.001173569617}, {0.0007185898793, -0.006447000853, -0.001173569617, 0.07311709561}}}}
0.0714286     -0.0052552    0.            0.000669684     -0.0052552    0.0722025     0.00429084    -0.00621601     0.            0.00429084    0.0714286     -0.0010936      0.000669684   -0.00621601   -0.0010936    0.07224
0.0052552     -0.000773225  0.            0.000147878     -0.000773225  0.00542552    0.000631398   -0.000936397    0.            0.000631398   0.00525531    -0.000241407    0.000147878   -0.000936397  -0.000241407  0.00543985
0.            0.            0.            0.              0.            0.            0.            0.              0.            0.            0.            0.              0.            0.            0.            0.
0.000669684   -0.000147878  0.            0.0000377235    -0.000147878  0.000713255   0.000120667   -0.000184539    0.            0.000120667   0.000669031   -0.0000614716   0.0000377235  -0.000184539  -0.0000614716 0.00071859

0.0052552     -0.000773225  0.            0.000147878     -0.000773225  0.00542552    0.000631398   -0.000936397    0.            0.000631398   0.00525531    -0.000241407    0.000147878   -0.000936397  -0.000241407  0.00543985
0.0722025     -0.00542552   0.            0.000713253     -0.00542552   0.0730248     0.00443015    -0.0064287      0.            0.00443015    0.0722024     -0.00116517     0.000713255   -0.0064287    -0.00116517   0.073071
-0.00429084   0.000631398   0.            -0.000120667    0.000631398   -0.00443015   -0.000515535  0.000764575     0.            -0.000515535  -0.00429085   0.000197074     -0.000120667  0.000764575   0.000197074   -0.00444164
0.00621601    -0.000936397  0.            0.000184539     -0.000936397  0.0064287     0.000764575   -0.00113752     0.            0.000764575   0.00621584    -0.000301319    0.000184539   -0.00113752   -0.000301319  0.006447

0.            0.            0.            0.              0.            0.            0.            0.              0.            0.            0.            0.              0.            0.            0.            0.
-0.00429084   0.000631398   0.            -0.000120667    0.000631398   -0.00443015   -0.000515535  0.000764575     0.            -0.000515535  -0.00429085   0.000197074     -0.000120667  0.000764575   0.000197074   -0.00444164
0.0714286     -0.00525531   0.            0.000669031     -0.00525531   0.0722024     0.00429085    -0.00621584     0.            0.00429085    0.0714287     -0.00109369     0.000669031   -0.00621584   -0.00109369   0.0722401
-0.0010936    0.000241407   0.            -0.0000614717   0.000241407   -0.00116517   -0.000197074  0.000301319     0.            -0.000197074  -0.00109369   0.000100395     -0.0000614717 0.000301319   0.000100395   -0.00117357

0.000669684   -0.000147878  0.            0.0000377235    -0.000147878  0.000713542   0.000120667   -0.000184539    0.            0.000120667   0.000669031   -0.0000614716   0.0000377235  -0.000184539  -0.0000614716 0.00071859
0.00621601    -0.000936397  0.            0.000184539     -0.000936397  0.0064287     0.000764575   -0.00113752     0.            0.000764575   0.00621584    -0.000301319    0.000184539   -0.00113752   -0.000301319  0.006447
-0.0010936    0.000241407   0.            -0.0000614717   0.000241407   -0.00116517   -0.000197074  0.000301319     0.            -0.000197074  -0.00109369   0.000100395     -0.0000614717 0.000301319   0.000100395   -0.00117357
0.07224       -0.00543985   0.            0.00071859      -0.00543985   0.073071      0.00444164    -0.006447       0.            0.00444164    0.0722401     -0.00117357     0.00071859    -0.006447     -0.00117357   0.0731171


    Hamiltonian Matrix BA:    < psi_{i1,B} <psi_{i2,A} | V_e-e | psi_{i3,B} <psi_{i4,A} >

HijkBA: {{{{0.142857594, 0.02102018442, 0.0000007144154633, 0.005355987831}, {0.02102018442, 0.006183963498, 0.000003128627401, 0.002359949152}, {0.0000007097047027, 0.000003128627401, -0.000003325286676, 0.000006568160753}, {0.005355987831, 0.002359949152, 0.000006568160753, 0.001194617874}}, {{0.02102018442, 0.1490412459, -0.01716077154, 0.02663152962}, {0.006183963498, 0.0237428473, -0.005038183615, 0.008514168965}, {0.000003128627401, 0.00001235702566, -0.00001462837586, 0.00002386674137}, {0.002359949152, 0.006731499343, -0.001906267975, 0.003573272903}}, {{0.0000007144154633, -0.01716077154, 0.1428533398, -0.008740137971}, {0.000003128627401, -0.005038183615, 0.02100510653, -0.003832035857}, {-0.000003325286676, -0.00001462837586, 0.00001854922602, -0.00003327853877}, {0.000006568160753, -0.001906267975, 0.005321635292, -0.001909552298}}, {{0.005355987831, 0.02663152962, -0.008740137971, 0.1502369764}, {0.002359949152, 0.008514168965, -0.003832035857, 0.02459232272}, {0.000006568160753, 0.00002386674137, -0.00003327853877, 0.00005309765966}, {0.001194617874, 0.003573272903, -0.001909552298, 0.00733783814}}}, {{{0.02102018442, 0.006183963498, 0.000003128627401, 0.002359949152}, {0.1490412459, 0.0237428473, 0.00001235702566, 0.006730454322}, {-0.01716077154, -0.005038374924, -0.00001462837586, -0.001906267975}, {0.02663152962, 0.008514168965, 0.00002386674137, 0.003573272903}}, {{0.006183963498, 0.0237428473, -0.005038183959, 0.008514168965}, {0.0237428473, 0.1568051069, -0.01934634725, 0.03073793067}, {-0.005038372366, -0.01934634725, 0.004025910466, -0.006812246692}, {0.008514168965, 0.03073793067, -0.006812246692, 0.01209238674}}, {{0.000003128627401, -0.005038183615, 0.02100510653, -0.003832035857}, {0.00001235702566, -0.01934634725, 0.1489780857, -0.01092117273}, {-0.00001462837586, 0.004025910466, -0.01708633888, 0.003030754428}, {0.00002386674137, -0.006812246692, 0.0265126406, -0.005707357384}}, {{0.002359949152, 0.008514168965, -0.003832035857, 0.02459232272}, {0.006730448237, 0.03073793067, -0.01092117273, 0.15867699}, {-0.001906267975, -0.006812246692, 0.003030754428, -0.01992508735}, {0.003573272903, 0.01209238674, -0.005707357384, 0.03222032281}}}, {{{0.0000007097047027, 0.000003128627401, -0.000003325286676, 0.000006568160753}, {-0.01716077154, -0.005038374924, -0.00001462837586, -0.001906267975}, {0.1428533854, 0.02100510653, 0.00001845852787, 0.005321635292}, {-0.008740137971, -0.003832035857, -0.00003327853877, -0.001909509135}}, {{0.000003128627401, 0.00001235702566, -0.00001462837586, 0.00002386674137}, {-0.005038374924, -0.01934634725, 0.004025910466, -0.006812246692}, {0.02100510653, 0.1489780857, -0.01708633888, 0.0265126406}, {-0.003832035857, -0.01092117273, 0.003030754428, -0.005707357384}}, {{-0.000003325286676, -0.00001462837586, 0.00001854922602, -0.00003327853877}, {-0.00001462837586, 0.004025910466, -0.01708633888, 0.003030754428}, {0.00001845852787, -0.01708633888, 0.1427630055, -0.008595655256}, {-0.00003327853877, 0.003030754428, -0.008595655256, 0.002963979716}}, {{0.000006568160753, 0.00002386674137, -0.00003327853877, 0.00005309765966}, {-0.001906267975, -0.006812246692, 0.003030754428, -0.01992508735}, {0.005321635292, 0.0265126406, -0.008595655256, 0.1500022177}, {-0.001909509135, -0.005707357384, 0.002963979716, -0.01171610166}}}, {{{0.005355987831, 0.002359949152, 0.000006568160753, 0.001194617874}, {0.02663152962, 0.008514168965, 0.00002386674137, 0.003573272903}, {-0.008740137971, -0.003832035857, -0.00003327853877, -0.001909509135}, {0.1502369764, 0.02459232272, 0.00005309765966, 0.00733783814}}, {{0.002359949152, 0.006731499343, -0.001906267975, 0.003573272903}, {0.008514168965, 0.03073793067, -0.006812246692, 0.01209238674}, {-0.003832035857, -0.01092117273, 0.003030754428, -0.005707357384}, {0.02459232272, 0.15867699, -0.01992508735, 0.03222032281}}, {{0.000006568160753, -0.001906267975, 0.005321635292, -0.001909552298}, {0.00002386674137, -0.006812246692, 0.0265126406, -0.005707357384}, {-0.00003327853877, 0.003030754428, -0.008595655256, 0.002963979716}, {0.00005309765966, -0.01992508735, 0.1500022177, -0.01171610166}}, {{0.001194617874, 0.003573272903, -0.001909552298, 0.00733783814}, {0.003573272903, 0.01209238674, -0.005707357384, 0.03222032281}, {-0.001909509135, -0.005707357384, 0.002963979716, -0.01171610166}, {0.00733783814, 0.03222032281, -0.01171610166, 0.1608687666}}}}
0.142858      0.0210202     0.            0.00535599      0.0210202     0.149041      -0.0171608    0.0266315       0.            -0.0171608    0.142853      -0.00874014     0.00535599    0.0266315     -0.00874014   0.150237
0.0210202     0.00618396    0.            0.00235995      0.00618396    0.0237428     -0.00503818   0.00851417      0.            -0.00503818   0.0210051     -0.00383204     0.00235995    0.00851417    -0.00383204   0.0245923
0.            0.            0.            0.              0.            0.000012357   -0.0000146284 0.0000238667    0.            -0.0000146284 0.0000185492  -0.0000332785   0.            0.0000238667  -0.0000332785 0.0000530977
0.00535599    0.00235995    0.            0.00119462      0.00235995    0.0067315     -0.00190627   0.00357327      0.            -0.00190627   0.00532164    -0.00190955     0.00119462    0.00357327    -0.00190955   0.00733784

0.0210202     0.00618396    0.            0.00235995      0.00618396    0.0237428     -0.00503818   0.00851417      0.            -0.00503818   0.0210051     -0.00383204     0.00235995    0.00851417    -0.00383204   0.0245923
0.149041      0.0237428     0.000012357   0.00673045      0.0237428     0.156805      -0.0193463    0.0307379       0.000012357   -0.0193463    0.148978      -0.0109212      0.00673045    0.0307379     -0.0109212    0.158677
-0.0171608    -0.00503837   -0.0000146284 -0.00190627     -0.00503837   -0.0193463    0.00402591    -0.00681225     -0.0000146284 0.00402591    -0.0170863    0.00303075      -0.00190627   -0.00681225   0.00303075    -0.0199251
0.0266315     0.00851417    0.0000238667  0.00357327      0.00851417    0.0307379     -0.00681225   0.0120924       0.0000238667  -0.00681225   0.0265126     -0.00570736     0.00357327    0.0120924     -0.00570736   0.0322203

0.            0.            0.            0.              0.            0.000012357   -0.0000146284 0.0000238667    0.            -0.0000146284 0.0000185492  -0.0000332785   0.            0.0000238667  -0.0000332785 0.0000530977
-0.0171608    -0.00503837   -0.0000146284 -0.00190627     -0.00503837   -0.0193463    0.00402591    -0.00681225     -0.0000146284 0.00402591    -0.0170863    0.00303075      -0.00190627   -0.00681225   0.00303075    -0.0199251
0.142853      0.0210051     0.0000184585  0.00532164      0.0210051     0.148978      -0.0170863    0.0265126       0.0000184585  -0.0170863    0.142763      -0.00859566     0.00532164    0.0265126     -0.00859566   0.150002
-0.00874014   -0.00383204   -0.0000332785 -0.00190951     -0.00383204   -0.0109212    0.00303075    -0.00570736     -0.0000332785 0.00303075    -0.00859566   0.00296398      -0.00190951   -0.00570736   0.00296398    -0.0117161

0.00535599    0.00235995    0.            0.00119462      0.00235995    0.0067315     -0.00190627   0.00357327      0.            -0.00190627   0.00532164    -0.00190955     0.00119462    0.00357327    -0.00190955   0.00733784
0.0266315     0.00851417    0.0000238667  0.00357327      0.00851417    0.0307379     -0.00681225   0.0120924       0.0000238667  -0.00681225   0.0265126     -0.00570736     0.00357327    0.0120924     -0.00570736   0.0322203
-0.00874014   -0.00383204   -0.0000332785 -0.00190951     -0.00383204   -0.0109212    0.00303075    -0.00570736     -0.0000332785 0.00303075    -0.00859566   0.00296398      -0.00190951   -0.00570736   0.00296398    -0.0117161
0.150237      0.0245923     0.0000530977  0.00733784      0.0245923     0.158677      -0.0199251    0.0322203       0.0000530977  -0.0199251    0.150002      -0.0117161      0.00733784    0.0322203     -0.0117161    0.160869


    Hamiltonian Matrix BC:    < psi_{i1,B} <psi_{i2,C} | V_e-e | psi_{i3,B} <psi_{i4,C} >

HijkBC: {{{{0.142857594, -0.02102018442, 0.0000007144154633, 0.005355987831}, {-0.02102018442, 0.006183963498, -0.000003128627401, -0.002359949152}, {0.0000007097047027, -0.000003128627401, -0.000003325286676, 0.000006568160753}, {0.005355987831, -0.002359949152, 0.000006568160753, 0.001194617874}}, {{-0.02102018442, 0.1490412459, 0.01716077154, -0.02663152962}, {0.006183963498, -0.0237428473, -0.005038183615, 0.008514168965}, {-0.000003128627401, 0.00001235702566, 0.00001462837586, -0.00002386674137}, {-0.002359949152, 0.006731643842, 0.001906267975, -0.003573272903}}, {{0.0000007144154633, 0.01716077154, 0.1428533398, -0.008740137971}, {-0.000003128627401, -0.005038183615, -0.02100510653, 0.003832035857}, {-0.000003325286676, 0.00001462837586, 0.00001854922602, -0.00003327853877}, {0.000006568160753, 0.001906267975, 0.005321635292, -0.00190953986}}, {{0.005355987831, -0.02663152962, -0.008740137971, 0.1502369764}, {-0.002359949152, 0.008514168965, 0.003832035857, -0.02459232272}, {0.000006568160753, -0.00002386674137, -0.00003327853877, 0.00005309765966}, {0.001194617874, -0.003573272903, -0.00190953986, 0.00733783814}}}, {{{-0.02102018442, 0.006183963498, -0.000003128627401, -0.002359949152}, {0.1490412459, -0.0237428473, 0.00001235702566, 0.00673044518}, {0.01716077154, -0.005038374924, 0.00001462837586, 0.001906267975}, {-0.02663152962, 0.008514168965, -0.00002386674137, -0.003573272903}}, {{0.006183963498, -0.0237428473, -0.005038183959, 0.008514168965}, {-0.0237428473, 0.1568051069, 0.01934634725, -0.03073793067}, {-0.005038372366, 0.01934634725, 0.004025910466, -0.006812246692}, {0.008514168965, -0.03073793067, -0.006812246692, 0.01209238674}}, {{-0.000003128627401, -0.005038183615, -0.02100510653, 0.003832035857}, {0.00001235702566, 0.01934634725, 0.1489780857, -0.01092117273}, {0.00001462837586, 0.004025910466, 0.01708633888, -0.003030754428}, {-0.00002386674137, -0.006812246692, -0.0265126406, 0.005707357384}}, {{-0.002359949152, 0.008514168965, 0.003832035857, -0.02459232272}, {0.00673044518, -0.03073793067, -0.01092117273, 0.15867699}, {0.001906267975, -0.006812246692, -0.003030754428, 0.01992508735}, {-0.003573272903, 0.01209238674, 0.005707357384, -0.03222032281}}}, {{{0.0000007097047027, -0.000003128627401, -0.000003325286676, 0.000006568160753}, {0.01716077154, -0.005038374924, 0.00001462837586, 0.001906267975}, {0.1428533854, -0.02100510653, 0.00001845852787, 0.005321635292}, {-0.008740137971, 0.003832035857, -0.00003327853877, -0.001909521573}}, {{-0.000003128627401, 0.00001235702566, 0.00001462837586, -0.00002386674137}, {-0.005038374924, 0.01934634725, 0.004025910466, -0.006812246692}, {-0.02100510653, 0.1489780857, 0.01708633888, -0.0265126406}, {0.003832035857, -0.01092117273, -0.003030754428, 0.005707357384}}, {{-0.000003325286676, 0.00001462837586, 0.00001854922602, -0.00003327853877}, {0.00001462837586, 0.004025910466, 0.01708633888, -0.003030754428}, {0.00001845852787, 0.01708633888, 0.1427630055, -0.008595655256}, {-0.00003327853877, -0.003030754428, -0.008595655256, 0.002963979716}}, {{0.000006568160753, -0.00002386674137, -0.00003327853877, 0.00005309765966}, {0.001906267975, -0.006812246692, -0.003030754428, 0.01992508735}, {0.005321635292, -0.0265126406, -0.008595655256, 0.1500022177}, {-0.001909509185, 0.005707357384, 0.002963979716, -0.01171610166}}}, {{{0.005355987831, -0.002359949152, 0.000006568160753, 0.001194617874}, {-0.02663152962, 0.008514168965, -0.00002386674137, -0.003573272903}, {-0.008740137971, 0.003832035857, -0.00003327853877, -0.001909521573}, {0.1502369764, -0.02459232272, 0.00005309765966, 0.00733783814}}, {{-0.002359949152, 0.006731644095, 0.001906267975, -0.003573272903}, {0.008514168965, -0.03073793067, -0.006812246692, 0.01209238674}, {0.003832035857, -0.01092117273, -0.003030754428, 0.005707357384}, {-0.02459232272, 0.15867699, 0.01992508735, -0.03222032281}}, {{0.000006568160753, 0.001906267975, 0.005321635292, -0.001909552268}, {-0.00002386674137, -0.006812246692, -0.0265126406, 0.005707357384}, {-0.00003327853877, -0.003030754428, -0.008595655256, 0.002963979716}, {0.00005309765966, 0.01992508735, 0.1500022177, -0.01171610166}}, {{0.001194617874, -0.003573272903, -0.001909552268, 0.00733783814}, {-0.003573272903, 0.01209238674, 0.005707357384, -0.03222032281}, {-0.001909509185, 0.005707357384, 0.002963979716, -0.01171610166}, {0.00733783814, -0.03222032281, -0.01171610166, 0.1608687666}}}}
0.142858      -0.0210202    0.            0.00535599      -0.0210202    0.149041      0.0171608     -0.0266315      0.            0.0171608     0.142853      -0.00874014     0.00535599    -0.0266315    -0.00874014   0.150237
-0.0210202    0.00618396    0.            -0.00235995     0.00618396    -0.0237428    -0.00503818   0.00851417      0.            -0.00503818   -0.0210051    0.00383204      -0.00235995   0.00851417    0.00383204    -0.0245923
0.            0.            0.            0.              0.            0.000012357   0.0000146284  -0.0000238667   0.            0.0000146284  0.0000185492  -0.0000332785   0.            -0.0000238667 -0.0000332785 0.0000530977
0.00535599    -0.00235995   0.            0.00119462      -0.00235995   0.00673164    0.00190627    -0.00357327     0.            0.00190627    0.00532164    -0.00190954     0.00119462    -0.00357327   -0.00190954   0.00733784

-0.0210202    0.00618396    0.            -0.00235995     0.00618396    -0.0237428    -0.00503818   0.00851417      0.            -0.00503818   -0.0210051    0.00383204      -0.00235995   0.00851417    0.00383204    -0.0245923
0.149041      -0.0237428    0.000012357   0.00673045      -0.0237428    0.156805      0.0193463     -0.0307379      0.000012357   0.0193463     0.148978      -0.0109212      0.00673045    -0.0307379    -0.0109212    0.158677
0.0171608     -0.00503837   0.0000146284  0.00190627      -0.00503837   0.0193463     0.00402591    -0.00681225     0.0000146284  0.00402591    0.0170863     -0.00303075     0.00190627    -0.00681225   -0.00303075   0.0199251
-0.0266315    0.00851417    -0.0000238667 -0.00357327     0.00851417    -0.0307379    -0.00681225   0.0120924       -0.0000238667 -0.00681225   -0.0265126    0.00570736      -0.00357327   0.0120924     0.00570736    -0.0322203

0.            0.            0.            0.              0.            0.000012357   0.0000146284  -0.0000238667   0.            0.0000146284  0.0000185492  -0.0000332785   0.            -0.0000238667 -0.0000332785 0.0000530977
0.0171608     -0.00503837   0.0000146284  0.00190627      -0.00503837   0.0193463     0.00402591    -0.00681225     0.0000146284  0.00402591    0.0170863     -0.00303075     0.00190627    -0.00681225   -0.00303075   0.0199251
0.142853      -0.0210051    0.0000184585  0.00532164      -0.0210051    0.148978      0.0170863     -0.0265126      0.0000184585  0.0170863     0.142763      -0.00859566     0.00532164    -0.0265126    -0.00859566   0.150002
-0.00874014   0.00383204    -0.0000332785 -0.00190952     0.00383204    -0.0109212    -0.00303075   0.00570736      -0.0000332785 -0.00303075   -0.00859566   0.00296398      -0.00190951   0.00570736    0.00296398    -0.0117161

0.00535599    -0.00235995   0.            0.00119462      -0.00235995   0.00673164    0.00190627    -0.00357327     0.            0.00190627    0.00532164    -0.00190955     0.00119462    -0.00357327   -0.00190955   0.00733784
-0.0266315    0.00851417    -0.0000238667 -0.00357327     0.00851417    -0.0307379    -0.00681225   0.0120924       -0.0000238667 -0.00681225   -0.0265126    0.00570736      -0.00357327   0.0120924     0.00570736    -0.0322203
-0.00874014   0.00383204    -0.0000332785 -0.00190952     0.00383204    -0.0109212    -0.00303075   0.00570736      -0.0000332785 -0.00303075   -0.00859566   0.00296398      -0.00190951   0.00570736    0.00296398    -0.0117161
0.150237      -0.0245923    0.0000530977  0.00733784      -0.0245923    0.158677      0.0199251     -0.0322203      0.0000530977  0.0199251     0.150002      -0.0117161      0.00733784    -0.0322203    -0.0117161    0.160869


    Hamiltonian Matrix CA:    < psi_{i1,C} <psi_{i2,A} | V_e-e | psi_{i3,C} <psi_{i4,A} >

HijkCA: {{{{0.07142861379, -0.005255200314, 0.00000005167237915, 0.0006696844603}, {0.005255200314, -0.000773224532, 0.00000001092489921, 0.0001478775157}, {0.00000005167539032, -0.00000001092489921, 0.00000001361716746, 0.}, {0.0006696844603, -0.0001478775157, 0., 0.00003772352196}}, {{-0.005255200314, 0.07220246827, 0.004290838436, -0.00621601026}, {-0.000773224532, 0.005425522674, 0.0006313981161, -0.0009363968801}, {-0.00000001092489921, 0.0000001258120303, -0.00000003948766636, -0.00000003981051336}, {-0.0001478775157, 0.0007132547403, 0.0001206669441, -0.0001845388949}}, {{0.00000005167237915, 0.004290838436, 0.07142861811, -0.001093600327}, {0.00000001092489921, 0.0006313981161, 0.005255312125, -0.0002414074811}, {0.00000001361716746, -0.00000003948766642, 0.00000006844587009, 0.00000003910876708}, {0., 0.0001206669441, 0.0006690309543, -0.00006147160047}}, {{0.0006696844603, -0.00621601026, -0.001093600327, 0.07224000746}, {0.0001478775157, -0.0009363968801, -0.0002414074811, 0.005439850997}, {0., -0.00000003981051336, 0.00000003910876708, 0.00000005546192635}, {0.00003772352196, -0.0001845388949, -0.00006147160047, 0.0007185898793}}}, {{{0.005255200314, -0.000773224532, 0.00000001092489921, 0.0001478775157}, {0.07220246827, -0.005425522674, 0.0000001258120303, 0.00071325336}, {-0.004290838436, 0.0006313980931, 0.0000000394876664, -0.0001206669441}, {0.00621601026, -0.0009363968801, 0.00000003981051337, 0.0001845388949}}, {{-0.000773224532, 0.005425522674, 0.0006313981161, -0.0009363968801}, {-0.005425522674, 0.0730247896, 0.004430154699, -0.006428703009}, {0.0006313980926, -0.004430154699, -0.000515535144, 0.0007645748996}, {-0.0009363968801, 0.006428703009, 0.0007645748996, -0.001137515694}}, {{0.00000001092489921, 0.0006313981161, 0.005255312125, -0.0002414074811}, {0.0000001258120303, 0.004430154699, 0.07220243948, -0.001165165005}, {0.0000000394876664, -0.000515535144, -0.004290854153, 0.0001970736982}, {0.00000003981051337, 0.0007645748996, 0.00621584356, -0.0003013192484}}, {{0.0001478775157, -0.0009363968801, -0.0002414074811, 0.005439850997}, {0.000713254678, -0.006428703009, -0.001165165005, 0.07307103472}, {-0.0001206669441, 0.0007645748996, 0.0001970736982, -0.004441642514}, {0.0001845388949, -0.001137515694, -0.0003013192484, 0.006447000853}}}, {{{0.00000005167539032, -0.00000001092489921, 0.00000001361716746, 0.}, {-0.004290838436, 0.0006313980931, 0.00000003948766636, -0.0001206669441}, {0.07142861811, -0.005255312125, 0.00000006800609919, 0.0006690309543}, {-0.001093600327, 0.0002414074811, 0.00000003910876707, -0.00006147171162}}, {{-0.00000001092489921, 0.0000001258120303, -0.00000003948766636, -0.00000003981051336}, {0.0006313980931, -0.004430154699, -0.000515535144, 0.0007645748996}, {-0.005255312125, 0.07220243948, 0.004290854153, -0.00621584356}, {0.0002414074811, -0.001165165005, -0.0001970736982, 0.0003013192484}}, {{0.00000001361716746, -0.00000003948766642, 0.00000006844587009, 0.00000003910876708}, {0.00000003948766636, -0.000515535144, -0.004290854153, 0.0001970736982}, {0.00000006800609919, 0.004290854153, 0.07142873838, -0.001093691098}, {0.00000003910876707, -0.0001970736982, -0.001093691098, 0.0001003953061}}, {{0., -0.00000003981051336, 0.00000003910876708, 0.00000005546192635}, {-0.0001206669441, 0.0007645748996, 0.0001970736982, -0.004441642514}, {0.0006690309543, -0.00621584356, -0.001093691098, 0.07224013695}, {-0.00006147171418, 0.0003013192484, 0.0001003953061, -0.001173569617}}}, {{{0.0006696844603, -0.0001478775157, 0., 0.00003772352196}, {0.00621601026, -0.0009363968801, 0.00000003981051337, 0.0001845388949}, {-0.001093600327, 0.0002414074811, 0.00000003910876707, -0.00006147171162}, {0.07224000746, -0.005439850997, 0.00000005546192636, 0.0007185898793}}, {{-0.0001478775157, 0.0007135424383, 0.0001206669441, -0.0001845388949}, {-0.0009363968801, 0.006428703009, 0.0007645748996, -0.001137515694}, {0.0002414074811, -0.001165165005, -0.0001970736982, 0.0003013192484}, {-0.005439850997, 0.07307103472, 0.004441642514, -0.006447000853}}, {{0., 0.0001206669441, 0.0006690309543, -0.0000614715999}, {0.00000003981051337, 0.0007645748996, 0.00621584356, -0.0003013192484}, {0.00000003910876707, -0.0001970736982, -0.001093691098, 0.0001003953061}, {0.00000005546192636, 0.004441642514, 0.07224013695, -0.001173569617}}, {{0.00003772352196, -0.0001845388949, -0.0000614715999, 0.0007185898793}, {0.0001845388949, -0.001137515694, -0.0003013192484, 0.006447000853}, {-0.00006147171418, 0.0003013192484, 0.0001003953061, -0.001173569617}, {0.0007185898793, -0.006447000853, -0.001173569617, 0.07311709561}}}}
0.0714286     -0.0052552    0.            0.000669684     -0.0052552    0.0722025     0.00429084    -0.00621601     0.            0.00429084    0.0714286     -0.0010936      0.000669684   -0.00621601   -0.0010936    0.07224
0.0052552     -0.000773225  0.            0.000147878     -0.000773225  0.00542552    0.000631398   -0.000936397    0.            0.000631398   0.00525531    -0.000241407    0.000147878   -0.000936397  -0.000241407  0.00543985
0.            0.            0.            0.              0.            0.            0.            0.              0.            0.            0.            0.              0.            0.            0.            0.
0.000669684   -0.000147878  0.            0.0000377235    -0.000147878  0.000713255   0.000120667   -0.000184539    0.            0.000120667   0.000669031   -0.0000614716   0.0000377235  -0.000184539  -0.0000614716 0.00071859

0.0052552     -0.000773225  0.            0.000147878     -0.000773225  0.00542552    0.000631398   -0.000936397    0.            0.000631398   0.00525531    -0.000241407    0.000147878   -0.000936397  -0.000241407  0.00543985
0.0722025     -0.00542552   0.            0.000713253     -0.00542552   0.0730248     0.00443015    -0.0064287      0.            0.00443015    0.0722024     -0.00116517     0.000713255   -0.0064287    -0.00116517   0.073071
-0.00429084   0.000631398   0.            -0.000120667    0.000631398   -0.00443015   -0.000515535  0.000764575     0.            -0.000515535  -0.00429085   0.000197074     -0.000120667  0.000764575   0.000197074   -0.00444164
0.00621601    -0.000936397  0.            0.000184539     -0.000936397  0.0064287     0.000764575   -0.00113752     0.            0.000764575   0.00621584    -0.000301319    0.000184539   -0.00113752   -0.000301319  0.006447

0.            0.            0.            0.              0.            0.            0.            0.              0.            0.            0.            0.              0.            0.            0.            0.
-0.00429084   0.000631398   0.            -0.000120667    0.000631398   -0.00443015   -0.000515535  0.000764575     0.            -0.000515535  -0.00429085   0.000197074     -0.000120667  0.000764575   0.000197074   -0.00444164
0.0714286     -0.00525531   0.            0.000669031     -0.00525531   0.0722024     0.00429085    -0.00621584     0.            0.00429085    0.0714287     -0.00109369     0.000669031   -0.00621584   -0.00109369   0.0722401
-0.0010936    0.000241407   0.            -0.0000614717   0.000241407   -0.00116517   -0.000197074  0.000301319     0.            -0.000197074  -0.00109369   0.000100395     -0.0000614717 0.000301319   0.000100395   -0.00117357

0.000669684   -0.000147878  0.            0.0000377235    -0.000147878  0.000713542   0.000120667   -0.000184539    0.            0.000120667   0.000669031   -0.0000614716   0.0000377235  -0.000184539  -0.0000614716 0.00071859
0.00621601    -0.000936397  0.            0.000184539     -0.000936397  0.0064287     0.000764575   -0.00113752     0.            0.000764575   0.00621584    -0.000301319    0.000184539   -0.00113752   -0.000301319  0.006447
-0.0010936    0.000241407   0.            -0.0000614717   0.000241407   -0.00116517   -0.000197074  0.000301319     0.            -0.000197074  -0.00109369   0.000100395     -0.0000614717 0.000301319   0.000100395   -0.00117357
0.07224       -0.00543985   0.            0.00071859      -0.00543985   0.073071      0.00444164    -0.006447       0.            0.00444164    0.0722401     -0.00117357     0.00071859    -0.006447     -0.00117357   0.0731171


    Hamiltonian Matrix CB:    < psi_{i1,C} <psi_{i2,B} | V_e-e | psi_{i3,C} <psi_{i4,B} >

HijkCB: {{{{0.142857594, -0.02102018442, 0.0000007144154633, 0.005355987831}, {-0.02102018442, 0.006183963498, -0.000003128627401, -0.002359949152}, {0.0000007097047027, -0.000003128627401, -0.000003325286676, 0.000006568160753}, {0.005355987831, -0.002359949152, 0.000006568160753, 0.001194617874}}, {{-0.02102018442, 0.1490412459, 0.01716077154, -0.02663152962}, {0.006183963498, -0.0237428473, -0.005038183615, 0.008514168965}, {-0.000003128627401, 0.00001235702566, 0.00001462837586, -0.00002386674137}, {-0.002359949152, 0.006731643842, 0.001906267975, -0.003573272903}}, {{0.0000007144154633, 0.01716077154, 0.1428533398, -0.008740137971}, {-0.000003128627401, -0.005038183615, -0.02100510653, 0.003832035857}, {-0.000003325286676, 0.00001462837586, 0.00001854922602, -0.00003327853877}, {0.000006568160753, 0.001906267975, 0.005321635292, -0.00190953986}}, {{0.005355987831, -0.02663152962, -0.008740137971, 0.1502369764}, {-0.002359949152, 0.008514168965, 0.003832035857, -0.02459232272}, {0.000006568160753, -0.00002386674137, -0.00003327853877, 0.00005309765966}, {0.001194617874, -0.003573272903, -0.00190953986, 0.00733783814}}}, {{{-0.02102018442, 0.006183963498, -0.000003128627401, -0.002359949152}, {0.1490412459, -0.0237428473, 0.00001235702566, 0.00673044518}, {0.01716077154, -0.005038374924, 0.00001462837586, 0.001906267975}, {-0.02663152962, 0.008514168965, -0.00002386674137, -0.003573272903}}, {{0.006183963498, -0.0237428473, -0.005038183959, 0.008514168965}, {-0.0237428473, 0.1568051069, 0.01934634725, -0.03073793067}, {-0.005038372366, 0.01934634725, 0.004025910466, -0.006812246692}, {0.008514168965, -0.03073793067, -0.006812246692, 0.01209238674}}, {{-0.000003128627401, -0.005038183615, -0.02100510653, 0.003832035857}, {0.00001235702566, 0.01934634725, 0.1489780857, -0.01092117273}, {0.00001462837586, 0.004025910466, 0.01708633888, -0.003030754428}, {-0.00002386674137, -0.006812246692, -0.0265126406, 0.005707357384}}, {{-0.002359949152, 0.008514168965, 0.003832035857, -0.02459232272}, {0.00673044518, -0.03073793067, -0.01092117273, 0.15867699}, {0.001906267975, -0.006812246692, -0.003030754428, 0.01992508735}, {-0.003573272903, 0.01209238674, 0.005707357384, -0.03222032281}}}, {{{0.0000007097047027, -0.000003128627401, -0.000003325286676, 0.000006568160753}, {0.01716077154, -0.005038374924, 0.00001462837586, 0.001906267975}, {0.1428533854, -0.02100510653, 0.00001845852787, 0.005321635292}, {-0.008740137971, 0.003832035857, -0.00003327853877, -0.001909521573}}, {{-0.000003128627401, 0.00001235702566, 0.00001462837586, -0.00002386674137}, {-0.005038374924, 0.01934634725, 0.004025910466, -0.006812246692}, {-0.02100510653, 0.1489780857, 0.01708633888, -0.0265126406}, {0.003832035857, -0.01092117273, -0.003030754428, 0.005707357384}}, {{-0.000003325286676, 0.00001462837586, 0.00001854922602, -0.00003327853877}, {0.00001462837586, 0.004025910466, 0.01708633888, -0.003030754428}, {0.00001845852787, 0.01708633888, 0.1427630055, -0.008595655256}, {-0.00003327853877, -0.003030754428, -0.008595655256, 0.002963979716}}, {{0.000006568160753, -0.00002386674137, -0.00003327853877, 0.00005309765966}, {0.001906267975, -0.006812246692, -0.003030754428, 0.01992508735}, {0.005321635292, -0.0265126406, -0.008595655256, 0.1500022177}, {-0.001909509185, 0.005707357384, 0.002963979716, -0.01171610166}}}, {{{0.005355987831, -0.002359949152, 0.000006568160753, 0.001194617874}, {-0.02663152962, 0.008514168965, -0.00002386674137, -0.003573272903}, {-0.008740137971, 0.003832035857, -0.00003327853877, -0.001909521573}, {0.1502369764, -0.02459232272, 0.00005309765966, 0.00733783814}}, {{-0.002359949152, 0.006731644095, 0.001906267975, -0.003573272903}, {0.008514168965, -0.03073793067, -0.006812246692, 0.01209238674}, {0.003832035857, -0.01092117273, -0.003030754428, 0.005707357384}, {-0.02459232272, 0.15867699, 0.01992508735, -0.03222032281}}, {{0.000006568160753, 0.001906267975, 0.005321635292, -0.001909552268}, {-0.00002386674137, -0.006812246692, -0.0265126406, 0.005707357384}, {-0.00003327853877, -0.003030754428, -0.008595655256, 0.002963979716}, {0.00005309765966, 0.01992508735, 0.1500022177, -0.01171610166}}, {{0.001194617874, -0.003573272903, -0.001909552268, 0.00733783814}, {-0.003573272903, 0.01209238674, 0.005707357384, -0.03222032281}, {-0.001909509185, 0.005707357384, 0.002963979716, -0.01171610166}, {0.00733783814, -0.03222032281, -0.01171610166, 0.1608687666}}}}
0.142858      -0.0210202    0.            0.00535599      -0.0210202    0.149041      0.0171608     -0.0266315      0.            0.0171608     0.142853      -0.00874014     0.00535599    -0.0266315    -0.00874014   0.150237
-0.0210202    0.00618396    0.            -0.00235995     0.00618396    -0.0237428    -0.00503818   0.00851417      0.            -0.00503818   -0.0210051    0.00383204      -0.00235995   0.00851417    0.00383204    -0.0245923
0.            0.            0.            0.              0.            0.000012357   0.0000146284  -0.0000238667   0.            0.0000146284  0.0000185492  -0.0000332785   0.            -0.0000238667 -0.0000332785 0.0000530977
0.00535599    -0.00235995   0.            0.00119462      -0.00235995   0.00673164    0.00190627    -0.00357327     0.            0.00190627    0.00532164    -0.00190954     0.00119462    -0.00357327   -0.00190954   0.00733784

-0.0210202    0.00618396    0.            -0.00235995     0.00618396    -0.0237428    -0.00503818   0.00851417      0.            -0.00503818   -0.0210051    0.00383204      -0.00235995   0.00851417    0.00383204    -0.0245923
0.149041      -0.0237428    0.000012357   0.00673045      -0.0237428    0.156805      0.0193463     -0.0307379      0.000012357   0.0193463     0.148978      -0.0109212      0.00673045    -0.0307379    -0.0109212    0.158677
0.0171608     -0.00503837   0.0000146284  0.00190627      -0.00503837   0.0193463     0.00402591    -0.00681225     0.0000146284  0.00402591    0.0170863     -0.00303075     0.00190627    -0.00681225   -0.00303075   0.0199251
-0.0266315    0.00851417    -0.0000238667 -0.00357327     0.00851417    -0.0307379    -0.00681225   0.0120924       -0.0000238667 -0.00681225   -0.0265126    0.00570736      -0.00357327   0.0120924     0.00570736    -0.0322203

0.            0.            0.            0.              0.            0.000012357   0.0000146284  -0.0000238667   0.            0.0000146284  0.0000185492  -0.0000332785   0.            -0.0000238667 -0.0000332785 0.0000530977
0.0171608     -0.00503837   0.0000146284  0.00190627      -0.00503837   0.0193463     0.00402591    -0.00681225     0.0000146284  0.00402591    0.0170863     -0.00303075     0.00190627    -0.00681225   -0.00303075   0.0199251
0.142853      -0.0210051    0.0000184585  0.00532164      -0.0210051    0.148978      0.0170863     -0.0265126      0.0000184585  0.0170863     0.142763      -0.00859566     0.00532164    -0.0265126    -0.00859566   0.150002
-0.00874014   0.00383204    -0.0000332785 -0.00190952     0.00383204    -0.0109212    -0.00303075   0.00570736      -0.0000332785 -0.00303075   -0.00859566   0.00296398      -0.00190951   0.00570736    0.00296398    -0.0117161

0.00535599    -0.00235995   0.            0.00119462      -0.00235995   0.00673164    0.00190627    -0.00357327     0.            0.00190627    0.00532164    -0.00190955     0.00119462    -0.00357327   -0.00190955   0.00733784
-0.0266315    0.00851417    -0.0000238667 -0.00357327     0.00851417    -0.0307379    -0.00681225   0.0120924       -0.0000238667 -0.00681225   -0.0265126    0.00570736      -0.00357327   0.0120924     0.00570736    -0.0322203
-0.00874014   0.00383204    -0.0000332785 -0.00190952     0.00383204    -0.0109212    -0.00303075   0.00570736      -0.0000332785 -0.00303075   -0.00859566   0.00296398      -0.00190951   0.00570736    0.00296398    -0.0117161
0.150237      -0.0245923    0.0000530977  0.00733784      -0.0245923    0.158677      0.0199251     -0.0322203      0.0000530977  0.0199251     0.150002      -0.0117161      0.00733784    -0.0322203    -0.0117161    0.160869


Energy:  {2.828963114}


Coefficients: {{0.9999351035, 0.01139157642, -0.00005374071453, 0.0001334998049}, {0.999938259, -0.01111188884, -0.00005215279129, -0.0000370246307}, {0.999938259, -0.01111188884, -0.00005215279129, -0.0000370246307}, {0.9999351035, 0.01139157642, -0.00005374071453, 0.0001334998049}}


r2: {3.183400895, 3.183379217, 3.183379217, 3.183400895}
r2f: {3.18284615}


r3: {6.977264142, 6.977192857, 6.977192857, 6.977264142}
r3f: {6.975440461}


alpha: {4.501176495, 4.501130507, 4.501130507, 4.501176495}
alphaf: {4.5}




~~~XDM (a1=0.65, a2=3.17474)~~~

M1^2: {3.183121904, 3.183108451, 3.183108451, 3.183121904}
M1f^2: {3.18284615}

M2^2: {16.88710417, 16.88696187, 16.88696187, 16.88710417}
M2f^2: {16.88418269}

M3^2: {125.4253231, 125.423733, 125.423733, 125.4253231}
M3f^2: {125.3927637}

C6XDM: {{7.163896747, 7.163845012, 7.163845012, 7.163896747}, {7.163845012, 7.163793278, 7.163793278, 7.163845012}, {7.163845012, 7.163793278, 7.163793278, 7.163845012}, {7.163896747, 7.163845012, 7.163845012, 7.163896747}}
C6XDMf: {7.161403837}

C8XDM: {{114.0177545, 114.0166917, 114.0166917, 114.0177545}, {114.0166917, 114.0156289, 114.0156289, 114.0166917}, {114.0166917, 114.0156289, 114.0156289, 114.0166917}, {114.0177545, 114.0166917, 114.0166917, 114.0177545}}
C8XDMf: {113.9682331}

C10XDM: {{1975.965114, 1975.942516, 1975.942516, 1975.965114}, {1975.942516, 1975.919918, 1975.919918, 1975.942516}, {1975.942516, 1975.919918, 1975.919918, 1975.942516}, {1975.965114, 1975.942516, 1975.942516, 1975.965114}}
C10XDMf: {1974.936028}

EXDMC6: {-0.0001846608289}
EXDMC8: {-0.0000594915165}
EXDMC10: {-0.00002099896972}

EXDMBJC6: {-0.000139148452}
EXDMBJC8: {-0.00004841095179}
EXDMBJC10: {-0.00001812071528}

EXDM: {-0.0002651513151}
EXDMBJ: {-0.0002056801191}




~~~TS (dTS=20, sR=0.62)~~~

C6TS: {{7.165148927, 7.165075722, 7.165075722, 7.165148927}, {7.165075722, 7.165002518, 7.165002518, 7.165075722}, {7.165075722, 7.165002518, 7.165002518, 7.165075722}, {7.165148927, 7.165075722, 7.165075722, 7.165148927}}
C6TSf: {7.161403837}

ETS: {-0.0001846923704}
ETSWY: {-0.0001846923569}




~~~MBD~~~

 alpha: {4.505035669, 4.506585878, 4.506585878, 4.505035669}
  C6ii: {7.172807971, 7.175827654, 7.175827654, 7.172807971}
 omega: {0.4712284178, 0.4711025262, 0.4711025262, 0.4712284178}
lambda: {0.2308174713, 0.2270545618, 0.2270545618, 0.2261336009, 0.2234264245, 0.2234264245, 0.2199632477, 0.2199632477, 0.2192243354, 0.2175433899, 0.2175433899, 0.2118122163}
Energy: {-0.0001853293363}

~~~MBD@rsSCS (drsSCS=6, sR=0.62)~~~

 alpha: {4.501176656, 4.501130748, 4.501130748, 4.501176656}
  C6ii: {7.165149248, 7.165002999, 7.165002999, 7.165149248}
 omega: {0.4715327502, 0.4715327439, 0.4715327439, 0.4715327502}
lambda: {0.2311290509, 0.2273925556, 0.2273925556, 0.2264323778, 0.2237312908, 0.2237312908, 0.2202985102, 0.2202985102, 0.2195668175, 0.2179501697, 0.2179501697, 0.21224428}
Energy: {-0.0001824454835}




~~~MBDFree1~~~

 alpha: {4.503856183, 4.505451185, 4.505451185, 4.503856183}
  C6ii: {7.169054949, 7.172217956, 7.172217956, 7.169054949}
 omega: {0.4712285744, 0.4711027486, 0.4711027486, 0.4712285744}
lambda: {0.2308154212, 0.2270534618, 0.2270534618, 0.2261327059, 0.2234262259, 0.2234262259, 0.2199639451, 0.2199639451, 0.2192252233, 0.2175447053, 0.2175447053, 0.2118149877}
Energy: {-0.0001852347369}

~~~MBDFree1@rsSCS (drsSCS=6, sR=0.62)~~~

 alpha: {4.500000161, 4.500000242, 4.500000242, 4.500000161}
  C6ii: {7.161404157, 7.161404317, 7.161404317, 7.161404157}
 omega: {0.4715327503, 0.4715327439, 0.4715327439, 0.4715327503}
lambda: {0.231126821, 0.2273912717, 0.2273912717, 0.2264313217, 0.2237309316, 0.2237309316, 0.2202990383, 0.2202990383, 0.2195675359, 0.2179512847, 0.2179512847, 0.2122468478}
Energy: {-0.0001823524846}




~~~MBDFree2~~~

 alpha: {4.503856183, 4.505451185, 4.505451185, 4.503856183}
  C6ii: {7.172803983, 7.175822112, 7.175822112, 7.172803983}
 omega: {0.4714750019, 0.4713394854, 0.4713394854, 0.4714750019}
lambda: {0.2310499387, 0.2272845988, 0.2272845988, 0.2263665082, 0.2236576745, 0.2236576745, 0.2201912706, 0.2201912706, 0.2194522119, 0.2177656319, 0.2177656319, 0.212030517}
Energy: {-0.0001853290892}

~~~MBDFree2@rsSCS (drsSCS=6, sR=0.62)~~~

 alpha: {4.500000161, 4.500000242, 4.500000242, 4.500000161}
  C6ii: {7.165149248, 7.165002998, 7.165002998, 7.165149248}
 omega: {0.4717793406, 0.4717696941, 0.4717696941, 0.4717793406}
lambda: {0.2313616152, 0.2276226875, 0.2276226875, 0.2266654006, 0.223962629, 0.223962629, 0.2205267741, 0.2205267741, 0.2197949175, 0.2181726903, 0.2181726903, 0.2124628476}
Energy: {-0.000182445369}




~~~MBD@XDM1~~~

 alpha: {4.504641337, 4.506204629, 4.506204629, 4.504641337}
  C6ii: {7.171553134, 7.174614715, 7.174614715, 7.171553134}
 omega: {0.4712284703, 0.4711026008, 0.4711026008, 0.4712284703}
lambda: {0.2308167834, 0.2270541928, 0.2270541928, 0.2261333013, 0.2234263581, 0.2234263581, 0.2199634813, 0.2199634813, 0.2192246327, 0.2175438313, 0.2175438313, 0.211813146}
Energy: {-0.0001852976031}

~~~MBD@XDM1@rsSCS (drsSCS=6, sR=0.62)~~~

 alpha: {4.500783326, 4.500750904, 4.500750904, 4.500783326}
  C6ii: {7.163897067, 7.163793759, 7.163793759, 7.163897067}
 omega: {0.4715327502, 0.4715327439, 0.4715327439, 0.4715327502}
lambda: {0.2311283027, 0.2273921249, 0.2273921249, 0.2264320242, 0.2237311705, 0.2237311705, 0.220298687, 0.220298687, 0.219567058, 0.2179505439, 0.2179505439, 0.2122451414}
Energy: {-0.0001824142872}




~~~MBD@XDM2~~~

 alpha: {4.505035669, 4.506585878, 4.506585878, 4.505035669}
  C6ii: {7.171554469, 7.174616576, 7.174616576, 7.171554469}
 omega: {0.4711460671, 0.4710230173, 0.4710230173, 0.4711460671}
lambda: {0.2307388407, 0.2269770841, 0.2269770841, 0.2260553822, 0.2233490126, 0.2233490126, 0.2198871909, 0.2198871909, 0.2191484096, 0.2174693112, 0.2174693112, 0.2117399663}
Energy: {-0.000185297686}

~~~MBD@XDM2@rsSCS (drsSCS=6, sR=0.62)~~~

 alpha: {4.501176656, 4.501130748, 4.501130748, 4.501176656}
  C6ii: {7.163897067, 7.163793759, 7.163793759, 7.163897067}
 omega: {0.4714503452, 0.4714531632, 0.4714531632, 0.4714503452}
lambda: {0.2310503257, 0.2273149816, 0.2273149816, 0.2263540652, 0.2236537928, 0.2236537928, 0.2202223187, 0.2202223187, 0.2194907618, 0.2178759331, 0.2178759331, 0.2121718735}
Energy: {-0.0001824143256}




    ENERGY MATRIX: {Non-Interacting, Electron-Nuclear, Electron-Electron, Nuclear-Nuclear, Total Energy}
Oscillator 1 Energy: {0.7073607094, -0.2625592549, 0.1311302922, 0.1309523622, 0.706884109}
Oscillator 2 Energy: {0.707357726, -0.3570240472, 0.1791651941, 0.1785714031, 0.708070276}
Oscillator 3 Energy: {0.707357726, -0.3582083361, 0.1789286631, 0.1785714031, 0.7066494559}
Oscillator 4 Energy: {0.7073607094, -0.2625592549, 0.1308937611, 0.1309523622, 0.7066475779}
Energy Totals: {2.829436871, -1.240350893, 0.6201179105, 0.6190475306, 2.828251419}


    COEFFICIENT MATRIX: {c1, c2, c5, c6, c11, c14}
Oscillator 1 Cs: {0.9999351035, 0.01139157642, -0.00005374071453, 0.0001334998049}
Oscillator 2 Cs: {0.999938259, -0.01111188884, -0.00005215279129, -0.0000370246307}
Oscillator 3 Cs: {0.999938259, -0.01111188884, -0.00005215279129, -0.0000370246307}
Oscillator 4 Cs: {0.9999351035, 0.01139157642, -0.00005374071453, 0.0001334998049}


    GENERAL RESULTS: {R, E, r2, r2f, r3, r3f, alpha, alphaf}
Oscillator 1 General Results: {7.000001, 2.828963114, 3.183400895, 3.18284615, 6.977264142, 6.975440461, 4.501176495, 4.5}
Oscillator 2 General Results: {7.000001, 2.828963114, 3.183379217, 3.18284615, 6.977192857, 6.975440461, 4.501130507, 4.5}
Oscillator 3 General Results: {7.000001, 2.828963114, 3.183379217, 3.18284615, 6.977192857, 6.975440461, 4.501130507, 4.5}
Oscillator 4 General Results: {7.000001, 2.828963114, 3.183400895, 3.18284615, 6.977264142, 6.975440461, 4.501176495, 4.5}


    XDM RESULTS: {M1^2, M1f^2, M2^2, M2f^2, M3^2, M3f^2, C6XDMii, C6XDMij, C6XDMf, C8XDMii, C8XDMij, C8XDMf, C10XDMii, C10XDMij, C10XDMf, EXDMC6, EXDMC8, EXDMC10, EXDMBJC6, EXDMBJC8, EXDMBJC10, EXDM, EXDMBJ}
Oscillator 1 XDM Results: {3.183121904, 3.18284615, 16.88710417, 16.88418269, 125.4253231, 125.3927637, 7.163896747, {{7.163896747, 7.163845012, 7.163845012, 7.163896747}, {7.163845012, 7.163793278, 7.163793278, 7.163845012}, {7.163845012, 7.163793278, 7.163793278, 7.163845012}, {7.163896747, 7.163845012, 7.163845012, 7.163896747}}, 7.161403837, 114.0177545, {{114.0177545, 114.0166917, 114.0166917, 114.0177545}, {114.0166917, 114.0156289, 114.0156289, 114.0166917}, {114.0166917, 114.0156289, 114.0156289, 114.0166917}, {114.0177545, 114.0166917, 114.0166917, 114.0177545}}, 113.9682331, 1975.965114, {{1975.965114, 1975.942516, 1975.942516, 1975.965114}, {1975.942516, 1975.919918, 1975.919918, 1975.942516}, {1975.942516, 1975.919918, 1975.919918, 1975.942516}, {1975.965114, 1975.942516, 1975.942516, 1975.965114}}, 1974.936028, -0.0001846608289, -0.0000594915165, -0.00002099896972, -0.000139148452, -0.00004841095179, -0.00001812071528, -0.0002651513151, -0.0002056801191}
Oscillator 2 XDM Results: {3.183108451, 3.18284615, 16.88696187, 16.88418269, 125.423733, 125.3927637, 7.163793278, {{7.163896747, 7.163845012, 7.163845012, 7.163896747}, {7.163845012, 7.163793278, 7.163793278, 7.163845012}, {7.163845012, 7.163793278, 7.163793278, 7.163845012}, {7.163896747, 7.163845012, 7.163845012, 7.163896747}}, 7.161403837, 114.0156289, {{114.0177545, 114.0166917, 114.0166917, 114.0177545}, {114.0166917, 114.0156289, 114.0156289, 114.0166917}, {114.0166917, 114.0156289, 114.0156289, 114.0166917}, {114.0177545, 114.0166917, 114.0166917, 114.0177545}}, 113.9682331, 1975.919918, {{1975.965114, 1975.942516, 1975.942516, 1975.965114}, {1975.942516, 1975.919918, 1975.919918, 1975.942516}, {1975.942516, 1975.919918, 1975.919918, 1975.942516}, {1975.965114, 1975.942516, 1975.942516, 1975.965114}}, 1974.936028, -0.0001846608289, -0.0000594915165, -0.00002099896972, -0.000139148452, -0.00004841095179, -0.00001812071528, -0.0002651513151, -0.0002056801191}
Oscillator 3 XDM Results: {3.183108451, 3.18284615, 16.88696187, 16.88418269, 125.423733, 125.3927637, 7.163793278, {{7.163896747, 7.163845012, 7.163845012, 7.163896747}, {7.163845012, 7.163793278, 7.163793278, 7.163845012}, {7.163845012, 7.163793278, 7.163793278, 7.163845012}, {7.163896747, 7.163845012, 7.163845012, 7.163896747}}, 7.161403837, 114.0156289, {{114.0177545, 114.0166917, 114.0166917, 114.0177545}, {114.0166917, 114.0156289, 114.0156289, 114.0166917}, {114.0166917, 114.0156289, 114.0156289, 114.0166917}, {114.0177545, 114.0166917, 114.0166917, 114.0177545}}, 113.9682331, 1975.919918, {{1975.965114, 1975.942516, 1975.942516, 1975.965114}, {1975.942516, 1975.919918, 1975.919918, 1975.942516}, {1975.942516, 1975.919918, 1975.919918, 1975.942516}, {1975.965114, 1975.942516, 1975.942516, 1975.965114}}, 1974.936028, -0.0001846608289, -0.0000594915165, -0.00002099896972, -0.000139148452, -0.00004841095179, -0.00001812071528, -0.0002651513151, -0.0002056801191}
Oscillator 4 XDM Results: {3.183121904, 3.18284615, 16.88710417, 16.88418269, 125.4253231, 125.3927637, 7.163896747, {{7.163896747, 7.163845012, 7.163845012, 7.163896747}, {7.163845012, 7.163793278, 7.163793278, 7.163845012}, {7.163845012, 7.163793278, 7.163793278, 7.163845012}, {7.163896747, 7.163845012, 7.163845012, 7.163896747}}, 7.161403837, 114.0177545, {{114.0177545, 114.0166917, 114.0166917, 114.0177545}, {114.0166917, 114.0156289, 114.0156289, 114.0166917}, {114.0166917, 114.0156289, 114.0156289, 114.0166917}, {114.0177545, 114.0166917, 114.0166917, 114.0177545}}, 113.9682331, 1975.965114, {{1975.965114, 1975.942516, 1975.942516, 1975.965114}, {1975.942516, 1975.919918, 1975.919918, 1975.942516}, {1975.942516, 1975.919918, 1975.919918, 1975.942516}, {1975.965114, 1975.942516, 1975.942516, 1975.965114}}, 1974.936028, -0.0001846608289, -0.0000594915165, -0.00002099896972, -0.000139148452, -0.00004841095179, -0.00001812071528, -0.0002651513151, -0.0002056801191}


    TS RESULTS: {C6TSii, C6TSij, C6TSf, ETS, ETSWY}
Oscillator 1 TS Results: {7.165148927, {{7.165148927, 7.165075722, 7.165075722, 7.165148927}, {7.165075722, 7.165002518, 7.165002518, 7.165075722}, {7.165075722, 7.165002518, 7.165002518, 7.165075722}, {7.165148927, 7.165075722, 7.165075722, 7.165148927}}, 7.161403837, -0.0001846923704, -0.0001846923569}
Oscillator 2 TS Results: {7.165002518, {{7.165148927, 7.165075722, 7.165075722, 7.165148927}, {7.165075722, 7.165002518, 7.165002518, 7.165075722}, {7.165075722, 7.165002518, 7.165002518, 7.165075722}, {7.165148927, 7.165075722, 7.165075722, 7.165148927}}, 7.161403837, -0.0001846923704, -0.0001846923569}
Oscillator 3 TS Results: {7.165002518, {{7.165148927, 7.165075722, 7.165075722, 7.165148927}, {7.165075722, 7.165002518, 7.165002518, 7.165075722}, {7.165075722, 7.165002518, 7.165002518, 7.165075722}, {7.165148927, 7.165075722, 7.165075722, 7.165148927}}, 7.161403837, -0.0001846923704, -0.0001846923569}
Oscillator 4 TS Results: {7.165148927, {{7.165148927, 7.165075722, 7.165075722, 7.165148927}, {7.165075722, 7.165002518, 7.165002518, 7.165075722}, {7.165075722, 7.165002518, 7.165002518, 7.165075722}, {7.165148927, 7.165075722, 7.165075722, 7.165148927}}, 7.161403837, -0.0001846923704, -0.0001846923569}


    MBD RESULTS: {MBD_alpha, MBD_C6, MBD_omega, MBD_Energy, MBDF1_alpha, MBDF1_C6, MBDF1_omega, MBDF1_Energy, MBDF2_alpha, MBDF2_C6, MBDF2_omega, MBDF2_Energy, MBDX1_alpha, MBDX1_C6, MBDX1_omega, MBDX1_Energy, MBDX2_alpha, MBDX2_C6, MBDX2_omega, MBDX2_Energy}
Oscillator 1 MBD Results: {4.505035669, 7.172807971, 0.4712284178, -0.0001853293363, 4.503856183, 7.169054949, 0.4712285744, -0.0001852347369, 4.503856183, 7.172803983, 0.4714750019, -0.0001853290892, 4.504641337, 7.171553134, 0.4712284703, -0.0001852976031, 4.505035669, 7.171554469, 0.4711460671, -0.000185297686}
Oscillator 2 MBD Results: {4.506585878, 7.175827654, 0.4711025262, -0.0001853293363, 4.505451185, 7.172217956, 0.4711027486, -0.0001852347369, 4.505451185, 7.175822112, 0.4713394854, -0.0001853290892, 4.506204629, 7.174614715, 0.4711026008, -0.0001852976031, 4.506585878, 7.174616576, 0.4710230173, -0.000185297686}
Oscillator 3 MBD Results: {4.506585878, 7.175827654, 0.4711025262, -0.0001853293363, 4.505451185, 7.172217956, 0.4711027486, -0.0001852347369, 4.505451185, 7.175822112, 0.4713394854, -0.0001853290892, 4.506204629, 7.174614715, 0.4711026008, -0.0001852976031, 4.506585878, 7.174616576, 0.4710230173, -0.000185297686}
Oscillator 4 MBD Results: {4.505035669, 7.172807971, 0.4712284178, -0.0001853293363, 4.503856183, 7.169054949, 0.4712285744, -0.0001852347369, 4.503856183, 7.172803983, 0.4714750019, -0.0001853290892, 4.504641337, 7.171553134, 0.4712284703, -0.0001852976031, 4.505035669, 7.171554469, 0.4711460671, -0.000185297686}


    MBDRSSCS RESULTS: {MBDrsSCS_alpha, MBDrsSCS_C6, MBDrsSCS_omega, MBDrsSCS_Energy, MBDF1rsSCS_alpha, MBDF1rsSCS_C6, MBDF1rsSCS_omega, MBDF1rsSCS_Energy, MBDF2rsSCS_alpha, MBDF2rsSCS_C6, MBDF2rsSCS_omega, MBDF2rsSCS_Energy, MBDX1rsSCS_alpha, MBDX1rsSCS_C6, MBDX1rsSCS_omega, MBDX1rsSCS_Energy, MBDX2rsSCS_alpha, MBDX2rsSCS_C6, MBDX2rsSCS_omega, MBDX2rsSCS_Energy}
Oscillator 1 MBDrsSCS Results: {4.501176656, 7.165149248, 0.4715327502, -0.0001824454835, 4.500000161, 7.161404157, 0.4715327503, -0.0001823524846, 4.500000161, 7.165149248, 0.4717793406, -0.000182445369, 4.500783326, 7.163897067, 0.4715327502, -0.0001824142872, 4.501176656, 7.163897067, 0.4714503452, -0.0001824143256}
Oscillator 2 MBDrsSCS Results: {4.501130748, 7.165002999, 0.4715327439, -0.0001824454835, 4.500000242, 7.161404317, 0.4715327439, -0.0001823524846, 4.500000242, 7.165002998, 0.4717696941, -0.000182445369, 4.500750904, 7.163793759, 0.4715327439, -0.0001824142872, 4.501130748, 7.163793759, 0.4714531632, -0.0001824143256}
Oscillator 3 MBDrsSCS Results: {4.501130748, 7.165002999, 0.4715327439, -0.0001824454835, 4.500000242, 7.161404317, 0.4715327439, -0.0001823524846, 4.500000242, 7.165002998, 0.4717696941, -0.000182445369, 4.500750904, 7.163793759, 0.4715327439, -0.0001824142872, 4.501130748, 7.163793759, 0.4714531632, -0.0001824143256}
Oscillator 4 MBDrsSCS Results: {4.501176656, 7.165149248, 0.4715327502, -0.0001824454835, 4.500000161, 7.161404157, 0.4715327503, -0.0001823524846, 4.500000161, 7.165149248, 0.4717793406, -0.000182445369, 4.500783326, 7.163897067, 0.4715327502, -0.0001824142872, 4.501176656, 7.163897067, 0.4714503452, -0.0001824143256}


         {R, Energy}
SUMMARY: {7.000001, 2.828963114}