Oscillators N=4 2022-12-24 w=0.471533 a=4.50000.nb ( N = 4, M = 4 )
~~~~~~~~~~~~~~~~~~~~~~~~~~~~~~~~~~~~~~
Run Commenced: Sat 31 Dec 2022 06:34:42
Run Completed: Sat 31 Dec 2022 08:18:28
Time Elapsed: 01:43:46

Oscillators Used: 4
Wavefunctions Used: 4
Internuclear Separation: 0.8
omega: 0.472
nu : 0.235638

For display purposes, the threshold of Hamiltonian matrix elements has been set to: 10^-6.


    Hamiltonian Matrix A:    < psi_{i,A} | H_k | psi_{j,A} >
    H_1 = T_kin,    H_2 = V_pot,    H_3 = V_1-B,    H_4 = V_1-C,    H_5 = V_A-B,    H_6 = V_A-C 

HijkA: {{{0.35364975, 0.35364975, -0.7033160098, -0.5497891253, -0.408412321, 1.249998438, 0.6249992188, 0.4166661458}, {0., 0., -0.1678751613, -0.2047045079, -0.1532620449, 0., 0., 0.}, {0.2887538117, -0.2887538117, -0.2338979295, -0.09463542086, -0.02094592666, 0., 0., 0.}, {0., 0., -0.04359070144, -0.09441733964, -0.08430607108, 0., 0., 0.}}, {{0., 0., -0.1678751613, -0.2047045079, -0.1532620449, 0., 0., 0.}, {0.58941625, 0.58941625, -0.5626735681, -0.581543471, -0.4886600132, 1.249998438, 0.6249992188, 0.4166661458}, {0., 0., -0.04459485343, 0.02013721897, 0.07633298235, 0., 0., 0.}, {0., 0., -0.1053060851, -0.2108257655, -0.2164975394, 0., 0., 0.}}, {{0.2887538117, -0.2887538117, -0.2338979295, -0.09463542086, -0.02094592666, 0., 0., 0.}, {0., 0., -0.04459485343, 0.02013721897, 0.07633298235, 0., 0., 0.}, {0.82518275, 0.82518275, -0.5502258564, -0.4179311072, -0.3534382565, 1.249998438, 0.6249992188, 0.4166661458}, {0., 0., -0.01027818662, 0.02234510922, 0.07201618696, 0., 0., 0.}}, {{0., 0., -0.04359070144, -0.09441733964, -0.08430607108, 0., 0., 0.}, {0., 0., -0.1053060851, -0.2108257655, -0.2164975394, 0., 0., 0.}, {0., 0., -0.01027818662, 0.02234510922, 0.07201618696, 0., 0., 0.}, {0.82518275, 0.82518275, -0.4345260688, -0.4926651226, -0.48877819, 1.249998438, 0.6249992188, 0.4166661458}}}
0.35365      0.           0.288754     0.
0.35365      0.           -0.288754    0.
-0.703316    -0.167875    -0.233898    -0.0435907
-0.549789    -0.204705    -0.0946354   -0.0944173
-0.408412    -0.153262    -0.0209459   -0.0843061
1.25         0.           0.           0.
0.624999     0.           0.           0.
0.416666     0.           0.           0.

0.           0.589416     0.           0.
0.           0.589416     0.           0.
-0.167875    -0.562674    -0.0445949   -0.105306
-0.204705    -0.581543    0.0201372    -0.210826
-0.153262    -0.48866     0.076333     -0.216498
0.           1.25         0.           0.
0.           0.624999     0.           0.
0.           0.416666     0.           0.

0.288754     0.           0.825183     0.
-0.288754    0.           0.825183     0.
-0.233898    -0.0445949   -0.550226    -0.0102782
-0.0946354   0.0201372    -0.417931    0.0223451
-0.0209459   0.076333     -0.353438    0.0720162
0.           0.           1.25         0.
0.           0.           0.624999     0.
0.           0.           0.416666     0.

0.           0.           0.           0.825183
0.           0.           0.           0.825183
-0.0435907   -0.105306    -0.0102782   -0.434526
-0.0944173   -0.210826    0.0223451    -0.492665
-0.0843061   -0.216498    0.0720162    -0.488778
0.           0.           0.           1.25
0.           0.           0.           0.624999
0.           0.           0.           0.416666


    Hamiltonian Matrix B:    < psi_{i,B} | H_k | psi_{j,B} >
    H_1 = T_kin,    H_2 = V_pot,    H_3 = V_2-A,    H_4 = V_2-C,    H_5 = V_B-A,    H_6 = V_B-C 

HijkB: {{{0.35364975, 0.35364975, -0.7033160098, -0.7033160098, -0.5497891253, 1.249998438, 1.249998438, 0.6249992188}, {0., 0., -0.1678751613, 0.1678751613, 0.2047045079, 0., 0., 0.}, {0.2887538117, -0.2887538117, -0.2338979295, -0.2338979295, -0.09463542086, 0., 0., 0.}, {0., 0., -0.04359070144, -0.04359070144, -0.09441733964, 0., 0., 0.}}, {{0., 0., -0.1678751613, 0.1678751613, 0.2047045079, 0., 0., 0.}, {0.58941625, 0.58941625, -0.5626735681, -0.5626735681, -0.581543471, 1.249998438, 1.249998438, 0.6249992188}, {0., 0., -0.04459485343, 0.04459485343, -0.02013721897, 0., 0., 0.}, {0., 0., -0.1053060851, 0.1053060851, 0.2108257655, 0., 0., 0.}}, {{0.2887538117, -0.2887538117, -0.2338979295, -0.2338979295, -0.09463542086, 0., 0., 0.}, {0., 0., -0.04459485343, 0.04459485343, -0.02013721897, 0., 0., 0.}, {0.82518275, 0.82518275, -0.5502258564, -0.5502258564, -0.4179311072, 1.249998438, 1.249998438, 0.6249992188}, {0., 0., -0.01027818662, -0.01027818662, 0.02234510922, 0., 0., 0.}}, {{0., 0., -0.04359070144, -0.04359070144, -0.09441733964, 0., 0., 0.}, {0., 0., -0.1053060851, 0.1053060851, 0.2108257655, 0., 0., 0.}, {0., 0., -0.01027818662, -0.01027818662, 0.02234510922, 0., 0., 0.}, {0.82518275, 0.82518275, -0.4345260688, -0.4345260688, -0.4926651226, 1.249998438, 1.249998438, 0.6249992188}}}
0.35365      0.           0.288754     0.
0.35365      0.           -0.288754    0.
-0.703316    -0.167875    -0.233898    -0.0435907
-0.703316    0.167875     -0.233898    -0.0435907
-0.549789    0.204705     -0.0946354   -0.0944173
1.25         0.           0.           0.
1.25         0.           0.           0.
0.624999     0.           0.           0.

0.           0.589416     0.           0.
0.           0.589416     0.           0.
-0.167875    -0.562674    -0.0445949   -0.105306
0.167875     -0.562674    0.0445949    0.105306
0.204705     -0.581543    -0.0201372   0.210826
0.           1.25         0.           0.
0.           1.25         0.           0.
0.           0.624999     0.           0.

0.288754     0.           0.825183     0.
-0.288754    0.           0.825183     0.
-0.233898    -0.0445949   -0.550226    -0.0102782
-0.233898    0.0445949    -0.550226    -0.0102782
-0.0946354   -0.0201372   -0.417931    0.0223451
0.           0.           1.25         0.
0.           0.           1.25         0.
0.           0.           0.624999     0.

0.           0.           0.           0.825183
0.           0.           0.           0.825183
-0.0435907   -0.105306    -0.0102782   -0.434526
-0.0435907   0.105306     -0.0102782   -0.434526
-0.0944173   0.210826     0.0223451    -0.492665
0.           0.           0.           1.25
0.           0.           0.           1.25
0.           0.           0.           0.624999


    Hamiltonian Matrix C:    < psi_{i,C} | H_k | psi_{j,C} >
    H_1 = T_kin,    H_2 = V_pot,    H_3 = V_3-A,    H_4 = V_3-B,    H_5 = V_C-A,    H_6 = V_C-B 

HijkC: {{{0.35364975, 0.35364975, -0.5497891253, -0.7033160098, -0.7033160098, 0.6249992188, 1.249998438, 1.249998438}, {0., 0., 0.2047045079, 0.1678751613, -0.1678751613, 0., 0., 0.}, {0.2887538117, -0.2887538117, -0.09463542086, -0.2338979295, -0.2338979295, 0., 0., 0.}, {0., 0., -0.09441733964, -0.04359070144, -0.04359070144, 0., 0., 0.}}, {{0., 0., 0.2047045079, 0.1678751613, -0.1678751613, 0., 0., 0.}, {0.58941625, 0.58941625, -0.581543471, -0.5626735681, -0.5626735681, 0.6249992188, 1.249998438, 1.249998438}, {0., 0., -0.02013721897, 0.04459485343, -0.04459485343, 0., 0., 0.}, {0., 0., 0.2108257655, 0.1053060851, -0.1053060851, 0., 0., 0.}}, {{0.2887538117, -0.2887538117, -0.09463542086, -0.2338979295, -0.2338979295, 0., 0., 0.}, {0., 0., -0.02013721897, 0.04459485343, -0.04459485343, 0., 0., 0.}, {0.82518275, 0.82518275, -0.4179311072, -0.5502258564, -0.5502258564, 0.6249992188, 1.249998438, 1.249998438}, {0., 0., 0.02234510922, -0.01027818662, -0.01027818662, 0., 0., 0.}}, {{0., 0., -0.09441733964, -0.04359070144, -0.04359070144, 0., 0., 0.}, {0., 0., 0.2108257655, 0.1053060851, -0.1053060851, 0., 0., 0.}, {0., 0., 0.02234510922, -0.01027818662, -0.01027818662, 0., 0., 0.}, {0.82518275, 0.82518275, -0.4926651226, -0.4345260688, -0.4345260688, 0.6249992188, 1.249998438, 1.249998438}}}
0.35365      0.           0.288754     0.
0.35365      0.           -0.288754    0.
-0.549789    0.204705     -0.0946354   -0.0944173
-0.703316    0.167875     -0.233898    -0.0435907
-0.703316    -0.167875    -0.233898    -0.0435907
0.624999     0.           0.           0.
1.25         0.           0.           0.
1.25         0.           0.           0.

0.           0.589416     0.           0.
0.           0.589416     0.           0.
0.204705     -0.581543    -0.0201372   0.210826
0.167875     -0.562674    0.0445949    0.105306
-0.167875    -0.562674    -0.0445949   -0.105306
0.           0.624999     0.           0.
0.           1.25         0.           0.
0.           1.25         0.           0.

0.288754     0.           0.825183     0.
-0.288754    0.           0.825183     0.
-0.0946354   -0.0201372   -0.417931    0.0223451
-0.233898    0.0445949    -0.550226    -0.0102782
-0.233898    -0.0445949   -0.550226    -0.0102782
0.           0.           0.624999     0.
0.           0.           1.25         0.
0.           0.           1.25         0.

0.           0.           0.           0.825183
0.           0.           0.           0.825183
-0.0944173   0.210826     0.0223451    -0.492665
-0.0435907   0.105306     -0.0102782   -0.434526
-0.0435907   -0.105306    -0.0102782   -0.434526
0.           0.           0.           0.624999
0.           0.           0.           1.25
0.           0.           0.           1.25


    Hamiltonian Matrix AB:    < psi_{i1,A} <psi_{i2,B} | V_e-e | psi_{i3,A} <psi_{i4,B} >

HijkAB: {{{{0.5219809952, 0.06452631062, 0.0961699433, 0.008816680255}, {0.06452631062, -0.0686720844, 0.03750781573, -0.01994423306}, {0.09621623596, 0.03750781573, 0.0534817606, 0.00853583604}, {0.008816680255, -0.01994423306, 0.00853583604, 0.01843567038}}, {{0.06452631062, 0.4538326672, -0.01517718702, 0.05524606097}, {-0.0686720844, 0.01143531398, 0.02280342308, -0.06540502344}, {0.03750781573, 0.06215970559, 0.005618301141, 0.02503511956}, {-0.01994423306, 0.02278690069, -0.002395999436, -0.002077288755}}, {{0.0961699433, -0.01517718702, 0.4181499949, -0.005475563391}, {0.03750781573, 0.02280342308, 0.04004873943, 0.01398058184}, {0.0534817606, 0.005618301141, 0.05808837293, -0.001981044139}, {0.00853583604, -0.002395999436, 0.006513788543, -0.01459185842}}, {{0.008816680255, 0.05524606097, -0.005475563391, 0.3926087352}, {-0.01994423306, -0.06540502344, 0.01398058184, 0.001738748036}, {0.00853583604, 0.02503511956, -0.001981044139, 0.03439028116}, {0.01843567038, -0.002077288755, -0.01459185842, 0.01716023532}}}, {{{0.06452631062, -0.0686720844, 0.03750781573, -0.01994423306}, {0.4538326672, 0.01143531398, 0.06215970559, 0.02277918396}, {-0.01517718702, 0.02280307978, 0.005618301141, -0.002395999436}, {0.05524606097, -0.06540502344, 0.02503511956, -0.002077288755}}, {{-0.0686720844, 0.01143531398, 0.02280342308, -0.06540502344}, {0.01143531398, 0.4275770287, -0.02252840271, 0.03259813843}, {0.02280309297, -0.02252840271, -0.01744008838, 0.0227960605}, {-0.06540502344, 0.03259813843, 0.0227960605, -0.07026162082}}, {{0.03750781573, 0.02280342308, 0.04004873943, 0.01398058184}, {0.06215970559, -0.02252840271, 0.3780241644, -0.02055280375}, {0.005618301141, -0.01744008838, -0.005081781832, -0.005159190057}, {0.02503511956, 0.0227960605, 0.0325279907, 0.00919540005}}, {{-0.01994423306, -0.06540502344, 0.01398058184, 0.001738748036}, {0.02277918396, 0.03259813843, -0.02055280375, 0.3850494228}, {-0.002395999436, 0.0227960605, -0.005159190057, -0.01692321897}, {-0.002077288755, -0.07026162082, 0.00919540005, 0.009283138503}}}, {{{0.09621623596, 0.03750781573, 0.0534817606, 0.00853583604}, {-0.01517718702, 0.02280307978, 0.005618301141, -0.002395999436}, {0.4182171287, 0.04004873943, 0.05816334078, 0.006513788543}, {-0.005475563391, 0.01398058184, -0.001980745619, -0.01460487514}}, {{0.03750781573, 0.06215970559, 0.005618301141, 0.02503511956}, {0.02280307978, -0.02252840271, -0.01744008838, 0.0227960605}, {0.04004873943, 0.3780241644, -0.005081781832, 0.0325279907}, {0.01398058184, -0.02055281381, -0.005159196818, 0.00919540005}}, {{0.0534817606, 0.005618301141, 0.05808837293, -0.001981044139}, {0.005618301141, -0.01744008838, -0.005081781832, -0.005159190057}, {0.05816334078, -0.005081781832, 0.3589628612, -0.0005405082305}, {-0.001980745619, -0.005159196818, -0.0005405082305, 0.01628354427}}, {{0.00853583604, 0.02503511956, -0.001981044139, 0.03439028116}, {-0.002395999436, 0.0227960605, -0.005159190057, -0.01692321897}, {0.006513788543, 0.0325279907, -0.0005405082305, 0.3415059244}, {-0.01460372718, 0.00919540005, 0.01628354427, -0.01467599488}}}, {{{0.008816680255, -0.01994423306, 0.00853583604, 0.01843567038}, {0.05524606097, -0.06540502344, 0.02503511956, -0.002077288755}, {-0.005475563391, 0.01398058184, -0.001980745619, -0.01460487514}, {0.3926087352, 0.001738748036, 0.03439126334, 0.01716023532}}, {{-0.01994423306, 0.02278690069, -0.002395999436, -0.002077288755}, {-0.06540502344, 0.03259813843, 0.0227960605, -0.07026162082}, {0.01398058184, -0.02055281381, -0.005159196818, 0.00919540005}, {0.001738748036, 0.385047821, -0.0169218441, 0.009283138503}}, {{0.00853583604, -0.002395999436, 0.006513788543, -0.01459185842}, {0.02503511956, 0.0227960605, 0.0325279907, 0.00919540005}, {-0.001980745619, -0.005159196818, -0.0005405082305, 0.01628354427}, {0.03439126334, -0.0169218441, 0.3415048133, -0.01467599488}}, {{0.01843567038, -0.002077288755, -0.01459185842, 0.01716023532}, {-0.002077288755, -0.07026162082, 0.00919540005, 0.009283138503}, {-0.01460372718, 0.00919540005, 0.01628354427, -0.01467599488}, {0.01716023532, 0.009283138503, -0.01467599488, 0.3604243457}}}}
0.521981     0.0645263    0.0961699    0.00881668     0.0645263    0.453833     -0.0151772   0.0552461      0.0961699    -0.0151772   0.41815      -0.00547556    0.00881668   0.0552461    -0.00547556  0.392609
0.0645263    -0.0686721   0.0375078    -0.0199442     -0.0686721   0.0114353    0.0228034    -0.065405      0.0375078    0.0228034    0.0400487    0.0139806      -0.0199442   -0.065405    0.0139806    0.00173875
0.0962162    0.0375078    0.0534818    0.00853584     0.0375078    0.0621597    0.0056183    0.0250351      0.0534818    0.0056183    0.0580884    -0.00198104    0.00853584   0.0250351    -0.00198104  0.0343903
0.00881668   -0.0199442   0.00853584   0.0184357      -0.0199442   0.0227869    -0.002396    -0.00207729    0.00853584   -0.002396    0.00651379   -0.0145919     0.0184357    -0.00207729  -0.0145919   0.0171602

0.0645263    -0.0686721   0.0375078    -0.0199442     -0.0686721   0.0114353    0.0228034    -0.065405      0.0375078    0.0228034    0.0400487    0.0139806      -0.0199442   -0.065405    0.0139806    0.00173875
0.453833     0.0114353    0.0621597    0.0227792      0.0114353    0.427577     -0.0225284   0.0325981      0.0621597    -0.0225284   0.378024     -0.0205528     0.0227792    0.0325981    -0.0205528   0.385049
-0.0151772   0.0228031    0.0056183    -0.002396      0.0228031    -0.0225284   -0.0174401   0.0227961      0.0056183    -0.0174401   -0.00508178  -0.00515919    -0.002396    0.0227961    -0.00515919  -0.0169232
0.0552461    -0.065405    0.0250351    -0.00207729    -0.065405    0.0325981    0.0227961    -0.0702616     0.0250351    0.0227961    0.032528     0.0091954      -0.00207729  -0.0702616   0.0091954    0.00928314

0.0962162    0.0375078    0.0534818    0.00853584     0.0375078    0.0621597    0.0056183    0.0250351      0.0534818    0.0056183    0.0580884    -0.00198104    0.00853584   0.0250351    -0.00198104  0.0343903
-0.0151772   0.0228031    0.0056183    -0.002396      0.0228031    -0.0225284   -0.0174401   0.0227961      0.0056183    -0.0174401   -0.00508178  -0.00515919    -0.002396    0.0227961    -0.00515919  -0.0169232
0.418217     0.0400487    0.0581633    0.00651379     0.0400487    0.378024     -0.00508178  0.032528       0.0581633    -0.00508178  0.358963     -0.000540508   0.00651379   0.032528     -0.000540508 0.341506
-0.00547556  0.0139806    -0.00198075  -0.0146049     0.0139806    -0.0205528   -0.0051592   0.0091954      -0.00198075  -0.0051592   -0.000540508 0.0162835      -0.0146037   0.0091954    0.0162835    -0.014676

0.00881668   -0.0199442   0.00853584   0.0184357      -0.0199442   0.0227869    -0.002396    -0.00207729    0.00853584   -0.002396    0.00651379   -0.0145919     0.0184357    -0.00207729  -0.0145919   0.0171602
0.0552461    -0.065405    0.0250351    -0.00207729    -0.065405    0.0325981    0.0227961    -0.0702616     0.0250351    0.0227961    0.032528     0.0091954      -0.00207729  -0.0702616   0.0091954    0.00928314
-0.00547556  0.0139806    -0.00198075  -0.0146049     0.0139806    -0.0205528   -0.0051592   0.0091954      -0.00198075  -0.0051592   -0.000540508 0.0162835      -0.0146037   0.0091954    0.0162835    -0.014676
0.392609     0.00173875   0.0343913    0.0171602      0.00173875   0.385048     -0.0169218   0.00928314     0.0343913    -0.0169218   0.341505     -0.014676      0.0171602    0.00928314   -0.014676    0.360424


    Hamiltonian Matrix AC:    < psi_{i1,A} <psi_{i2,C} | V_e-e | psi_{i3,A} <psi_{i4,C} >

HijkAC: {{{{0.4551893833, -0.1002095196, 0.06114179232, 0.02527470865}, {0.1002095196, 0.021212798, 0.047693914, -0.01909926952}, {0.06099589977, -0.047693914, 0.0226064609, 0.02146176663}, {0.02527470865, 0.01910853667, 0.02146176663, 0.002728532706}}, {{-0.1002095196, 0.4346045378, 0.03436087827, -0.09690951297}, {0.021212798, 0.03977578685, -0.02388891269, 0.03890776076}, {-0.047693914, 0.06753158288, 0.001906588039, -0.04427332996}, {0.01910853667, 0.0108427909, -0.004985375204, 0.007135850951}}, {{0.06114179232, 0.03436087827, 0.3780077539, -0.0198121677}, {0.047693914, -0.02388891269, 0.05949206129, 0.02037440699}, {0.0226064609, 0.001906588039, 0.03608076734, -0.00956948195}, {0.02146176663, -0.004985375204, 0.01563787794, -0.006326402127}}, {{0.02527470865, -0.09690951297, -0.0198121677, 0.3874989803}, {-0.01909926952, 0.03890776076, 0.02037440699, 0.0148336743}, {0.02146176663, -0.04427332996, -0.00956948195, 0.04735785436}, {0.002728532706, 0.007135850951, -0.006326402127, 0.0107084052}}}, {{{0.100210385, 0.021212798, 0.047693914, -0.01909926952}, {0.4346045378, -0.03977578685, 0.06753158288, 0.01084051762}, {-0.03436087827, -0.02389288297, -0.001906588039, 0.004985375204}, {0.09690951297, 0.03890776076, 0.04427332996, -0.007135850951}}, {{0.021212798, 0.03977578685, -0.02388891672, 0.03890776076}, {-0.03977578685, 0.3916819322, 0.02734655387, -0.05260479458}, {-0.02389288122, -0.02734655387, 0.004139160558, -0.01653237369}, {0.03890776076, 0.05260479458, -0.01653237369, 0.03992582908}}, {{0.047693914, -0.02388891269, 0.05949206129, 0.02037440699}, {0.06753158288, 0.02734655387, 0.3667724914, -0.01912569249}, {-0.001906588039, 0.004139160558, -0.02170777412, -0.004542770752}, {0.04427332996, -0.01653237369, 0.06165320333, 0.01048537859}}, {{-0.01909926952, 0.03890776076, 0.02037440699, 0.0148336743}, {0.01084118816, -0.05260479458, -0.01912569249, 0.3610784861}, {0.004985375204, -0.01653237369, -0.004542770752, -0.02669293903}, {-0.007135850951, 0.03992582908, 0.01048537859, 0.02639729542}}}, {{{0.06099589977, -0.047693914, 0.0226064609, 0.02146176663}, {-0.03436087827, -0.02389288297, -0.001906588039, 0.004985375204}, {0.3779767547, -0.05949206129, 0.036109263, 0.01563787794}, {-0.0198121677, -0.02037466075, -0.00956948195, -0.006340878002}}, {{-0.047693914, 0.06753158288, 0.001906588039, -0.04427332996}, {-0.02389288297, -0.02734655387, 0.004139160558, -0.01653237369}, {-0.05949206129, 0.3667724914, 0.02170777412, -0.06165320333}, {-0.02037466075, -0.01912569249, 0.004542770752, -0.01048537859}}, {{0.0226064609, 0.001906588039, 0.03608076734, -0.00956948195}, {-0.001906588039, 0.004139160558, -0.02170777412, -0.004542770752}, {0.036109263, 0.02170777412, 0.3271505072, -0.007371299053}, {-0.00956948195, 0.004542770752, -0.007371299053, 0.007174316309}}, {{0.02146176663, -0.04427332996, -0.00956948195, 0.04735785436}, {0.004985375204, -0.01653237369, -0.004542770752, -0.02669293903}, {0.01563787794, -0.06165320333, -0.007371299053, 0.3370315975}, {-0.006351070022, -0.01048537859, 0.007174316309, -0.01264497071}}}, {{{0.02527470865, 0.01910853667, 0.02146176663, 0.002728532706}, {0.09690951297, 0.03890776076, 0.04427332996, -0.007135850951}, {-0.0198121677, -0.02037466075, -0.00956948195, -0.006340878002}, {0.3874989803, -0.0148336743, 0.04735785436, 0.0107084052}}, {{0.01910853667, 0.01084082992, -0.004985375204, 0.007135850951}, {0.03890776076, 0.05260479458, -0.01653237369, 0.03992582908}, {-0.02037466075, -0.01912569249, 0.004542770752, -0.01048537859}, {-0.0148336743, 0.3610784861, 0.02669281201, -0.02639729542}}, {{0.02146176663, -0.004985375204, 0.01563787794, -0.006326500314}, {0.04427332996, -0.01653237369, 0.06165320333, 0.01048537859}, {-0.00956948195, 0.004542770752, -0.007371299053, 0.007174316309}, {0.04735785436, 0.02669281201, 0.3370315975, -0.01254317715}}, {{0.002728532706, 0.007135850951, -0.006326500314, 0.0107084052}, {-0.007135850951, 0.03992582908, 0.01048537859, 0.02639729542}, {-0.006351070022, -0.01048537859, 0.007174316309, -0.01264497071}, {0.0107084052, -0.02639729542, -0.01254317715, 0.3316755724}}}}
0.455189    -0.10021    0.0611418   0.0252747     -0.10021    0.434605    0.0343609   -0.0969095    0.0611418   0.0343609   0.378008    -0.0198122    0.0252747   -0.0969095  -0.0198122  0.387499
0.10021     0.0212128   0.0476939   -0.0190993    0.0212128   0.0397758   -0.0238889  0.0389078     0.0476939   -0.0238889  0.0594921   0.0203744     -0.0190993  0.0389078   0.0203744   0.0148337
0.0609959   -0.0476939  0.0226065   0.0214618     -0.0476939  0.0675316   0.00190659  -0.0442733    0.0226065   0.00190659  0.0360808   -0.00956948   0.0214618   -0.0442733  -0.00956948 0.0473579
0.0252747   0.0191085   0.0214618   0.00272853    0.0191085   0.0108428   -0.00498538 0.00713585    0.0214618   -0.00498538 0.0156379   -0.0063264    0.00272853  0.00713585  -0.0063264  0.0107084

0.10021     0.0212128   0.0476939   -0.0190993    0.0212128   0.0397758   -0.0238889  0.0389078     0.0476939   -0.0238889  0.0594921   0.0203744     -0.0190993  0.0389078   0.0203744   0.0148337
0.434605    -0.0397758  0.0675316   0.0108405     -0.0397758  0.391682    0.0273466   -0.0526048    0.0675316   0.0273466   0.366772    -0.0191257    0.0108412   -0.0526048  -0.0191257  0.361078
-0.0343609  -0.0238929  -0.00190659 0.00498538    -0.0238929  -0.0273466  0.00413916  -0.0165324    -0.00190659 0.00413916  -0.0217078  -0.00454277   0.00498538  -0.0165324  -0.00454277 -0.0266929
0.0969095   0.0389078   0.0442733   -0.00713585   0.0389078   0.0526048   -0.0165324  0.0399258     0.0442733   -0.0165324  0.0616532   0.0104854     -0.00713585 0.0399258   0.0104854   0.0263973

0.0609959   -0.0476939  0.0226065   0.0214618     -0.0476939  0.0675316   0.00190659  -0.0442733    0.0226065   0.00190659  0.0360808   -0.00956948   0.0214618   -0.0442733  -0.00956948 0.0473579
-0.0343609  -0.0238929  -0.00190659 0.00498538    -0.0238929  -0.0273466  0.00413916  -0.0165324    -0.00190659 0.00413916  -0.0217078  -0.00454277   0.00498538  -0.0165324  -0.00454277 -0.0266929
0.377977    -0.0594921  0.0361093   0.0156379     -0.0594921  0.366772    0.0217078   -0.0616532    0.0361093   0.0217078   0.327151    -0.0073713    0.0156379   -0.0616532  -0.0073713  0.337032
-0.0198122  -0.0203747  -0.00956948 -0.00634088   -0.0203747  -0.0191257  0.00454277  -0.0104854    -0.00956948 0.00454277  -0.0073713  0.00717432    -0.00635107 -0.0104854  0.00717432  -0.012645

0.0252747   0.0191085   0.0214618   0.00272853    0.0191085   0.0108408   -0.00498538 0.00713585    0.0214618   -0.00498538 0.0156379   -0.0063265    0.00272853  0.00713585  -0.0063265  0.0107084
0.0969095   0.0389078   0.0442733   -0.00713585   0.0389078   0.0526048   -0.0165324  0.0399258     0.0442733   -0.0165324  0.0616532   0.0104854     -0.00713585 0.0399258   0.0104854   0.0263973
-0.0198122  -0.0203747  -0.00956948 -0.00634088   -0.0203747  -0.0191257  0.00454277  -0.0104854    -0.00956948 0.00454277  -0.0073713  0.00717432    -0.00635107 -0.0104854  0.00717432  -0.012645
0.387499    -0.0148337  0.0473579   0.0107084     -0.0148337  0.361078    0.0266928   -0.0263973    0.0473579   0.0266928   0.337032    -0.0125432    0.0107084   -0.0263973  -0.0125432  0.331676


    Hamiltonian Matrix BA:    < psi_{i1,B} <psi_{i2,A} | V_e-e | psi_{i3,B} <psi_{i4,A} >

HijkBA: {{{{0.5219809952, 0.06452631062, 0.0961699433, 0.008816680255}, {0.06452631062, -0.0686720844, 0.03750781573, -0.01994423306}, {0.09621623596, 0.03750781573, 0.0534817606, 0.00853583604}, {0.008816680255, -0.01994423306, 0.00853583604, 0.01843567038}}, {{0.06452631062, 0.4538326672, -0.01517718702, 0.05524606097}, {-0.0686720844, 0.01143531398, 0.02280342308, -0.06540502344}, {0.03750781573, 0.06215970559, 0.005618301141, 0.02503511956}, {-0.01994423306, 0.02278690069, -0.002395999436, -0.002077288755}}, {{0.0961699433, -0.01517718702, 0.4181499949, -0.005475563391}, {0.03750781573, 0.02280342308, 0.04004873943, 0.01398058184}, {0.0534817606, 0.005618301141, 0.05808837293, -0.001981044139}, {0.00853583604, -0.002395999436, 0.006513788543, -0.01459185842}}, {{0.008816680255, 0.05524606097, -0.005475563391, 0.3926087352}, {-0.01994423306, -0.06540502344, 0.01398058184, 0.001738748036}, {0.00853583604, 0.02503511956, -0.001981044139, 0.03439028116}, {0.01843567038, -0.002077288755, -0.01459185842, 0.01716023532}}}, {{{0.06452631062, -0.0686720844, 0.03750781573, -0.01994423306}, {0.4538326672, 0.01143531398, 0.06215970559, 0.02277918396}, {-0.01517718702, 0.02280307978, 0.005618301141, -0.002395999436}, {0.05524606097, -0.06540502344, 0.02503511956, -0.002077288755}}, {{-0.0686720844, 0.01143531398, 0.02280342308, -0.06540502344}, {0.01143531398, 0.4275770287, -0.02252840271, 0.03259813843}, {0.02280309297, -0.02252840271, -0.01744008838, 0.0227960605}, {-0.06540502344, 0.03259813843, 0.0227960605, -0.07026162082}}, {{0.03750781573, 0.02280342308, 0.04004873943, 0.01398058184}, {0.06215970559, -0.02252840271, 0.3780241644, -0.02055280375}, {0.005618301141, -0.01744008838, -0.005081781832, -0.005159190057}, {0.02503511956, 0.0227960605, 0.0325279907, 0.00919540005}}, {{-0.01994423306, -0.06540502344, 0.01398058184, 0.001738748036}, {0.02277918396, 0.03259813843, -0.02055280375, 0.3850494228}, {-0.002395999436, 0.0227960605, -0.005159190057, -0.01692321897}, {-0.002077288755, -0.07026162082, 0.00919540005, 0.009283138503}}}, {{{0.09621623596, 0.03750781573, 0.0534817606, 0.00853583604}, {-0.01517718702, 0.02280307978, 0.005618301141, -0.002395999436}, {0.4182171287, 0.04004873943, 0.05816334078, 0.006513788543}, {-0.005475563391, 0.01398058184, -0.001980745619, -0.01460487514}}, {{0.03750781573, 0.06215970559, 0.005618301141, 0.02503511956}, {0.02280307978, -0.02252840271, -0.01744008838, 0.0227960605}, {0.04004873943, 0.3780241644, -0.005081781832, 0.0325279907}, {0.01398058184, -0.02055281381, -0.005159196818, 0.00919540005}}, {{0.0534817606, 0.005618301141, 0.05808837293, -0.001981044139}, {0.005618301141, -0.01744008838, -0.005081781832, -0.005159190057}, {0.05816334078, -0.005081781832, 0.3589628612, -0.0005405082305}, {-0.001980745619, -0.005159196818, -0.0005405082305, 0.01628354427}}, {{0.00853583604, 0.02503511956, -0.001981044139, 0.03439028116}, {-0.002395999436, 0.0227960605, -0.005159190057, -0.01692321897}, {0.006513788543, 0.0325279907, -0.0005405082305, 0.3415059244}, {-0.01460372718, 0.00919540005, 0.01628354427, -0.01467599488}}}, {{{0.008816680255, -0.01994423306, 0.00853583604, 0.01843567038}, {0.05524606097, -0.06540502344, 0.02503511956, -0.002077288755}, {-0.005475563391, 0.01398058184, -0.001980745619, -0.01460487514}, {0.3926087352, 0.001738748036, 0.03439126334, 0.01716023532}}, {{-0.01994423306, 0.02278690069, -0.002395999436, -0.002077288755}, {-0.06540502344, 0.03259813843, 0.0227960605, -0.07026162082}, {0.01398058184, -0.02055281381, -0.005159196818, 0.00919540005}, {0.001738748036, 0.385047821, -0.0169218441, 0.009283138503}}, {{0.00853583604, -0.002395999436, 0.006513788543, -0.01459185842}, {0.02503511956, 0.0227960605, 0.0325279907, 0.00919540005}, {-0.001980745619, -0.005159196818, -0.0005405082305, 0.01628354427}, {0.03439126334, -0.0169218441, 0.3415048133, -0.01467599488}}, {{0.01843567038, -0.002077288755, -0.01459185842, 0.01716023532}, {-0.002077288755, -0.07026162082, 0.00919540005, 0.009283138503}, {-0.01460372718, 0.00919540005, 0.01628354427, -0.01467599488}, {0.01716023532, 0.009283138503, -0.01467599488, 0.3604243457}}}}
0.521981     0.0645263    0.0961699    0.00881668     0.0645263    0.453833     -0.0151772   0.0552461      0.0961699    -0.0151772   0.41815      -0.00547556    0.00881668   0.0552461    -0.00547556  0.392609
0.0645263    -0.0686721   0.0375078    -0.0199442     -0.0686721   0.0114353    0.0228034    -0.065405      0.0375078    0.0228034    0.0400487    0.0139806      -0.0199442   -0.065405    0.0139806    0.00173875
0.0962162    0.0375078    0.0534818    0.00853584     0.0375078    0.0621597    0.0056183    0.0250351      0.0534818    0.0056183    0.0580884    -0.00198104    0.00853584   0.0250351    -0.00198104  0.0343903
0.00881668   -0.0199442   0.00853584   0.0184357      -0.0199442   0.0227869    -0.002396    -0.00207729    0.00853584   -0.002396    0.00651379   -0.0145919     0.0184357    -0.00207729  -0.0145919   0.0171602

0.0645263    -0.0686721   0.0375078    -0.0199442     -0.0686721   0.0114353    0.0228034    -0.065405      0.0375078    0.0228034    0.0400487    0.0139806      -0.0199442   -0.065405    0.0139806    0.00173875
0.453833     0.0114353    0.0621597    0.0227792      0.0114353    0.427577     -0.0225284   0.0325981      0.0621597    -0.0225284   0.378024     -0.0205528     0.0227792    0.0325981    -0.0205528   0.385049
-0.0151772   0.0228031    0.0056183    -0.002396      0.0228031    -0.0225284   -0.0174401   0.0227961      0.0056183    -0.0174401   -0.00508178  -0.00515919    -0.002396    0.0227961    -0.00515919  -0.0169232
0.0552461    -0.065405    0.0250351    -0.00207729    -0.065405    0.0325981    0.0227961    -0.0702616     0.0250351    0.0227961    0.032528     0.0091954      -0.00207729  -0.0702616   0.0091954    0.00928314

0.0962162    0.0375078    0.0534818    0.00853584     0.0375078    0.0621597    0.0056183    0.0250351      0.0534818    0.0056183    0.0580884    -0.00198104    0.00853584   0.0250351    -0.00198104  0.0343903
-0.0151772   0.0228031    0.0056183    -0.002396      0.0228031    -0.0225284   -0.0174401   0.0227961      0.0056183    -0.0174401   -0.00508178  -0.00515919    -0.002396    0.0227961    -0.00515919  -0.0169232
0.418217     0.0400487    0.0581633    0.00651379     0.0400487    0.378024     -0.00508178  0.032528       0.0581633    -0.00508178  0.358963     -0.000540508   0.00651379   0.032528     -0.000540508 0.341506
-0.00547556  0.0139806    -0.00198075  -0.0146049     0.0139806    -0.0205528   -0.0051592   0.0091954      -0.00198075  -0.0051592   -0.000540508 0.0162835      -0.0146037   0.0091954    0.0162835    -0.014676

0.00881668   -0.0199442   0.00853584   0.0184357      -0.0199442   0.0227869    -0.002396    -0.00207729    0.00853584   -0.002396    0.00651379   -0.0145919     0.0184357    -0.00207729  -0.0145919   0.0171602
0.0552461    -0.065405    0.0250351    -0.00207729    -0.065405    0.0325981    0.0227961    -0.0702616     0.0250351    0.0227961    0.032528     0.0091954      -0.00207729  -0.0702616   0.0091954    0.00928314
-0.00547556  0.0139806    -0.00198075  -0.0146049     0.0139806    -0.0205528   -0.0051592   0.0091954      -0.00198075  -0.0051592   -0.000540508 0.0162835      -0.0146037   0.0091954    0.0162835    -0.014676
0.392609     0.00173875   0.0343913    0.0171602      0.00173875   0.385048     -0.0169218   0.00928314     0.0343913    -0.0169218   0.341505     -0.014676      0.0171602    0.00928314   -0.014676    0.360424


    Hamiltonian Matrix BC:    < psi_{i1,B} <psi_{i2,C} | V_e-e | psi_{i3,B} <psi_{i4,C} >

HijkBC: {{{{0.5219809952, -0.06452631062, 0.09616116492, 0.008816680255}, {-0.06452631062, -0.0686720844, -0.03750781573, 0.01994423306}, {0.096201786, -0.03750781573, 0.0534817606, 0.00853583604}, {0.008816680255, 0.01994423306, 0.00853583604, 0.01843567038}}, {{-0.06452631062, 0.4538326672, 0.01517718702, -0.05524606097}, {-0.0686720844, -0.01143531398, 0.02279851198, -0.06540502344}, {-0.03750781573, 0.06215970559, -0.005618301141, -0.02503511956}, {0.01994423306, 0.02278621669, 0.002395999436, 0.002077288755}}, {{0.09616116492, 0.01517718702, 0.418167088, -0.005475563391}, {-0.03750781573, 0.02279851198, -0.04004873943, -0.01398058184}, {0.0534817606, -0.005618301141, 0.0580820466, -0.001980745619}, {0.00853583604, 0.002395999436, 0.006513788543, -0.01459347542}}, {{0.008816680255, -0.05524606097, -0.005475563391, 0.3926087352}, {0.01994423306, -0.06540502344, -0.01398058184, -0.001738748036}, {0.00853583604, -0.02503511956, -0.001980745619, 0.03439077225}, {0.01843567038, 0.002077288755, -0.01459347542, 0.01716023532}}}, {{{-0.06452631062, -0.0686720844, -0.03750781573, 0.01994423306}, {0.4538326672, -0.01143531398, 0.06215970559, 0.02279963634}, {0.01517718702, 0.02280537403, -0.005618301141, 0.002395999436}, {-0.05524606097, -0.06540502344, -0.02503511956, 0.002077288755}}, {{-0.0686720844, -0.01143531398, 0.02279852919, -0.06540502344}, {-0.01143531398, 0.4275770287, 0.02252840271, -0.03259813843}, {0.02280535682, 0.02252840271, -0.01744008838, 0.0227960605}, {-0.06540502344, -0.03259813843, 0.0227960605, -0.07026162082}}, {{-0.03750781573, 0.02279851198, -0.04004873943, -0.01398058184}, {0.06215970559, 0.02252840271, 0.3780241644, -0.02055280375}, {-0.005618301141, -0.01744008838, 0.005081781832, 0.005159196818}, {-0.02503511956, 0.0227960605, -0.0325279907, -0.00919540005}}, {{0.01994423306, -0.06540502344, -0.01398058184, -0.001738748036}, {0.02279963634, -0.03259813843, -0.02055280375, 0.3850486219}, {0.002395999436, 0.0227960605, 0.005159196818, 0.01692253154}, {0.002077288755, -0.07026162082, -0.00919540005, -0.009283138503}}}, {{{0.096201786, -0.03750781573, 0.0534817606, 0.00853583604}, {0.01517718702, 0.02280537403, -0.005618301141, 0.002395999436}, {0.4181954961, -0.04004873943, 0.0581642888, 0.006513788543}, {-0.005475563391, -0.01398058184, -0.001981044139, -0.01460379844}}, {{-0.03750781573, 0.06215970559, -0.005618301141, -0.02503511956}, {0.02280537403, 0.02252840271, -0.01744008838, 0.0227960605}, {-0.04004873943, 0.3780241644, 0.005081781832, -0.0325279907}, {-0.01398058184, -0.02055281381, 0.005159190057, -0.00919540005}}, {{0.0534817606, -0.005618301141, 0.0580820466, -0.001980745619}, {-0.005618301141, -0.01744008838, 0.005081781832, 0.005159196818}, {0.0581642888, 0.005081781832, 0.3589628612, -0.0005405082305}, {-0.001981044139, 0.005159190057, -0.0005405082305, 0.01628354427}}, {{0.00853583604, -0.02503511956, -0.001980745619, 0.03439077225}, {0.002395999436, 0.0227960605, 0.005159196818, 0.01692253154}, {0.006513788543, -0.0325279907, -0.0005405082305, 0.3415053689}, {-0.01460379844, -0.00919540005, 0.01628354427, -0.01467599488}}}, {{{0.008816680255, 0.01994423306, 0.00853583604, 0.01843567038}, {-0.05524606097, -0.06540502344, -0.02503511956, 0.002077288755}, {-0.005475563391, -0.01398058184, -0.001981044139, -0.01460379844}, {0.3926087352, -0.001738748036, 0.03439126334, 0.01716023532}}, {{0.01994423306, 0.02278621669, 0.002395999436, 0.002077288755}, {-0.06540502344, -0.03259813843, 0.0227960605, -0.07026162082}, {-0.01398058184, -0.02055281381, 0.005159190057, -0.00919540005}, {-0.001738748036, 0.385047821, 0.0169218441, -0.009283138503}}, {{0.00853583604, 0.002395999436, 0.006513788543, -0.01459347542}, {-0.02503511956, 0.0227960605, -0.0325279907, -0.00919540005}, {-0.001981044139, 0.005159190057, -0.0005405082305, 0.01628354427}, {0.03439126334, 0.0169218441, 0.3415048133, -0.01467599488}}, {{0.01843567038, 0.002077288755, -0.01459347542, 0.01716023532}, {0.002077288755, -0.07026162082, -0.00919540005, -0.009283138503}, {-0.01460379844, -0.00919540005, 0.01628354427, -0.01467599488}, {0.01716023532, -0.009283138503, -0.01467599488, 0.3604243457}}}}
0.521981     -0.0645263   0.0961612    0.00881668     -0.0645263   0.453833     0.0151772    -0.0552461     0.0961612    0.0151772    0.418167     -0.00547556    0.00881668   -0.0552461   -0.00547556  0.392609
-0.0645263   -0.0686721   -0.0375078   0.0199442      -0.0686721   -0.0114353   0.0227985    -0.065405      -0.0375078   0.0227985    -0.0400487   -0.0139806     0.0199442    -0.065405    -0.0139806   -0.00173875
0.0962018    -0.0375078   0.0534818    0.00853584     -0.0375078   0.0621597    -0.0056183   -0.0250351     0.0534818    -0.0056183   0.058082     -0.00198075    0.00853584   -0.0250351   -0.00198075  0.0343908
0.00881668   0.0199442    0.00853584   0.0184357      0.0199442    0.0227862    0.002396     0.00207729     0.00853584   0.002396     0.00651379   -0.0145935     0.0184357    0.00207729   -0.0145935   0.0171602

-0.0645263   -0.0686721   -0.0375078   0.0199442      -0.0686721   -0.0114353   0.0227985    -0.065405      -0.0375078   0.0227985    -0.0400487   -0.0139806     0.0199442    -0.065405    -0.0139806   -0.00173875
0.453833     -0.0114353   0.0621597    0.0227996      -0.0114353   0.427577     0.0225284    -0.0325981     0.0621597    0.0225284    0.378024     -0.0205528     0.0227996    -0.0325981   -0.0205528   0.385049
0.0151772    0.0228054    -0.0056183   0.002396       0.0228054    0.0225284    -0.0174401   0.0227961      -0.0056183   -0.0174401   0.00508178   0.0051592      0.002396     0.0227961    0.0051592    0.0169225
-0.0552461   -0.065405    -0.0250351   0.00207729     -0.065405    -0.0325981   0.0227961    -0.0702616     -0.0250351   0.0227961    -0.032528    -0.0091954     0.00207729   -0.0702616   -0.0091954   -0.00928314

0.0962018    -0.0375078   0.0534818    0.00853584     -0.0375078   0.0621597    -0.0056183   -0.0250351     0.0534818    -0.0056183   0.058082     -0.00198075    0.00853584   -0.0250351   -0.00198075  0.0343908
0.0151772    0.0228054    -0.0056183   0.002396       0.0228054    0.0225284    -0.0174401   0.0227961      -0.0056183   -0.0174401   0.00508178   0.0051592      0.002396     0.0227961    0.0051592    0.0169225
0.418195     -0.0400487   0.0581643    0.00651379     -0.0400487   0.378024     0.00508178   -0.032528      0.0581643    0.00508178   0.358963     -0.000540508   0.00651379   -0.032528    -0.000540508 0.341505
-0.00547556  -0.0139806   -0.00198104  -0.0146038     -0.0139806   -0.0205528   0.00515919   -0.0091954     -0.00198104  0.00515919   -0.000540508 0.0162835      -0.0146038   -0.0091954   0.0162835    -0.014676

0.00881668   0.0199442    0.00853584   0.0184357      0.0199442    0.0227862    0.002396     0.00207729     0.00853584   0.002396     0.00651379   -0.0145935     0.0184357    0.00207729   -0.0145935   0.0171602
-0.0552461   -0.065405    -0.0250351   0.00207729     -0.065405    -0.0325981   0.0227961    -0.0702616     -0.0250351   0.0227961    -0.032528    -0.0091954     0.00207729   -0.0702616   -0.0091954   -0.00928314
-0.00547556  -0.0139806   -0.00198104  -0.0146038     -0.0139806   -0.0205528   0.00515919   -0.0091954     -0.00198104  0.00515919   -0.000540508 0.0162835      -0.0146038   -0.0091954   0.0162835    -0.014676
0.392609     -0.00173875  0.0343913    0.0171602      -0.00173875  0.385048     0.0169218    -0.00928314    0.0343913    0.0169218    0.341505     -0.014676      0.0171602    -0.00928314  -0.014676    0.360424


    Hamiltonian Matrix CA:    < psi_{i1,C} <psi_{i2,A} | V_e-e | psi_{i3,C} <psi_{i4,A} >

HijkCA: {{{{0.4551893833, -0.1002095196, 0.06114179232, 0.02527470865}, {0.1002095196, 0.021212798, 0.047693914, -0.01909926952}, {0.06099589977, -0.047693914, 0.0226064609, 0.02146176663}, {0.02527470865, 0.01910853667, 0.02146176663, 0.002728532706}}, {{-0.1002095196, 0.4346045378, 0.03436087827, -0.09690951297}, {0.021212798, 0.03977578685, -0.02388891269, 0.03890776076}, {-0.047693914, 0.06753158288, 0.001906588039, -0.04427332996}, {0.01910853667, 0.0108427909, -0.004985375204, 0.007135850951}}, {{0.06114179232, 0.03436087827, 0.3780077539, -0.0198121677}, {0.047693914, -0.02388891269, 0.05949206129, 0.02037440699}, {0.0226064609, 0.001906588039, 0.03608076734, -0.00956948195}, {0.02146176663, -0.004985375204, 0.01563787794, -0.006326402127}}, {{0.02527470865, -0.09690951297, -0.0198121677, 0.3874989803}, {-0.01909926952, 0.03890776076, 0.02037440699, 0.0148336743}, {0.02146176663, -0.04427332996, -0.00956948195, 0.04735785436}, {0.002728532706, 0.007135850951, -0.006326402127, 0.0107084052}}}, {{{0.100210385, 0.021212798, 0.047693914, -0.01909926952}, {0.4346045378, -0.03977578685, 0.06753158288, 0.01084051762}, {-0.03436087827, -0.02389288297, -0.001906588039, 0.004985375204}, {0.09690951297, 0.03890776076, 0.04427332996, -0.007135850951}}, {{0.021212798, 0.03977578685, -0.02388891672, 0.03890776076}, {-0.03977578685, 0.3916819322, 0.02734655387, -0.05260479458}, {-0.02389288122, -0.02734655387, 0.004139160558, -0.01653237369}, {0.03890776076, 0.05260479458, -0.01653237369, 0.03992582908}}, {{0.047693914, -0.02388891269, 0.05949206129, 0.02037440699}, {0.06753158288, 0.02734655387, 0.3667724914, -0.01912569249}, {-0.001906588039, 0.004139160558, -0.02170777412, -0.004542770752}, {0.04427332996, -0.01653237369, 0.06165320333, 0.01048537859}}, {{-0.01909926952, 0.03890776076, 0.02037440699, 0.0148336743}, {0.01084118816, -0.05260479458, -0.01912569249, 0.3610784861}, {0.004985375204, -0.01653237369, -0.004542770752, -0.02669293903}, {-0.007135850951, 0.03992582908, 0.01048537859, 0.02639729542}}}, {{{0.06099589977, -0.047693914, 0.0226064609, 0.02146176663}, {-0.03436087827, -0.02389288297, -0.001906588039, 0.004985375204}, {0.3779767547, -0.05949206129, 0.036109263, 0.01563787794}, {-0.0198121677, -0.02037466075, -0.00956948195, -0.006340878002}}, {{-0.047693914, 0.06753158288, 0.001906588039, -0.04427332996}, {-0.02389288297, -0.02734655387, 0.004139160558, -0.01653237369}, {-0.05949206129, 0.3667724914, 0.02170777412, -0.06165320333}, {-0.02037466075, -0.01912569249, 0.004542770752, -0.01048537859}}, {{0.0226064609, 0.001906588039, 0.03608076734, -0.00956948195}, {-0.001906588039, 0.004139160558, -0.02170777412, -0.004542770752}, {0.036109263, 0.02170777412, 0.3271505072, -0.007371299053}, {-0.00956948195, 0.004542770752, -0.007371299053, 0.007174316309}}, {{0.02146176663, -0.04427332996, -0.00956948195, 0.04735785436}, {0.004985375204, -0.01653237369, -0.004542770752, -0.02669293903}, {0.01563787794, -0.06165320333, -0.007371299053, 0.3370315975}, {-0.006351070022, -0.01048537859, 0.007174316309, -0.01264497071}}}, {{{0.02527470865, 0.01910853667, 0.02146176663, 0.002728532706}, {0.09690951297, 0.03890776076, 0.04427332996, -0.007135850951}, {-0.0198121677, -0.02037466075, -0.00956948195, -0.006340878002}, {0.3874989803, -0.0148336743, 0.04735785436, 0.0107084052}}, {{0.01910853667, 0.01084082992, -0.004985375204, 0.007135850951}, {0.03890776076, 0.05260479458, -0.01653237369, 0.03992582908}, {-0.02037466075, -0.01912569249, 0.004542770752, -0.01048537859}, {-0.0148336743, 0.3610784861, 0.02669281201, -0.02639729542}}, {{0.02146176663, -0.004985375204, 0.01563787794, -0.006326500314}, {0.04427332996, -0.01653237369, 0.06165320333, 0.01048537859}, {-0.00956948195, 0.004542770752, -0.007371299053, 0.007174316309}, {0.04735785436, 0.02669281201, 0.3370315975, -0.01254317715}}, {{0.002728532706, 0.007135850951, -0.006326500314, 0.0107084052}, {-0.007135850951, 0.03992582908, 0.01048537859, 0.02639729542}, {-0.006351070022, -0.01048537859, 0.007174316309, -0.01264497071}, {0.0107084052, -0.02639729542, -0.01254317715, 0.3316755724}}}}
0.455189    -0.10021    0.0611418   0.0252747     -0.10021    0.434605    0.0343609   -0.0969095    0.0611418   0.0343609   0.378008    -0.0198122    0.0252747   -0.0969095  -0.0198122  0.387499
0.10021     0.0212128   0.0476939   -0.0190993    0.0212128   0.0397758   -0.0238889  0.0389078     0.0476939   -0.0238889  0.0594921   0.0203744     -0.0190993  0.0389078   0.0203744   0.0148337
0.0609959   -0.0476939  0.0226065   0.0214618     -0.0476939  0.0675316   0.00190659  -0.0442733    0.0226065   0.00190659  0.0360808   -0.00956948   0.0214618   -0.0442733  -0.00956948 0.0473579
0.0252747   0.0191085   0.0214618   0.00272853    0.0191085   0.0108428   -0.00498538 0.00713585    0.0214618   -0.00498538 0.0156379   -0.0063264    0.00272853  0.00713585  -0.0063264  0.0107084

0.10021     0.0212128   0.0476939   -0.0190993    0.0212128   0.0397758   -0.0238889  0.0389078     0.0476939   -0.0238889  0.0594921   0.0203744     -0.0190993  0.0389078   0.0203744   0.0148337
0.434605    -0.0397758  0.0675316   0.0108405     -0.0397758  0.391682    0.0273466   -0.0526048    0.0675316   0.0273466   0.366772    -0.0191257    0.0108412   -0.0526048  -0.0191257  0.361078
-0.0343609  -0.0238929  -0.00190659 0.00498538    -0.0238929  -0.0273466  0.00413916  -0.0165324    -0.00190659 0.00413916  -0.0217078  -0.00454277   0.00498538  -0.0165324  -0.00454277 -0.0266929
0.0969095   0.0389078   0.0442733   -0.00713585   0.0389078   0.0526048   -0.0165324  0.0399258     0.0442733   -0.0165324  0.0616532   0.0104854     -0.00713585 0.0399258   0.0104854   0.0263973

0.0609959   -0.0476939  0.0226065   0.0214618     -0.0476939  0.0675316   0.00190659  -0.0442733    0.0226065   0.00190659  0.0360808   -0.00956948   0.0214618   -0.0442733  -0.00956948 0.0473579
-0.0343609  -0.0238929  -0.00190659 0.00498538    -0.0238929  -0.0273466  0.00413916  -0.0165324    -0.00190659 0.00413916  -0.0217078  -0.00454277   0.00498538  -0.0165324  -0.00454277 -0.0266929
0.377977    -0.0594921  0.0361093   0.0156379     -0.0594921  0.366772    0.0217078   -0.0616532    0.0361093   0.0217078   0.327151    -0.0073713    0.0156379   -0.0616532  -0.0073713  0.337032
-0.0198122  -0.0203747  -0.00956948 -0.00634088   -0.0203747  -0.0191257  0.00454277  -0.0104854    -0.00956948 0.00454277  -0.0073713  0.00717432    -0.00635107 -0.0104854  0.00717432  -0.012645

0.0252747   0.0191085   0.0214618   0.00272853    0.0191085   0.0108408   -0.00498538 0.00713585    0.0214618   -0.00498538 0.0156379   -0.0063265    0.00272853  0.00713585  -0.0063265  0.0107084
0.0969095   0.0389078   0.0442733   -0.00713585   0.0389078   0.0526048   -0.0165324  0.0399258     0.0442733   -0.0165324  0.0616532   0.0104854     -0.00713585 0.0399258   0.0104854   0.0263973
-0.0198122  -0.0203747  -0.00956948 -0.00634088   -0.0203747  -0.0191257  0.00454277  -0.0104854    -0.00956948 0.00454277  -0.0073713  0.00717432    -0.00635107 -0.0104854  0.00717432  -0.012645
0.387499    -0.0148337  0.0473579   0.0107084     -0.0148337  0.361078    0.0266928   -0.0263973    0.0473579   0.0266928   0.337032    -0.0125432    0.0107084   -0.0263973  -0.0125432  0.331676


    Hamiltonian Matrix CB:    < psi_{i1,C} <psi_{i2,B} | V_e-e | psi_{i3,C} <psi_{i4,B} >

HijkCB: {{{{0.5219809952, -0.06452631062, 0.09616116492, 0.008816680255}, {-0.06452631062, -0.0686720844, -0.03750781573, 0.01994423306}, {0.096201786, -0.03750781573, 0.0534817606, 0.00853583604}, {0.008816680255, 0.01994423306, 0.00853583604, 0.01843567038}}, {{-0.06452631062, 0.4538326672, 0.01517718702, -0.05524606097}, {-0.0686720844, -0.01143531398, 0.02279851198, -0.06540502344}, {-0.03750781573, 0.06215970559, -0.005618301141, -0.02503511956}, {0.01994423306, 0.02278621669, 0.002395999436, 0.002077288755}}, {{0.09616116492, 0.01517718702, 0.418167088, -0.005475563391}, {-0.03750781573, 0.02279851198, -0.04004873943, -0.01398058184}, {0.0534817606, -0.005618301141, 0.0580820466, -0.001980745619}, {0.00853583604, 0.002395999436, 0.006513788543, -0.01459347542}}, {{0.008816680255, -0.05524606097, -0.005475563391, 0.3926087352}, {0.01994423306, -0.06540502344, -0.01398058184, -0.001738748036}, {0.00853583604, -0.02503511956, -0.001980745619, 0.03439077225}, {0.01843567038, 0.002077288755, -0.01459347542, 0.01716023532}}}, {{{-0.06452631062, -0.0686720844, -0.03750781573, 0.01994423306}, {0.4538326672, -0.01143531398, 0.06215970559, 0.02279963634}, {0.01517718702, 0.02280537403, -0.005618301141, 0.002395999436}, {-0.05524606097, -0.06540502344, -0.02503511956, 0.002077288755}}, {{-0.0686720844, -0.01143531398, 0.02279852919, -0.06540502344}, {-0.01143531398, 0.4275770287, 0.02252840271, -0.03259813843}, {0.02280535682, 0.02252840271, -0.01744008838, 0.0227960605}, {-0.06540502344, -0.03259813843, 0.0227960605, -0.07026162082}}, {{-0.03750781573, 0.02279851198, -0.04004873943, -0.01398058184}, {0.06215970559, 0.02252840271, 0.3780241644, -0.02055280375}, {-0.005618301141, -0.01744008838, 0.005081781832, 0.005159196818}, {-0.02503511956, 0.0227960605, -0.0325279907, -0.00919540005}}, {{0.01994423306, -0.06540502344, -0.01398058184, -0.001738748036}, {0.02279963634, -0.03259813843, -0.02055280375, 0.3850486219}, {0.002395999436, 0.0227960605, 0.005159196818, 0.01692253154}, {0.002077288755, -0.07026162082, -0.00919540005, -0.009283138503}}}, {{{0.096201786, -0.03750781573, 0.0534817606, 0.00853583604}, {0.01517718702, 0.02280537403, -0.005618301141, 0.002395999436}, {0.4181954961, -0.04004873943, 0.0581642888, 0.006513788543}, {-0.005475563391, -0.01398058184, -0.001981044139, -0.01460379844}}, {{-0.03750781573, 0.06215970559, -0.005618301141, -0.02503511956}, {0.02280537403, 0.02252840271, -0.01744008838, 0.0227960605}, {-0.04004873943, 0.3780241644, 0.005081781832, -0.0325279907}, {-0.01398058184, -0.02055281381, 0.005159190057, -0.00919540005}}, {{0.0534817606, -0.005618301141, 0.0580820466, -0.001980745619}, {-0.005618301141, -0.01744008838, 0.005081781832, 0.005159196818}, {0.0581642888, 0.005081781832, 0.3589628612, -0.0005405082305}, {-0.001981044139, 0.005159190057, -0.0005405082305, 0.01628354427}}, {{0.00853583604, -0.02503511956, -0.001980745619, 0.03439077225}, {0.002395999436, 0.0227960605, 0.005159196818, 0.01692253154}, {0.006513788543, -0.0325279907, -0.0005405082305, 0.3415053689}, {-0.01460379844, -0.00919540005, 0.01628354427, -0.01467599488}}}, {{{0.008816680255, 0.01994423306, 0.00853583604, 0.01843567038}, {-0.05524606097, -0.06540502344, -0.02503511956, 0.002077288755}, {-0.005475563391, -0.01398058184, -0.001981044139, -0.01460379844}, {0.3926087352, -0.001738748036, 0.03439126334, 0.01716023532}}, {{0.01994423306, 0.02278621669, 0.002395999436, 0.002077288755}, {-0.06540502344, -0.03259813843, 0.0227960605, -0.07026162082}, {-0.01398058184, -0.02055281381, 0.005159190057, -0.00919540005}, {-0.001738748036, 0.385047821, 0.0169218441, -0.009283138503}}, {{0.00853583604, 0.002395999436, 0.006513788543, -0.01459347542}, {-0.02503511956, 0.0227960605, -0.0325279907, -0.00919540005}, {-0.001981044139, 0.005159190057, -0.0005405082305, 0.01628354427}, {0.03439126334, 0.0169218441, 0.3415048133, -0.01467599488}}, {{0.01843567038, 0.002077288755, -0.01459347542, 0.01716023532}, {0.002077288755, -0.07026162082, -0.00919540005, -0.009283138503}, {-0.01460379844, -0.00919540005, 0.01628354427, -0.01467599488}, {0.01716023532, -0.009283138503, -0.01467599488, 0.3604243457}}}}
0.521981     -0.0645263   0.0961612    0.00881668     -0.0645263   0.453833     0.0151772    -0.0552461     0.0961612    0.0151772    0.418167     -0.00547556    0.00881668   -0.0552461   -0.00547556  0.392609
-0.0645263   -0.0686721   -0.0375078   0.0199442      -0.0686721   -0.0114353   0.0227985    -0.065405      -0.0375078   0.0227985    -0.0400487   -0.0139806     0.0199442    -0.065405    -0.0139806   -0.00173875
0.0962018    -0.0375078   0.0534818    0.00853584     -0.0375078   0.0621597    -0.0056183   -0.0250351     0.0534818    -0.0056183   0.058082     -0.00198075    0.00853584   -0.0250351   -0.00198075  0.0343908
0.00881668   0.0199442    0.00853584   0.0184357      0.0199442    0.0227862    0.002396     0.00207729     0.00853584   0.002396     0.00651379   -0.0145935     0.0184357    0.00207729   -0.0145935   0.0171602

-0.0645263   -0.0686721   -0.0375078   0.0199442      -0.0686721   -0.0114353   0.0227985    -0.065405      -0.0375078   0.0227985    -0.0400487   -0.0139806     0.0199442    -0.065405    -0.0139806   -0.00173875
0.453833     -0.0114353   0.0621597    0.0227996      -0.0114353   0.427577     0.0225284    -0.0325981     0.0621597    0.0225284    0.378024     -0.0205528     0.0227996    -0.0325981   -0.0205528   0.385049
0.0151772    0.0228054    -0.0056183   0.002396       0.0228054    0.0225284    -0.0174401   0.0227961      -0.0056183   -0.0174401   0.00508178   0.0051592      0.002396     0.0227961    0.0051592    0.0169225
-0.0552461   -0.065405    -0.0250351   0.00207729     -0.065405    -0.0325981   0.0227961    -0.0702616     -0.0250351   0.0227961    -0.032528    -0.0091954     0.00207729   -0.0702616   -0.0091954   -0.00928314

0.0962018    -0.0375078   0.0534818    0.00853584     -0.0375078   0.0621597    -0.0056183   -0.0250351     0.0534818    -0.0056183   0.058082     -0.00198075    0.00853584   -0.0250351   -0.00198075  0.0343908
0.0151772    0.0228054    -0.0056183   0.002396       0.0228054    0.0225284    -0.0174401   0.0227961      -0.0056183   -0.0174401   0.00508178   0.0051592      0.002396     0.0227961    0.0051592    0.0169225
0.418195     -0.0400487   0.0581643    0.00651379     -0.0400487   0.378024     0.00508178   -0.032528      0.0581643    0.00508178   0.358963     -0.000540508   0.00651379   -0.032528    -0.000540508 0.341505
-0.00547556  -0.0139806   -0.00198104  -0.0146038     -0.0139806   -0.0205528   0.00515919   -0.0091954     -0.00198104  0.00515919   -0.000540508 0.0162835      -0.0146038   -0.0091954   0.0162835    -0.014676

0.00881668   0.0199442    0.00853584   0.0184357      0.0199442    0.0227862    0.002396     0.00207729     0.00853584   0.002396     0.00651379   -0.0145935     0.0184357    0.00207729   -0.0145935   0.0171602
-0.0552461   -0.065405    -0.0250351   0.00207729     -0.065405    -0.0325981   0.0227961    -0.0702616     -0.0250351   0.0227961    -0.032528    -0.0091954     0.00207729   -0.0702616   -0.0091954   -0.00928314
-0.00547556  -0.0139806   -0.00198104  -0.0146038     -0.0139806   -0.0205528   0.00515919   -0.0091954     -0.00198104  0.00515919   -0.000540508 0.0162835      -0.0146038   -0.0091954   0.0162835    -0.014676
0.392609     -0.00173875  0.0343913    0.0171602      -0.00173875  0.385048     0.0169218    -0.00928314    0.0343913    0.0169218    0.341505     -0.014676      0.0171602    -0.00928314  -0.014676    0.360424


Energy:  {3.00651769}


Coefficients: {{0.8034319471, 0.5344845685, 0.05519226367, 0.2564705956}, {0.9188505819, -0.3145869177, 0.1691967649, 0.1676935718}, {0.9188505819, -0.3145869177, 0.1691967649, 0.1676935718}, {0.8034319471, 0.5344845685, 0.05519226367, 0.2564705956}}


r2: {3.850611891, 2.825621699, 2.825621699, 3.850611891}
r2f: {3.18284615}


r3: {9.273015945, 5.940191467, 5.940191467, 9.273015945}
r3f: {6.975440461}


alpha: {5.982213164, 3.832139598, 3.832139598, 5.982213164}
alphaf: {4.5}




~~~XDM (a1=0.65, a2=3.17474)~~~

M1^2: {4.579941702, 3.736952673, 3.736952673, 4.579941702}
M1f^2: {3.18284615}

M2^2: {22.9444405, 21.64846709, 21.64846709, 22.9444405}
M2f^2: {16.88418269}

M3^2: {246.5407427, 198.6799951, 198.6799951, 246.5407427}
M3f^2: {125.3927637}

C6XDM: {{13.69909377, 9.831960459, 9.831960459, 13.69909377}, {9.831960459, 7.160262156, 7.160262156, 9.831960459}, {9.831960459, 7.160262156, 7.160262156, 9.831960459}, {13.69909377, 9.831960459, 9.831960459, 13.69909377}}
C6XDMf: {7.161403837}

C8XDM: {{205.887801, 159.319751, 159.319751, 205.887801}, {159.319751, 124.439922, 124.439922, 159.319751}, {159.319751, 124.439922, 124.439922, 159.319751}, {205.887801, 159.319751, 159.319751, 205.887801}}
C8XDMf: {113.9682331}

C10XDM: {{4393.748411, 3302.418217, 3302.418217, 4393.748411}, {3302.418217, 2531.985606, 2531.985606, 3302.418217}, {3302.418217, 2531.985606, 2531.985606, 3302.418217}, {4393.748411, 3302.418217, 3302.418217, 4393.748411}}
C10XDMf: {1974.936028}

EXDMC6: {-103.5691064}
EXDMC8: {-2648.538629}
EXDMC10: {-85152.98547}

EXDMBJC6: {-0.001343587462}
EXDMBJC8: {-0.0006084620201}
EXDMBJC10: {-0.0003568035577}

EXDM: {-87905.0932}
EXDMBJ: {-0.002308853039}




~~~TS (dTS=20, sR=0.62)~~~

C6TS: {{12.6560128, 8.107301842, 8.107301842, 12.6560128}, {8.107301842, 5.193447905, 5.193447905, 8.107301842}, {8.107301842, 5.193447905, 5.193447905, 8.107301842}, {12.6560128, 8.107301842, 8.107301842, 12.6560128}}
C6TSf: {7.161403837}

ETS: {-82.69730746}
ETSWY: {-0.0000291784236}




~~~MBD~~~

 alpha: {8.112289443, -1.728629274, -1.728629274, 8.112289443}
  C6ii: {20.39765748, 0.7200614056, 0.7200614056, 20.39765748}
 omega: {0.4132683593, 0.3212954265, 0.3212954265, 0.4132683593}
lambda: {0.2870013528 + 0.2018323793 I, 0.2272933057 + 0.1903133157 I, 0.2272933057 + 0.1903133157 I, 0.2329277358 + 0.07851103931 I, 0.2329277358 + 0.07851103931 I, -0.001598225309 - 0.2245652012 I, -0.001598225309 - 0.2245652012 I, 0.1611248844 - 0.08858837467 I, 0.1109310649 - 0.0136959234 I, -0.01101432635 - 0.09954808126 I, 0.08942015954 - 0.04425915382 I, 0.08942015954 - 0.04425915382 I}
Energy: {0.2011954349 - 0.234165134 I}

~~~MBD@rsSCS (drsSCS=6, sR=0.62)~~~

 alpha: {8.003242077, -1.650392149, -1.650392149, 8.003242077}
  C6ii: {19.87529905, 0.665886947, 0.665886947, 19.87529905}
 omega: {0.4137333234, 0.3259604738, 0.3259604738, 0.4137333234}
lambda: {0.1837467429 - 0.000000000000000008857514109 I, 0.1761669987 + 0.000000000000000009848085424 I, 0.1761669987 - 0.00000000000000000004037688606 I, 0.1639220702 - 0.0000000000000000002910120058 I, 0.1639220702 + 0.000000000000000002367006497 I, 0.146438227 - 0.00000000000000002552008491 I, 0.1137518063 + 0.000000000000000004845175965 I, 0.1112950226 - 0.000000000000000003920978124 I, 0.1112950226 - 0.00000000000000001253074072 I, 0.1109142105 + 0.000000000000000002230278117 I, 0.1034668952 - 0.000000000000000006938893904 I, 0.1034668952 + 0.0000000000000000003718474638 I}
Energy: {0.001605008259 - 0.00000000000000002688139513 I}




~~~MBDFree1~~~

 alpha: {5.006892506, -0.2967125227, -0.2967125227, 5.006892506}
  C6ii: {8.066383284, 0.3854900759, 0.3854900759, 8.066383284}
 omega: {0.4290234745, 5.838216371, 5.838216371, 0.4290234745}
lambda: {78.1407831 - 151.4293163 I, -9.968973794 + 151.4372688 I, 63.97177969 + 46.03364239 I, 63.97177969 + 46.03364239 I, 4.164384037 - 46.1051047 I, 4.164384037 - 46.1051047 I, 0.2678169563 + 0.07858663997 I, 0.2678169563 + 0.07858663997 I, 0.2385848803 - 0.007750312671 I, 0.133682385 - 0.007124332214 I, 0.133682385 - 0.007124332214 I, 0.1272688768 - 0.0002021951 I}
Energy: {5.765714391 - 0.7038763313 I}

~~~MBDFree1@rsSCS (drsSCS=6, sR=0.62)~~~

 alpha: {4.925916075, -0.2322262333, -0.2322262333, 4.925916075}
  C6ii: {7.842664636, 0.3833379311, 0.3833379311, 7.842664636}
 omega: {0.4309514679, 9.477591263, 9.477591263, 0.4309514679}
lambda: {90.57185579 + 0.000000000000007765347208 I, 90.19822194 + 0.0000000000000008219348066 I, 90.19822194 - 0.00000000000000203978689 I, 89.4511188 - 0.0000000000000121372893 I, 89.4511188 + 0.000000000000006911135094 I, 89.07708564 + 0.000000000000004828737403 I, 0.1950055363 + 0.0000000000000004002693273 I, 0.1904363792 - 0.00000000000000001688888565 I, 0.1904363792 - 0.000000000000001242124974 I, 0.1811335114 - 0.0000000000000008875538229 I, 0.1811335114 - 0.00000000000000001688964203 I, 0.1769636642 + 0.0000000000000002695431624 I}
Energy: {0.000122055147 - 0.0000000000000007040604578 I}




~~~MBDFree2~~~

 alpha: {5.006892506, -0.2967125227, -0.2967125227, 5.006892506}
  C6ii: {17.67846699, 0.1328391448, 0.1328391448, 17.67846699}
 omega: {0.940257494, 2.011838225, 2.011838225, 0.940257494}
lambda: {9.278906696 - 17.98094839 I, -1.170902351 + 18.0181229 I, 7.580353815 + 5.502387339 I, 7.580353815 + 5.502387339 I, 0.438998461 - 5.838082318 I, 0.438998461 - 5.838082318 I, 1.202391744 + 0.3725324705 I, 1.202391744 + 0.3725324705 I, 1.14382337 - 0.03619386413 I, 0.6414103738 - 0.03683749141 I, 0.6414103738 - 0.03683749141 I, 0.6113266792 - 0.0009806456622 I}
Energy: {2.038370082 - 0.1841867447 I}

~~~MBDFree2@rsSCS (drsSCS=6, sR=0.62)~~~

 alpha: {4.925916075, -0.2322262333, -0.2322262333, 4.925916075}
  C6ii: {17.24782697, 0.1146830003, 0.1146830003, 17.24782697}
 omega: {0.9477615959, 2.835405822, 2.835405822, 0.9477615959}
lambda: {8.105984779 + 0.0000000000000001336756772 I, 8.072352698 - 0.0000000000000001641639012 I, 8.072352698 + 0.00000000000000006221161854 I, 8.005983485 + 0.0000000000000003817816966 I, 8.005983485 + 0.0000000000000001271100243 I, 7.97019268 - 0.0000000000000005404204355 I, 0.9432143778 + 0.00000000000000002251264557 I, 0.9211359909 + 0.0000000000000000000481292342 I, 0.9211359909 - 0.0000000000000001255062391 I, 0.8760842678 + 0.00000000000000000004776542992 I, 0.8760842678 - 0.0000000000000001481241633 I, 0.8561646048 - 0.00000000000000003250524363 I}
Energy: {0.0002920322793 - 0.00000000000000007534338427 I}




~~~MBD@XDM1~~~

 alpha: {8.502130965, -1.964778211, -1.964778211, 8.502130965}
  C6ii: {22.04960488, 0.9135991286, 0.9135991286, 22.04960488}
 omega: {0.4067091724, 0.3155493914, 0.3155493914, 0.4067091724}
lambda: {0.286581494 + 0.1925274661 I, 0.231745928 + 0.1979893924 I, 0.231745928 + 0.1979893924 I, 0.2280544625 + 0.07423625582 I, 0.2280544625 + 0.07423625582 I, -0.01080152314 - 0.2279420633 I, -0.01080152314 - 0.2279420633 I, 0.1449836419 - 0.09406478734 I, 0.1008162651 - 0.01740305359 I, 0.0809686713 - 0.04428358495 I, 0.0809686713 - 0.04428358495 I, -0.002413862243 - 0.08105962513 I}
Energy: {0.1977368649 - 0.2422281524 I}

~~~MBD@XDM1@rsSCS (drsSCS=6, sR=0.62)~~~

 alpha: {8.370028445, -1.86293308, -1.86293308, 8.370028445}
  C6ii: {21.41778948, 0.8361040257, 0.8361040257, 21.41778948}
 omega: {0.4076237822, 0.3212214528, 0.3212214528, 0.4076237822}
lambda: {0.1787500635 + 0.000000000000000001069594514 I, 0.1709581511 - 0.000000000000000006048619834 I, 0.1709581511 + 0.00000000000000000005441496209 I, 0.1587468598 - 0.00000000000000001044561394 I, 0.1587468598 + 0.00000000000000000007715933844 I, 0.1388569193 + 0.00000000000000000950871214 I, 0.1114768376 - 0.00000000000000000218123756 I, 0.1095969187 - 0.00000000000000001877244791 I, 0.1088254841 + 0.00000000000000001040802071 I, 0.1088254841 - 0.000000000000000004455816819 I, 0.100150244 + 0.000000000000000005204170428 I, 0.100150244 - 0.000000000000000002740633572 I}
Energy: {0.001897593885 - 0.00000000000000001247087647 I}




~~~MBD@XDM2~~~

 alpha: {8.112289443, -1.728629274, -1.728629274, 8.112289443}
  C6ii: {21.50059181, 0.9722378217, 0.9722378217, 21.50059181}
 omega: {0.4356144478, 0.4338179537, 0.4338179537, 0.4356144478}
lambda: {0.4583940859 + 0.3179868443 I, 0.4046198913 + 0.1081640001 I, 0.4046198913 + 0.1081640001 I, 0.2763132479 + 0.2791467345 I, 0.2763132479 + 0.2791467345 I, -0.03445964737 - 0.3415906948 I, -0.03445964737 - 0.3415906948 I, 0.2059780828 - 0.1115338553 I, -0.0239402014 - 0.1936911789 I, 0.1094424365 - 0.04572003977 I, 0.1094424365 - 0.04572003977 I, 0.1154839609 - 0.01276181007 I}
Energy: {0.2498824369 - 0.299499911 I}

~~~MBD@XDM2@rsSCS (drsSCS=6, sR=0.62)~~~

 alpha: {8.003242077, -1.650392149, -1.650392149, 8.003242077}
  C6ii: {20.92741065, 0.9116300304, 0.9116300304, 20.92741065}
 omega: {0.4356345602, 0.4462549657, 0.4462549657, 0.4356345602}
lambda: {0.2079922119 - 0.0131164521 I, 0.2079922119 + 0.0131164521 I, 0.201226347 + 0.01580364132 I, 0.201226347 - 0.01580364132 I, 0.201226347 + 0.01580364132 I, 0.201226347 - 0.01580364132 I, 0.1876946174 - 0.00376920442 I, 0.1876946174 - 0.00376920442 I, 0.1876946174 + 0.00376920442 I, 0.1876946174 + 0.00376920442 I, 0.1809287526 - 0.03186518829 I, 0.1809287526 + 0.03186518829 I}
Energy: {0.001984180489 - 0.0000000000000003469446952 I}




    ENERGY MATRIX: {Non-Interacting, Electron-Nuclear, Electron-Electron, Nuclear-Nuclear, Total Energy}
Oscillator 1 Energy: {0.9069090659, -2.3509616, 0.9320683874, 1.145831901, 0.6338477539}
Oscillator 2 Energy: {0.8074824797, -1.897349946, 0.9317690145, 1.562498047, 1.404399595}
Oscillator 3 Energy: {0.8074824797, -2.480027173, 0.7710769369, 1.562498047, 0.6610302903}
Oscillator 4 Energy: {0.9069090659, -2.3509616, 0.7713762965, 1.145831901, 0.473155663}
Energy Totals: {3.428783091, -9.07930032, 3.406290635, 5.416659896, 3.172433303}


    COEFFICIENT MATRIX: {c1, c2, c5, c6, c11, c14}
Oscillator 1 Cs: {0.8034319471, 0.5344845685, 0.05519226367, 0.2564705956}
Oscillator 2 Cs: {0.9188505819, -0.3145869177, 0.1691967649, 0.1676935718}
Oscillator 3 Cs: {0.9188505819, -0.3145869177, 0.1691967649, 0.1676935718}
Oscillator 4 Cs: {0.8034319471, 0.5344845685, 0.05519226367, 0.2564705956}


    GENERAL RESULTS: {R, E, r2, r2f, r3, r3f, alpha, alphaf}
Oscillator 1 General Results: {0.800001, 3.00651769, 3.850611891, 3.18284615, 9.273015945, 6.975440461, 5.982213164, 4.5}
Oscillator 2 General Results: {0.800001, 3.00651769, 2.825621699, 3.18284615, 5.940191467, 6.975440461, 3.832139598, 4.5}
Oscillator 3 General Results: {0.800001, 3.00651769, 2.825621699, 3.18284615, 5.940191467, 6.975440461, 3.832139598, 4.5}
Oscillator 4 General Results: {0.800001, 3.00651769, 3.850611891, 3.18284615, 9.273015945, 6.975440461, 5.982213164, 4.5}


    XDM RESULTS: {M1^2, M1f^2, M2^2, M2f^2, M3^2, M3f^2, C6XDMii, C6XDMij, C6XDMf, C8XDMii, C8XDMij, C8XDMf, C10XDMii, C10XDMij, C10XDMf, EXDMC6, EXDMC8, EXDMC10, EXDMBJC6, EXDMBJC8, EXDMBJC10, EXDM, EXDMBJ}
Oscillator 1 XDM Results: {4.579941702, 3.18284615, 22.9444405, 16.88418269, 246.5407427, 125.3927637, 13.69909377, {{13.69909377, 9.831960459, 9.831960459, 13.69909377}, {9.831960459, 7.160262156, 7.160262156, 9.831960459}, {9.831960459, 7.160262156, 7.160262156, 9.831960459}, {13.69909377, 9.831960459, 9.831960459, 13.69909377}}, 7.161403837, 205.887801, {{205.887801, 159.319751, 159.319751, 205.887801}, {159.319751, 124.439922, 124.439922, 159.319751}, {159.319751, 124.439922, 124.439922, 159.319751}, {205.887801, 159.319751, 159.319751, 205.887801}}, 113.9682331, 4393.748411, {{4393.748411, 3302.418217, 3302.418217, 4393.748411}, {3302.418217, 2531.985606, 2531.985606, 3302.418217}, {3302.418217, 2531.985606, 2531.985606, 3302.418217}, {4393.748411, 3302.418217, 3302.418217, 4393.748411}}, 1974.936028, -103.5691064, -2648.538629, -85152.98547, -0.001343587462, -0.0006084620201, -0.0003568035577, -87905.0932, -0.002308853039}
Oscillator 2 XDM Results: {3.736952673, 3.18284615, 21.64846709, 16.88418269, 198.6799951, 125.3927637, 7.160262156, {{13.69909377, 9.831960459, 9.831960459, 13.69909377}, {9.831960459, 7.160262156, 7.160262156, 9.831960459}, {9.831960459, 7.160262156, 7.160262156, 9.831960459}, {13.69909377, 9.831960459, 9.831960459, 13.69909377}}, 7.161403837, 124.439922, {{205.887801, 159.319751, 159.319751, 205.887801}, {159.319751, 124.439922, 124.439922, 159.319751}, {159.319751, 124.439922, 124.439922, 159.319751}, {205.887801, 159.319751, 159.319751, 205.887801}}, 113.9682331, 2531.985606, {{4393.748411, 3302.418217, 3302.418217, 4393.748411}, {3302.418217, 2531.985606, 2531.985606, 3302.418217}, {3302.418217, 2531.985606, 2531.985606, 3302.418217}, {4393.748411, 3302.418217, 3302.418217, 4393.748411}}, 1974.936028, -103.5691064, -2648.538629, -85152.98547, -0.001343587462, -0.0006084620201, -0.0003568035577, -87905.0932, -0.002308853039}
Oscillator 3 XDM Results: {3.736952673, 3.18284615, 21.64846709, 16.88418269, 198.6799951, 125.3927637, 7.160262156, {{13.69909377, 9.831960459, 9.831960459, 13.69909377}, {9.831960459, 7.160262156, 7.160262156, 9.831960459}, {9.831960459, 7.160262156, 7.160262156, 9.831960459}, {13.69909377, 9.831960459, 9.831960459, 13.69909377}}, 7.161403837, 124.439922, {{205.887801, 159.319751, 159.319751, 205.887801}, {159.319751, 124.439922, 124.439922, 159.319751}, {159.319751, 124.439922, 124.439922, 159.319751}, {205.887801, 159.319751, 159.319751, 205.887801}}, 113.9682331, 2531.985606, {{4393.748411, 3302.418217, 3302.418217, 4393.748411}, {3302.418217, 2531.985606, 2531.985606, 3302.418217}, {3302.418217, 2531.985606, 2531.985606, 3302.418217}, {4393.748411, 3302.418217, 3302.418217, 4393.748411}}, 1974.936028, -103.5691064, -2648.538629, -85152.98547, -0.001343587462, -0.0006084620201, -0.0003568035577, -87905.0932, -0.002308853039}
Oscillator 4 XDM Results: {4.579941702, 3.18284615, 22.9444405, 16.88418269, 246.5407427, 125.3927637, 13.69909377, {{13.69909377, 9.831960459, 9.831960459, 13.69909377}, {9.831960459, 7.160262156, 7.160262156, 9.831960459}, {9.831960459, 7.160262156, 7.160262156, 9.831960459}, {13.69909377, 9.831960459, 9.831960459, 13.69909377}}, 7.161403837, 205.887801, {{205.887801, 159.319751, 159.319751, 205.887801}, {159.319751, 124.439922, 124.439922, 159.319751}, {159.319751, 124.439922, 124.439922, 159.319751}, {205.887801, 159.319751, 159.319751, 205.887801}}, 113.9682331, 4393.748411, {{4393.748411, 3302.418217, 3302.418217, 4393.748411}, {3302.418217, 2531.985606, 2531.985606, 3302.418217}, {3302.418217, 2531.985606, 2531.985606, 3302.418217}, {4393.748411, 3302.418217, 3302.418217, 4393.748411}}, 1974.936028, -103.5691064, -2648.538629, -85152.98547, -0.001343587462, -0.0006084620201, -0.0003568035577, -87905.0932, -0.002308853039}


    TS RESULTS: {C6TSii, C6TSij, C6TSf, ETS, ETSWY}
Oscillator 1 TS Results: {12.6560128, {{12.6560128, 8.107301842, 8.107301842, 12.6560128}, {8.107301842, 5.193447905, 5.193447905, 8.107301842}, {8.107301842, 5.193447905, 5.193447905, 8.107301842}, {12.6560128, 8.107301842, 8.107301842, 12.6560128}}, 7.161403837, -82.69730746, -0.0000291784236}
Oscillator 2 TS Results: {5.193447905, {{12.6560128, 8.107301842, 8.107301842, 12.6560128}, {8.107301842, 5.193447905, 5.193447905, 8.107301842}, {8.107301842, 5.193447905, 5.193447905, 8.107301842}, {12.6560128, 8.107301842, 8.107301842, 12.6560128}}, 7.161403837, -82.69730746, -0.0000291784236}
Oscillator 3 TS Results: {5.193447905, {{12.6560128, 8.107301842, 8.107301842, 12.6560128}, {8.107301842, 5.193447905, 5.193447905, 8.107301842}, {8.107301842, 5.193447905, 5.193447905, 8.107301842}, {12.6560128, 8.107301842, 8.107301842, 12.6560128}}, 7.161403837, -82.69730746, -0.0000291784236}
Oscillator 4 TS Results: {12.6560128, {{12.6560128, 8.107301842, 8.107301842, 12.6560128}, {8.107301842, 5.193447905, 5.193447905, 8.107301842}, {8.107301842, 5.193447905, 5.193447905, 8.107301842}, {12.6560128, 8.107301842, 8.107301842, 12.6560128}}, 7.161403837, -82.69730746, -0.0000291784236}


    MBD RESULTS: {MBD_alpha, MBD_C6, MBD_omega, MBD_Energy, MBDF1_alpha, MBDF1_C6, MBDF1_omega, MBDF1_Energy, MBDF2_alpha, MBDF2_C6, MBDF2_omega, MBDF2_Energy, MBDX1_alpha, MBDX1_C6, MBDX1_omega, MBDX1_Energy, MBDX2_alpha, MBDX2_C6, MBDX2_omega, MBDX2_Energy}
Oscillator 1 MBD Results: {8.112289443, 20.39765748, 0.4132683593, 0.2011954349 - 0.234165134 I, 5.006892506, 8.066383284, 0.4290234745, 5.765714391 - 0.7038763313 I, 5.006892506, 17.67846699, 0.940257494, 2.038370082 - 0.1841867447 I, 8.502130965, 22.04960488, 0.4067091724, 0.1977368649 - 0.2422281524 I, 8.112289443, 21.50059181, 0.4356144478, 0.2498824369 - 0.299499911 I}
Oscillator 2 MBD Results: {-1.728629274, 0.7200614056, 0.3212954265, 0.2011954349 - 0.234165134 I, -0.2967125227, 0.3854900759, 5.838216371, 5.765714391 - 0.7038763313 I, -0.2967125227, 0.1328391448, 2.011838225, 2.038370082 - 0.1841867447 I, -1.964778211, 0.9135991286, 0.3155493914, 0.1977368649 - 0.2422281524 I, -1.728629274, 0.9722378217, 0.4338179537, 0.2498824369 - 0.299499911 I}
Oscillator 3 MBD Results: {-1.728629274, 0.7200614056, 0.3212954265, 0.2011954349 - 0.234165134 I, -0.2967125227, 0.3854900759, 5.838216371, 5.765714391 - 0.7038763313 I, -0.2967125227, 0.1328391448, 2.011838225, 2.038370082 - 0.1841867447 I, -1.964778211, 0.9135991286, 0.3155493914, 0.1977368649 - 0.2422281524 I, -1.728629274, 0.9722378217, 0.4338179537, 0.2498824369 - 0.299499911 I}
Oscillator 4 MBD Results: {8.112289443, 20.39765748, 0.4132683593, 0.2011954349 - 0.234165134 I, 5.006892506, 8.066383284, 0.4290234745, 5.765714391 - 0.7038763313 I, 5.006892506, 17.67846699, 0.940257494, 2.038370082 - 0.1841867447 I, 8.502130965, 22.04960488, 0.4067091724, 0.1977368649 - 0.2422281524 I, 8.112289443, 21.50059181, 0.4356144478, 0.2498824369 - 0.299499911 I}


    MBDRSSCS RESULTS: {MBDrsSCS_alpha, MBDrsSCS_C6, MBDrsSCS_omega, MBDrsSCS_Energy, MBDF1rsSCS_alpha, MBDF1rsSCS_C6, MBDF1rsSCS_omega, MBDF1rsSCS_Energy, MBDF2rsSCS_alpha, MBDF2rsSCS_C6, MBDF2rsSCS_omega, MBDF2rsSCS_Energy, MBDX1rsSCS_alpha, MBDX1rsSCS_C6, MBDX1rsSCS_omega, MBDX1rsSCS_Energy, MBDX2rsSCS_alpha, MBDX2rsSCS_C6, MBDX2rsSCS_omega, MBDX2rsSCS_Energy}
Oscillator 1 MBDrsSCS Results: {8.003242077, 19.87529905, 0.4137333234, 0.001605008259 - 0.00000000000000002688139513 I, 4.925916075, 7.842664636, 0.4309514679, 0.000122055147 - 0.0000000000000007040604578 I, 4.925916075, 17.24782697, 0.9477615959, 0.0002920322793 - 0.00000000000000007534338427 I, 8.370028445, 21.41778948, 0.4076237822, 0.001897593885 - 0.00000000000000001247087647 I, 8.003242077, 20.92741065, 0.4356345602, 0.001984180489 - 0.0000000000000003469446952 I}
Oscillator 2 MBDrsSCS Results: {-1.650392149, 0.665886947, 0.3259604738, 0.001605008259 - 0.00000000000000002688139513 I, -0.2322262333, 0.3833379311, 9.477591263, 0.000122055147 - 0.0000000000000007040604578 I, -0.2322262333, 0.1146830003, 2.835405822, 0.0002920322793 - 0.00000000000000007534338427 I, -1.86293308, 0.8361040257, 0.3212214528, 0.001897593885 - 0.00000000000000001247087647 I, -1.650392149, 0.9116300304, 0.4462549657, 0.001984180489 - 0.0000000000000003469446952 I}
Oscillator 3 MBDrsSCS Results: {-1.650392149, 0.665886947, 0.3259604738, 0.001605008259 - 0.00000000000000002688139513 I, -0.2322262333, 0.3833379311, 9.477591263, 0.000122055147 - 0.0000000000000007040604578 I, -0.2322262333, 0.1146830003, 2.835405822, 0.0002920322793 - 0.00000000000000007534338427 I, -1.86293308, 0.8361040257, 0.3212214528, 0.001897593885 - 0.00000000000000001247087647 I, -1.650392149, 0.9116300304, 0.4462549657, 0.001984180489 - 0.0000000000000003469446952 I}
Oscillator 4 MBDrsSCS Results: {8.003242077, 19.87529905, 0.4137333234, 0.001605008259 - 0.00000000000000002688139513 I, 4.925916075, 7.842664636, 0.4309514679, 0.000122055147 - 0.0000000000000007040604578 I, 4.925916075, 17.24782697, 0.9477615959, 0.0002920322793 - 0.00000000000000007534338427 I, 8.370028445, 21.41778948, 0.4076237822, 0.001897593885 - 0.00000000000000001247087647 I, 8.003242077, 20.92741065, 0.4356345602, 0.001984180489 - 0.0000000000000003469446952 I}


         {R, Energy}
SUMMARY: {0.800001, 3.00651769}