Oscillators N=4 2022-12-24 w=0.471533 a=4.50000.nb ( N = 4, M = 4 )
~~~~~~~~~~~~~~~~~~~~~~~~~~~~~~~~~~~~~~
Run Commenced: Fri 30 Dec 2022 23:18:04
Run Completed: Sat 31 Dec 2022 01:53:23
Time Elapsed: 02:35:19

Oscillators Used: 4
Wavefunctions Used: 4
Internuclear Separation: 9.
omega: 0.472
nu : 0.235638

For display purposes, the threshold of Hamiltonian matrix elements has been set to: 10^-6.


    Hamiltonian Matrix A:    < psi_{i,A} | H_k | psi_{j,A} >
    H_1 = T_kin,    H_2 = V_pot,    H_3 = V_1-B,    H_4 = V_1-C,    H_5 = V_A-B,    H_6 = V_A-C 

HijkA: {{{0.35364975, 0.35364975, -0.1111110989, -0.05555554944, -0.03703703293, 0.1111110988, 0.05555554938, 0.03703703292}, {0., 0., -0.01271633819, -0.003179084649, -0.001412926515, 0., 0., 0.}, {0.2887538117, -0.2887538117, 0., 0., 0., 0., 0., 0.}, {0., 0., -0.002520735793, -0.0003150919886, -0.00009336058901, 0., 0., 0.}}, {{0., 0., -0.01271633819, -0.003179084649, -0.001412926515, 0., 0., 0.}, {0.58941625, 0.58941625, -0.1140218048, -0.05591939287, -0.03714484135, 0.1111110988, 0.05555554938, 0.03703703292}, {0., 0., 0.01038284684, 0.002595711729, 0.001153649658, 0., 0., 0.}, {0., 0., -0.01554903508, -0.003724982748, -0.001642191859, 0., 0., 0.}}, {{0.2887538117, -0.2887538117, 0., 0., 0., 0., 0., 0.}, {0., 0., 0.01038284684, 0.002595711729, 0.001153649658, 0., 0., 0.}, {0.82518275, 0.82518275, -0.1111111002, -0.05555555085, -0.03703703465, 0.1111110988, 0.05555554938, 0.03703703292}, {0., 0., 0.004116344477, 0.0005145430603, 0.0001524571714, 0., 0., 0.}}, {{0., 0., -0.002520735793, -0.0003150919886, -0.00009336058901, 0., 0., 0.}, {0., 0., -0.01554903508, -0.003724982748, -0.001642191859, 0., 0., 0.}, {0., 0., 0.004116344477, 0.0005145430603, 0.0001524571714, 0., 0., 0.}, {0.82518275, 0.82518275, -0.1143649183, -0.05593010978, -0.03714624904, 0.1111110988, 0.05555554938, 0.03703703292}}}
0.35365         0.              0.288754        0.
0.35365         0.              -0.288754       0.
-0.111111       -0.0127163      0.              -0.00252074
-0.0555555      -0.00317908     0.              -0.000315092
-0.037037       -0.00141293     0.              -0.0000933606
0.111111        0.              0.              0.
0.0555555       0.              0.              0.
0.037037        0.              0.              0.

0.              0.589416        0.              0.
0.              0.589416        0.              0.
-0.0127163      -0.114022       0.0103828       -0.015549
-0.00317908     -0.0559194      0.00259571      -0.00372498
-0.00141293     -0.0371448      0.00115365      -0.00164219
0.              0.111111        0.              0.
0.              0.0555555       0.              0.
0.              0.037037        0.              0.

0.288754        0.              0.825183        0.
-0.288754       0.              0.825183        0.
0.              0.0103828       -0.111111       0.00411634
0.              0.00259571      -0.0555556      0.000514543
0.              0.00115365      -0.037037       0.000152457
0.              0.              0.111111        0.
0.              0.              0.0555555       0.
0.              0.              0.037037        0.

0.              0.              0.              0.825183
0.              0.              0.              0.825183
-0.00252074     -0.015549       0.00411634      -0.114365
-0.000315092    -0.00372498     0.000514543     -0.0559301
-0.0000933606   -0.00164219     0.000152457     -0.0371462
0.              0.              0.              0.111111
0.              0.              0.              0.0555555
0.              0.              0.              0.037037


    Hamiltonian Matrix B:    < psi_{i,B} | H_k | psi_{j,B} >
    H_1 = T_kin,    H_2 = V_pot,    H_3 = V_2-A,    H_4 = V_2-C,    H_5 = V_B-A,    H_6 = V_B-C 

HijkB: {{{0.35364975, 0.35364975, -0.1111110989, -0.1111110989, -0.05555554944, 0.1111110988, 0.1111110988, 0.05555554938}, {0., 0., -0.01271633819, 0.01271633819, 0.003179084649, 0., 0., 0.}, {0.2887538117, -0.2887538117, 0., 0., 0., 0., 0., 0.}, {0., 0., -0.002520735793, -0.002520735793, -0.0003150919886, 0., 0., 0.}}, {{0., 0., -0.01271633819, 0.01271633819, 0.003179084649, 0., 0., 0.}, {0.58941625, 0.58941625, -0.1140218048, -0.1140218048, -0.05591939287, 0.1111110988, 0.1111110988, 0.05555554938}, {0., 0., 0.01038284684, -0.01038284684, -0.002595711729, 0., 0., 0.}, {0., 0., -0.01554903508, 0.01554903508, 0.003724982748, 0., 0., 0.}}, {{0.2887538117, -0.2887538117, 0., 0., 0., 0., 0., 0.}, {0., 0., 0.01038284684, -0.01038284684, -0.002595711729, 0., 0., 0.}, {0.82518275, 0.82518275, -0.1111111002, -0.1111111002, -0.05555555085, 0.1111110988, 0.1111110988, 0.05555554938}, {0., 0., 0.004116344477, 0.004116344477, 0.0005145430603, 0., 0., 0.}}, {{0., 0., -0.002520735793, -0.002520735793, -0.0003150919886, 0., 0., 0.}, {0., 0., -0.01554903508, 0.01554903508, 0.003724982748, 0., 0., 0.}, {0., 0., 0.004116344477, 0.004116344477, 0.0005145430603, 0., 0., 0.}, {0.82518275, 0.82518275, -0.1143649183, -0.1143649183, -0.05593010978, 0.1111110988, 0.1111110988, 0.05555554938}}}
0.35365        0.             0.288754       0.
0.35365        0.             -0.288754      0.
-0.111111      -0.0127163     0.             -0.00252074
-0.111111      0.0127163      0.             -0.00252074
-0.0555555     0.00317908     0.             -0.000315092
0.111111       0.             0.             0.
0.111111       0.             0.             0.
0.0555555      0.             0.             0.

0.             0.589416       0.             0.
0.             0.589416       0.             0.
-0.0127163     -0.114022      0.0103828      -0.015549
0.0127163      -0.114022      -0.0103828     0.015549
0.00317908     -0.0559194     -0.00259571    0.00372498
0.             0.111111       0.             0.
0.             0.111111       0.             0.
0.             0.0555555      0.             0.

0.288754       0.             0.825183       0.
-0.288754      0.             0.825183       0.
0.             0.0103828      -0.111111      0.00411634
0.             -0.0103828     -0.111111      0.00411634
0.             -0.00259571    -0.0555556     0.000514543
0.             0.             0.111111       0.
0.             0.             0.111111       0.
0.             0.             0.0555555      0.

0.             0.             0.             0.825183
0.             0.             0.             0.825183
-0.00252074    -0.015549      0.00411634     -0.114365
-0.00252074    0.015549       0.00411634     -0.114365
-0.000315092   0.00372498     0.000514543    -0.0559301
0.             0.             0.             0.111111
0.             0.             0.             0.111111
0.             0.             0.             0.0555555


    Hamiltonian Matrix C:    < psi_{i,C} | H_k | psi_{j,C} >
    H_1 = T_kin,    H_2 = V_pot,    H_3 = V_3-A,    H_4 = V_3-B,    H_5 = V_C-A,    H_6 = V_C-B 

HijkC: {{{0.35364975, 0.35364975, -0.05555554944, -0.1111110989, -0.1111110989, 0.05555554938, 0.1111110988, 0.1111110988}, {0., 0., 0.003179084649, 0.01271633819, -0.01271633819, 0., 0., 0.}, {0.2887538117, -0.2887538117, 0., 0., 0., 0., 0., 0.}, {0., 0., -0.0003150919886, -0.002520735793, -0.002520735793, 0., 0., 0.}}, {{0., 0., 0.003179084649, 0.01271633819, -0.01271633819, 0., 0., 0.}, {0.58941625, 0.58941625, -0.05591939287, -0.1140218048, -0.1140218048, 0.05555554938, 0.1111110988, 0.1111110988}, {0., 0., -0.002595711729, -0.01038284684, 0.01038284684, 0., 0., 0.}, {0., 0., 0.003724982748, 0.01554903508, -0.01554903508, 0., 0., 0.}}, {{0.2887538117, -0.2887538117, 0., 0., 0., 0., 0., 0.}, {0., 0., -0.002595711729, -0.01038284684, 0.01038284684, 0., 0., 0.}, {0.82518275, 0.82518275, -0.05555555085, -0.1111111002, -0.1111111002, 0.05555554938, 0.1111110988, 0.1111110988}, {0., 0., 0.0005145430603, 0.004116344477, 0.004116344477, 0., 0., 0.}}, {{0., 0., -0.0003150919886, -0.002520735793, -0.002520735793, 0., 0., 0.}, {0., 0., 0.003724982748, 0.01554903508, -0.01554903508, 0., 0., 0.}, {0., 0., 0.0005145430603, 0.004116344477, 0.004116344477, 0., 0., 0.}, {0.82518275, 0.82518275, -0.05593010978, -0.1143649183, -0.1143649183, 0.05555554938, 0.1111110988, 0.1111110988}}}
0.35365        0.             0.288754       0.
0.35365        0.             -0.288754      0.
-0.0555555     0.00317908     0.             -0.000315092
-0.111111      0.0127163      0.             -0.00252074
-0.111111      -0.0127163     0.             -0.00252074
0.0555555      0.             0.             0.
0.111111       0.             0.             0.
0.111111       0.             0.             0.

0.             0.589416       0.             0.
0.             0.589416       0.             0.
0.00317908     -0.0559194     -0.00259571    0.00372498
0.0127163      -0.114022      -0.0103828     0.015549
-0.0127163     -0.114022      0.0103828      -0.015549
0.             0.0555555      0.             0.
0.             0.111111       0.             0.
0.             0.111111       0.             0.

0.288754       0.             0.825183       0.
-0.288754      0.             0.825183       0.
0.             -0.00259571    -0.0555556     0.000514543
0.             -0.0103828     -0.111111      0.00411634
0.             0.0103828      -0.111111      0.00411634
0.             0.             0.0555555      0.
0.             0.             0.111111       0.
0.             0.             0.111111       0.

0.             0.             0.             0.825183
0.             0.             0.             0.825183
-0.000315092   0.00372498     0.000514543    -0.0559301
-0.00252074    0.015549       0.00411634     -0.114365
-0.00252074    -0.015549      0.00411634     -0.114365
0.             0.             0.             0.0555555
0.             0.             0.             0.111111
0.             0.             0.             0.111111


    Hamiltonian Matrix AB:    < psi_{i1,A} <psi_{i2,B} | V_e-e | psi_{i3,A} <psi_{i4,B} >

HijkAB: {{{{0.1111111063, 0.01271624724, 0.00000007116693933, 0.002520841986}, {0.01271624724, 0.002910870363, -0.0000001233616674, 0.0008653242586}, {0.00000007288145783, -0.0000001233616674, 0.0000002043642082, -0.00000001977893}, {0.002520841986, 0.0008653242586, -0.00000001977893, 0.0003433265268}}, {{0.01271624724, 0.114022242, -0.01038285469, 0.01554830209}, {0.002910870363, 0.01371593097, -0.002376879477, 0.003757494662}, {-0.0000001233616674, 0.0000004000586224, 0.0000002577851186, -0.0000000129005518}, {0.0008653242586, 0.002917313103, -0.0007060083778, 0.00119655194}}, {{0.00000007116693933, -0.01038285469, 0.1111112007, -0.004116149587}, {-0.0000001233616674, -0.002376879477, 0.01271649095, -0.001413279812}, {0.0000002043642082, 0.0000002577851186, -0.000008277715243, 0.0000002663567251}, {-0.00000001977893, -0.0007060083778, 0.002519259672, -0.0005603688961}}, {{0.002520841986, 0.01554830209, -0.004116149587, 0.1143659102}, {0.0008653242586, 0.003757494662, -0.001413279812, 0.01391211442}, {-0.00000001977893, -0.0000000129005518, 0.0000002663567251, 0.0000003899089898}, {0.0003433265268, 0.00119655194, -0.0005603688961, 0.003033958936}}}, {{{0.01271624724, 0.002910870363, -0.0000001233616674, 0.0008653242586}, {0.114022242, 0.01371593097, 0.0000004000586224, 0.002917273887}, {-0.01038285469, -0.002376878632, 0.0000002577851186, -0.0007060083778}, {0.01554830209, 0.003757494662, -0.00000001290055181, 0.00119655194}}, {{0.002910870363, 0.01371593097, -0.002376879477, 0.003757494662}, {0.01371593097, 0.1173924646, -0.01119881642, 0.01692894673}, {-0.002376878632, -0.01119881642, 0.001940476636, -0.00306790614}, {0.003757494662, 0.01692894673, -0.00306790614, 0.004931247922}}, {{-0.0000001233616674, -0.002376879477, 0.01271649095, -0.001413279812}, {0.0000004000586224, -0.01119881642, 0.1140220556, -0.004763820456}, {0.0000002577851186, 0.001940476636, -0.01038278893, 0.001154038081}, {-0.00000001290055181, -0.00306790614, 0.01554872623, -0.001950545091}}, {{0.0008653242586, 0.003757494662, -0.001413279812, 0.01391211442}, {0.002917273893, 0.01692894673, -0.004763820456, 0.1178710665}, {-0.0007060083778, -0.00306790614, 0.001154038081, -0.01135919552}, {0.00119655194, 0.004931247922, -0.001950545091, 0.01724975101}}}, {{{0.00000007288145783, -0.0000001233616674, 0.0000002043642082, -0.00000001977893}, {-0.01038285469, -0.002376878632, 0.0000002577851186, -0.0007060083778}, {0.1111112232, 0.01271649095, -0.000008277648594, 0.002519259672}, {-0.004116149587, -0.001413279812, 0.0000002663567251, -0.0005603768349}}, {{-0.0000001233616674, 0.0000004000586224, 0.0000002577851186, -0.0000000129005518}, {-0.002376878632, -0.01119881642, 0.001940476636, -0.00306790614}, {0.01271649095, 0.1140220556, -0.01038278893, 0.01554872623}, {-0.001413279812, -0.004763820456, 0.001154038081, -0.001950545091}}, {{0.0000002043642082, 0.0000002577851186, -0.000008277715243, 0.0000002663567251}, {0.0000002577851186, 0.001940476636, -0.01038278893, 0.001154038081}, {-0.000008277648594, -0.01038278893, 0.1111112654, -0.004115519201}, {0.0000002663567251, 0.001154038081, -0.004115519201, 0.0009184054725}}, {{-0.00000001977893, -0.0000000129005518, 0.0000002663567251, 0.0000003899089898}, {-0.0007060083778, -0.00306790614, 0.001154038081, -0.01135919552}, {0.002519259672, 0.01554872623, -0.004115519201, 0.1143652564}, {-0.000560376855, -0.001950545091, 0.0009184054725, -0.004953638871}}}, {{{0.002520841986, 0.0008653242586, -0.00000001977893, 0.0003433265268}, {0.01554830209, 0.003757494662, -0.00000001290055181, 0.00119655194}, {-0.004116149587, -0.001413279812, 0.0000002663567251, -0.0005603768349}, {0.1143659102, 0.01391211442, 0.0000003899089898, 0.003033958936}}, {{0.0008653242586, 0.002917313103, -0.0007060083778, 0.00119655194}, {0.003757494662, 0.01692894673, -0.00306790614, 0.004931247922}, {-0.001413279812, -0.004763820456, 0.001154038081, -0.001950545091}, {0.01391211442, 0.1178710665, -0.01135919552, 0.01724975101}}, {{-0.00000001977893, -0.0007060083778, 0.002519259672, -0.0005603688949}, {-0.00000001290055181, -0.00306790614, 0.01554872623, -0.001950545091}, {0.0000002663567251, 0.001154038081, -0.004115519201, 0.0009184054725}, {0.0000003899089898, -0.01135919552, 0.1143652564, -0.004953638871}}, {{0.0003433265268, 0.00119655194, -0.0005603688949, 0.003033958936}, {0.00119655194, 0.004931247922, -0.001950545091, 0.01724975101}, {-0.000560376855, -0.001950545091, 0.0009184054725, -0.004953638871}, {0.003033958936, 0.01724975101, -0.004953638871, 0.1184260023}}}}
0.111111     0.0127162    0.           0.00252084     0.0127162    0.114022     -0.0103829   0.0155483      0.           -0.0103829   0.111111     -0.00411615    0.00252084   0.0155483    -0.00411615  0.114366
0.0127162    0.00291087   0.           0.000865324    0.00291087   0.0137159    -0.00237688  0.00375749     0.           -0.00237688  0.0127165    -0.00141328    0.000865324  0.00375749   -0.00141328  0.0139121
0.           0.           0.           0.             0.           0.           0.           0.             0.           0.           0.           0.             0.           0.           0.           0.
0.00252084   0.000865324  0.           0.000343327    0.000865324  0.00291731   -0.000706008 0.00119655     0.           -0.000706008 0.00251926   -0.000560369   0.000343327  0.00119655   -0.000560369 0.00303396

0.0127162    0.00291087   0.           0.000865324    0.00291087   0.0137159    -0.00237688  0.00375749     0.           -0.00237688  0.0127165    -0.00141328    0.000865324  0.00375749   -0.00141328  0.0139121
0.114022     0.0137159    0.           0.00291727     0.0137159    0.117392     -0.0111988   0.0169289      0.           -0.0111988   0.114022     -0.00476382    0.00291727   0.0169289    -0.00476382  0.117871
-0.0103829   -0.00237688  0.           -0.000706008   -0.00237688  -0.0111988   0.00194048   -0.00306791    0.           0.00194048   -0.0103828   0.00115404     -0.000706008 -0.00306791  0.00115404   -0.0113592
0.0155483    0.00375749   0.           0.00119655     0.00375749   0.0169289    -0.00306791  0.00493125     0.           -0.00306791  0.0155487    -0.00195055    0.00119655   0.00493125   -0.00195055  0.0172498

0.           0.           0.           0.             0.           0.           0.           0.             0.           0.           0.           0.             0.           0.           0.           0.
-0.0103829   -0.00237688  0.           -0.000706008   -0.00237688  -0.0111988   0.00194048   -0.00306791    0.           0.00194048   -0.0103828   0.00115404     -0.000706008 -0.00306791  0.00115404   -0.0113592
0.111111     0.0127165    0.           0.00251926     0.0127165    0.114022     -0.0103828   0.0155487      0.           -0.0103828   0.111111     -0.00411552    0.00251926   0.0155487    -0.00411552  0.114365
-0.00411615  -0.00141328  0.           -0.000560377   -0.00141328  -0.00476382  0.00115404   -0.00195055    0.           0.00115404   -0.00411552  0.000918405    -0.000560377 -0.00195055  0.000918405  -0.00495364

0.00252084   0.000865324  0.           0.000343327    0.000865324  0.00291731   -0.000706008 0.00119655     0.           -0.000706008 0.00251926   -0.000560369   0.000343327  0.00119655   -0.000560369 0.00303396
0.0155483    0.00375749   0.           0.00119655     0.00375749   0.0169289    -0.00306791  0.00493125     0.           -0.00306791  0.0155487    -0.00195055    0.00119655   0.00493125   -0.00195055  0.0172498
-0.00411615  -0.00141328  0.           -0.000560377   -0.00141328  -0.00476382  0.00115404   -0.00195055    0.           0.00115404   -0.00411552  0.000918405    -0.000560377 -0.00195055  0.000918405  -0.00495364
0.114366     0.0139121    0.           0.00303396     0.0139121    0.117871     -0.0113592   0.0172498      0.           -0.0113592   0.114365     -0.00495364    0.00303396   0.0172498    -0.00495364  0.118426


    Hamiltonian Matrix AC:    < psi_{i1,A} <psi_{i2,C} | V_e-e | psi_{i3,A} <psi_{i4,C} >

HijkAC: {{{{0.05555560815, -0.003179090252, 0.00000003004285942, 0.0003150525023}, {0.003179090252, -0.000363819129, 0.00000001116561908, 0.00005400662465}, {0.0000000302192077, -0.00000001116561908, -0.00000003719718691, -0.00000002540498462}, {0.0003150525023, -0.00005400662465, -0.0000000254049846, 0.00001079457087}}, {{-0.003179090252, 0.05591962417, 0.002595651815, -0.003725018276}, {-0.000363819129, 0.003241667909, 0.0002969912759, -0.0004324888962}, {-0.00000001116561908, -0.00000004601750573, 0.00000003208432337, -0.00000002950119695}, {-0.00005400662465, 0.000327486768, 0.000044191066, -0.000065502149}}, {{0.00000003004285942, 0.002595651815, 0.05555565132, -0.0005144983787}, {0.00000001116561908, 0.0002969912759, 0.003179092352, -0.0000883688316}, {-0.00000003719718691, 0.00000003208432335, 0.00000005759963382, 0.00000001032701536}, {-0.0000000254049846, 0.000044191066, 0.0003151230775, -0.00001689074855}}, {{0.0003150525023, -0.003725018276, -0.0005144983787, 0.05593062703}, {0.00005400662465, -0.0004324888962, -0.0000883688316, 0.003244631341}, {-0.00000002540498462, -0.00000002950119695, 0.00000001032701536, 0.00000001000636716}, {0.00001079457087, -0.000065502149, -0.00001689074855, 0.0003287653692}}}, {{{0.003179090252, -0.000363819129, 0.00000001116561908, 0.00005400662465}, {0.05591962417, -0.003241667909, -0.00000004601750573, 0.0003274867217}, {-0.002595651815, 0.0002969912872, -0.00000003208432335, -0.000044191066}, {0.003725018276, -0.0004324888962, 0.00000002950119695, 0.000065502149}}, {{-0.000363819129, 0.003241667909, 0.0002969912817, -0.0004324888962}, {-0.003241667909, 0.05629843039, 0.002646746688, -0.003800429361}, {0.0002969912811, -0.002646746688, -0.0002426620193, 0.0003531159466}, {-0.0004324888962, 0.003800429361, 0.0003531159466, -0.0005145470499}}, {{0.00000001116561908, 0.0002969912759, 0.003179092352, -0.0000883688316}, {-0.00000004601750573, 0.002646746688, 0.05591991691, -0.0005348340113}, {-0.00000003208432335, -0.0002426620193, -0.002595706652, 0.000072142258}, {0.00000002950119695, 0.0003531159466, 0.003725014926, -0.0001070303219}}, {{0.00005400662465, -0.0004324888962, -0.0000883688316, 0.003244631341}, {0.0003274867218, -0.003800429361, -0.0005348340113, 0.05631048623}, {-0.000044191066, 0.0003531159466, 0.000072142258, -0.002649257163}, {0.000065502149, -0.0005145470499, -0.0001070303219, 0.003804680132}}}, {{{0.0000000302192077, -0.00000001116561908, -0.00000003719718691, -0.00000002540498462}, {-0.002595651815, 0.0002969912872, -0.00000003208432336, -0.000044191066}, {0.05555565179, -0.003179092352, 0.0000000572477009, 0.0003151230775}, {-0.0005144983787, 0.0000883688316, 0.00000001032701537, -0.00001689106618}}, {{-0.00000001116561908, -0.00000004601750573, 0.00000003208432337, -0.00000002950119695}, {0.0002969912872, -0.002646746688, -0.0002426620193, 0.0003531159466}, {-0.003179092352, 0.05591991691, 0.002595706652, -0.003725014926}, {0.0000883688316, -0.0005348340113, -0.000072142258, 0.0001070303219}}, {{-0.00000003719718691, 0.00000003208432335, 0.00000005759963382, 0.00000001032701536}, {-0.00000003208432336, -0.0002426620193, -0.002595706652, 0.000072142258}, {0.0000000572477009, 0.002595706652, 0.05555568139, -0.0005146223661}, {0.00000001032701537, -0.000072142258, -0.0005146223661, 0.00002857535054}}, {{-0.00000002540498462, -0.00000002950119695, 0.00000001032701536, 0.00000001000636714}, {-0.000044191066, 0.0003531159466, 0.000072142258, -0.002649257163}, {0.0003151230775, -0.003725014926, -0.0005146223661, 0.05593060732}, {-0.00001689069666, 0.0001070303219, 0.00002857535054, -0.0005363141254}}}, {{{0.0003150525023, -0.00005400662465, -0.0000000254049846, 0.00001079457087}, {0.003725018276, -0.0004324888962, 0.00000002950119695, 0.000065502149}, {-0.0005144983787, 0.0000883688316, 0.00000001032701537, -0.00001689106618}, {0.05593062703, -0.003244631341, 0.00000001000636714, 0.0003287653692}}, {{-0.00005400662465, 0.0003274867679, 0.000044191066, -0.000065502149}, {-0.0004324888962, 0.003800429361, 0.0003531159466, -0.0005145470499}, {0.0000883688316, -0.0005348340113, -0.000072142258, 0.0001070303219}, {-0.003244631341, 0.05631048623, 0.002649257163, -0.003804680132}}, {{-0.0000000254049846, 0.000044191066, 0.0003151230775, -0.00001689104909}, {0.00000002950119695, 0.0003531159466, 0.003725014926, -0.0001070303219}, {0.00000001032701537, -0.000072142258, -0.0005146223661, 0.00002857535054}, {0.00000001000636714, 0.002649257163, 0.05593060732, -0.0005363141254}}, {{0.00001079457087, -0.000065502149, -0.00001689104909, 0.0003287653692}, {0.000065502149, -0.0005145470499, -0.0001070303219, 0.003804680132}, {-0.00001689069666, 0.0001070303219, 0.00002857535054, -0.0005363141254}, {0.0003287653692, -0.003804680132, -0.0005363141254, 0.05632287686}}}}
0.0555556     -0.00317909   0.            0.000315053     -0.00317909   0.0559196     0.00259565    -0.00372502     0.            0.00259565    0.0555557     -0.000514498    0.000315053   -0.00372502   -0.000514498  0.0559306
0.00317909    -0.000363819  0.            0.0000540066    -0.000363819  0.00324167    0.000296991   -0.000432489    0.            0.000296991   0.00317909    -0.0000883688   0.0000540066  -0.000432489  -0.0000883688 0.00324463
0.            0.            0.            0.              0.            0.            0.            0.              0.            0.            0.            0.              0.            0.            0.            0.
0.000315053   -0.0000540066 0.            0.0000107946    -0.0000540066 0.000327487   0.0000441911  -0.0000655021   0.            0.0000441911  0.000315123   -0.0000168907   0.0000107946  -0.0000655021 -0.0000168907 0.000328765

0.00317909    -0.000363819  0.            0.0000540066    -0.000363819  0.00324167    0.000296991   -0.000432489    0.            0.000296991   0.00317909    -0.0000883688   0.0000540066  -0.000432489  -0.0000883688 0.00324463
0.0559196     -0.00324167   0.            0.000327487     -0.00324167   0.0562984     0.00264675    -0.00380043     0.            0.00264675    0.0559199     -0.000534834    0.000327487   -0.00380043   -0.000534834  0.0563105
-0.00259565   0.000296991   0.            -0.0000441911   0.000296991   -0.00264675   -0.000242662  0.000353116     0.            -0.000242662  -0.00259571   0.0000721423    -0.0000441911 0.000353116   0.0000721423  -0.00264926
0.00372502    -0.000432489  0.            0.0000655021    -0.000432489  0.00380043    0.000353116   -0.000514547    0.            0.000353116   0.00372501    -0.00010703     0.0000655021  -0.000514547  -0.00010703   0.00380468

0.            0.            0.            0.              0.            0.            0.            0.              0.            0.            0.            0.              0.            0.            0.            0.
-0.00259565   0.000296991   0.            -0.0000441911   0.000296991   -0.00264675   -0.000242662  0.000353116     0.            -0.000242662  -0.00259571   0.0000721423    -0.0000441911 0.000353116   0.0000721423  -0.00264926
0.0555557     -0.00317909   0.            0.000315123     -0.00317909   0.0559199     0.00259571    -0.00372501     0.            0.00259571    0.0555557     -0.000514622    0.000315123   -0.00372501   -0.000514622  0.0559306
-0.000514498  0.0000883688  0.            -0.0000168911   0.0000883688  -0.000534834  -0.0000721423 0.00010703      0.            -0.0000721423 -0.000514622  0.0000285754    -0.0000168907 0.00010703    0.0000285754  -0.000536314

0.000315053   -0.0000540066 0.            0.0000107946    -0.0000540066 0.000327487   0.0000441911  -0.0000655021   0.            0.0000441911  0.000315123   -0.000016891    0.0000107946  -0.0000655021 -0.000016891  0.000328765
0.00372502    -0.000432489  0.            0.0000655021    -0.000432489  0.00380043    0.000353116   -0.000514547    0.            0.000353116   0.00372501    -0.00010703     0.0000655021  -0.000514547  -0.00010703   0.00380468
-0.000514498  0.0000883688  0.            -0.0000168911   0.0000883688  -0.000534834  -0.0000721423 0.00010703      0.            -0.0000721423 -0.000514622  0.0000285754    -0.0000168907 0.00010703    0.0000285754  -0.000536314
0.0559306     -0.00324463   0.            0.000328765     -0.00324463   0.0563105     0.00264926    -0.00380468     0.            0.00264926    0.0559306     -0.000536314    0.000328765   -0.00380468   -0.000536314  0.0563229


    Hamiltonian Matrix BA:    < psi_{i1,B} <psi_{i2,A} | V_e-e | psi_{i3,B} <psi_{i4,A} >

HijkBA: {{{{0.1111111063, 0.01271624724, 0.00000007116693933, 0.002520841986}, {0.01271624724, 0.002910870363, -0.0000001233616674, 0.0008653242586}, {0.00000007288145783, -0.0000001233616674, 0.0000002043642082, -0.00000001977893}, {0.002520841986, 0.0008653242586, -0.00000001977893, 0.0003433265268}}, {{0.01271624724, 0.114022242, -0.01038285469, 0.01554830209}, {0.002910870363, 0.01371593097, -0.002376879477, 0.003757494662}, {-0.0000001233616674, 0.0000004000586224, 0.0000002577851186, -0.0000000129005518}, {0.0008653242586, 0.002917313103, -0.0007060083778, 0.00119655194}}, {{0.00000007116693933, -0.01038285469, 0.1111112007, -0.004116149587}, {-0.0000001233616674, -0.002376879477, 0.01271649095, -0.001413279812}, {0.0000002043642082, 0.0000002577851186, -0.000008277715243, 0.0000002663567251}, {-0.00000001977893, -0.0007060083778, 0.002519259672, -0.0005603688961}}, {{0.002520841986, 0.01554830209, -0.004116149587, 0.1143659102}, {0.0008653242586, 0.003757494662, -0.001413279812, 0.01391211442}, {-0.00000001977893, -0.0000000129005518, 0.0000002663567251, 0.0000003899089898}, {0.0003433265268, 0.00119655194, -0.0005603688961, 0.003033958936}}}, {{{0.01271624724, 0.002910870363, -0.0000001233616674, 0.0008653242586}, {0.114022242, 0.01371593097, 0.0000004000586224, 0.002917273887}, {-0.01038285469, -0.002376878632, 0.0000002577851186, -0.0007060083778}, {0.01554830209, 0.003757494662, -0.00000001290055181, 0.00119655194}}, {{0.002910870363, 0.01371593097, -0.002376879477, 0.003757494662}, {0.01371593097, 0.1173924646, -0.01119881642, 0.01692894673}, {-0.002376878632, -0.01119881642, 0.001940476636, -0.00306790614}, {0.003757494662, 0.01692894673, -0.00306790614, 0.004931247922}}, {{-0.0000001233616674, -0.002376879477, 0.01271649095, -0.001413279812}, {0.0000004000586224, -0.01119881642, 0.1140220556, -0.004763820456}, {0.0000002577851186, 0.001940476636, -0.01038278893, 0.001154038081}, {-0.00000001290055181, -0.00306790614, 0.01554872623, -0.001950545091}}, {{0.0008653242586, 0.003757494662, -0.001413279812, 0.01391211442}, {0.002917273893, 0.01692894673, -0.004763820456, 0.1178710665}, {-0.0007060083778, -0.00306790614, 0.001154038081, -0.01135919552}, {0.00119655194, 0.004931247922, -0.001950545091, 0.01724975101}}}, {{{0.00000007288145783, -0.0000001233616674, 0.0000002043642082, -0.00000001977893}, {-0.01038285469, -0.002376878632, 0.0000002577851186, -0.0007060083778}, {0.1111112232, 0.01271649095, -0.000008277648594, 0.002519259672}, {-0.004116149587, -0.001413279812, 0.0000002663567251, -0.0005603768349}}, {{-0.0000001233616674, 0.0000004000586224, 0.0000002577851186, -0.0000000129005518}, {-0.002376878632, -0.01119881642, 0.001940476636, -0.00306790614}, {0.01271649095, 0.1140220556, -0.01038278893, 0.01554872623}, {-0.001413279812, -0.004763820456, 0.001154038081, -0.001950545091}}, {{0.0000002043642082, 0.0000002577851186, -0.000008277715243, 0.0000002663567251}, {0.0000002577851186, 0.001940476636, -0.01038278893, 0.001154038081}, {-0.000008277648594, -0.01038278893, 0.1111112654, -0.004115519201}, {0.0000002663567251, 0.001154038081, -0.004115519201, 0.0009184054725}}, {{-0.00000001977893, -0.0000000129005518, 0.0000002663567251, 0.0000003899089898}, {-0.0007060083778, -0.00306790614, 0.001154038081, -0.01135919552}, {0.002519259672, 0.01554872623, -0.004115519201, 0.1143652564}, {-0.000560376855, -0.001950545091, 0.0009184054725, -0.004953638871}}}, {{{0.002520841986, 0.0008653242586, -0.00000001977893, 0.0003433265268}, {0.01554830209, 0.003757494662, -0.00000001290055181, 0.00119655194}, {-0.004116149587, -0.001413279812, 0.0000002663567251, -0.0005603768349}, {0.1143659102, 0.01391211442, 0.0000003899089898, 0.003033958936}}, {{0.0008653242586, 0.002917313103, -0.0007060083778, 0.00119655194}, {0.003757494662, 0.01692894673, -0.00306790614, 0.004931247922}, {-0.001413279812, -0.004763820456, 0.001154038081, -0.001950545091}, {0.01391211442, 0.1178710665, -0.01135919552, 0.01724975101}}, {{-0.00000001977893, -0.0007060083778, 0.002519259672, -0.0005603688949}, {-0.00000001290055181, -0.00306790614, 0.01554872623, -0.001950545091}, {0.0000002663567251, 0.001154038081, -0.004115519201, 0.0009184054725}, {0.0000003899089898, -0.01135919552, 0.1143652564, -0.004953638871}}, {{0.0003433265268, 0.00119655194, -0.0005603688949, 0.003033958936}, {0.00119655194, 0.004931247922, -0.001950545091, 0.01724975101}, {-0.000560376855, -0.001950545091, 0.0009184054725, -0.004953638871}, {0.003033958936, 0.01724975101, -0.004953638871, 0.1184260023}}}}
0.111111     0.0127162    0.           0.00252084     0.0127162    0.114022     -0.0103829   0.0155483      0.           -0.0103829   0.111111     -0.00411615    0.00252084   0.0155483    -0.00411615  0.114366
0.0127162    0.00291087   0.           0.000865324    0.00291087   0.0137159    -0.00237688  0.00375749     0.           -0.00237688  0.0127165    -0.00141328    0.000865324  0.00375749   -0.00141328  0.0139121
0.           0.           0.           0.             0.           0.           0.           0.             0.           0.           0.           0.             0.           0.           0.           0.
0.00252084   0.000865324  0.           0.000343327    0.000865324  0.00291731   -0.000706008 0.00119655     0.           -0.000706008 0.00251926   -0.000560369   0.000343327  0.00119655   -0.000560369 0.00303396

0.0127162    0.00291087   0.           0.000865324    0.00291087   0.0137159    -0.00237688  0.00375749     0.           -0.00237688  0.0127165    -0.00141328    0.000865324  0.00375749   -0.00141328  0.0139121
0.114022     0.0137159    0.           0.00291727     0.0137159    0.117392     -0.0111988   0.0169289      0.           -0.0111988   0.114022     -0.00476382    0.00291727   0.0169289    -0.00476382  0.117871
-0.0103829   -0.00237688  0.           -0.000706008   -0.00237688  -0.0111988   0.00194048   -0.00306791    0.           0.00194048   -0.0103828   0.00115404     -0.000706008 -0.00306791  0.00115404   -0.0113592
0.0155483    0.00375749   0.           0.00119655     0.00375749   0.0169289    -0.00306791  0.00493125     0.           -0.00306791  0.0155487    -0.00195055    0.00119655   0.00493125   -0.00195055  0.0172498

0.           0.           0.           0.             0.           0.           0.           0.             0.           0.           0.           0.             0.           0.           0.           0.
-0.0103829   -0.00237688  0.           -0.000706008   -0.00237688  -0.0111988   0.00194048   -0.00306791    0.           0.00194048   -0.0103828   0.00115404     -0.000706008 -0.00306791  0.00115404   -0.0113592
0.111111     0.0127165    0.           0.00251926     0.0127165    0.114022     -0.0103828   0.0155487      0.           -0.0103828   0.111111     -0.00411552    0.00251926   0.0155487    -0.00411552  0.114365
-0.00411615  -0.00141328  0.           -0.000560377   -0.00141328  -0.00476382  0.00115404   -0.00195055    0.           0.00115404   -0.00411552  0.000918405    -0.000560377 -0.00195055  0.000918405  -0.00495364

0.00252084   0.000865324  0.           0.000343327    0.000865324  0.00291731   -0.000706008 0.00119655     0.           -0.000706008 0.00251926   -0.000560369   0.000343327  0.00119655   -0.000560369 0.00303396
0.0155483    0.00375749   0.           0.00119655     0.00375749   0.0169289    -0.00306791  0.00493125     0.           -0.00306791  0.0155487    -0.00195055    0.00119655   0.00493125   -0.00195055  0.0172498
-0.00411615  -0.00141328  0.           -0.000560377   -0.00141328  -0.00476382  0.00115404   -0.00195055    0.           0.00115404   -0.00411552  0.000918405    -0.000560377 -0.00195055  0.000918405  -0.00495364
0.114366     0.0139121    0.           0.00303396     0.0139121    0.117871     -0.0113592   0.0172498      0.           -0.0113592   0.114365     -0.00495364    0.00303396   0.0172498    -0.00495364  0.118426


    Hamiltonian Matrix BC:    < psi_{i1,B} <psi_{i2,C} | V_e-e | psi_{i3,B} <psi_{i4,C} >

HijkBC: {{{{0.1111111063, -0.01271624724, 0.00000007258619166, 0.002520841986}, {-0.01271624724, 0.002910870363, 0.0000001233616674, -0.0008653242586}, {0.00000007063285622, 0.0000001233616674, 0.0000002043642083, -0.00000001977893}, {0.002520841986, -0.0008653242586, -0.00000001977892999, 0.0003433265268}}, {{-0.01271624724, 0.114022242, 0.01038285469, -0.01554830209}, {0.002910870363, -0.01371593097, -0.002376877994, 0.003757494662}, {0.0000001233616674, 0.0000004000586224, -0.0000002577851186, 0.00000001290055179}, {-0.0008653242586, 0.002917313182, 0.0007060083778, -0.00119655194}}, {{0.00000007258619166, 0.01038285469, 0.1111112326, -0.004116149587}, {0.0000001233616674, -0.002376877994, -0.01271649095, 0.001413279812}, {0.0000002043642083, -0.0000002577851186, -0.000008285247952, 0.0000002663567251}, {-0.00000001977892999, 0.0007060083778, 0.002519259672, -0.0005603768669}}, {{0.002520841986, -0.01554830209, -0.004116149587, 0.1143659102}, {-0.0008653242586, 0.003757494662, 0.001413279812, -0.01391211442}, {-0.00000001977893, 0.00000001290055179, 0.0000002663567251, 0.0000003899089899}, {0.0003433265268, -0.00119655194, -0.0005603768669, 0.003033958936}}}, {{{-0.01271624724, 0.002910870363, 0.0000001233616674, -0.0008653242586}, {0.114022242, -0.01371593097, 0.0000004000586224, 0.002917273985}, {0.01038285469, -0.00237687971, -0.0000002577851186, 0.0007060083778}, {-0.01554830209, 0.003757494662, 0.0000000129005518, -0.00119655194}}, {{0.002910870363, -0.01371593097, -0.002376879237, 0.003757494662}, {-0.01371593097, 0.1173924646, 0.01119881642, -0.01692894673}, {-0.00237687849, 0.01119881642, 0.001940476636, -0.00306790614}, {0.003757494662, -0.01692894673, -0.00306790614, 0.004931247922}}, {{0.0000001233616674, -0.002376877994, -0.01271649095, 0.001413279812}, {0.0000004000586224, 0.01119881642, 0.1140220556, -0.004763820456}, {-0.0000002577851186, 0.001940476636, 0.01038278893, -0.001154038081}, {0.0000000129005518, -0.00306790614, -0.01554872623, 0.001950545091}}, {{-0.0008653242586, 0.003757494662, 0.001413279812, -0.01391211442}, {0.002917273985, -0.01692894673, -0.004763820456, 0.1178710665}, {0.0007060083778, -0.00306790614, -0.001154038081, 0.01135919552}, {-0.00119655194, 0.004931247922, 0.001950545091, -0.01724975101}}}, {{{0.00000007063285622, 0.0000001233616674, 0.0000002043642083, -0.00000001977893}, {0.01038285469, -0.00237687971, -0.0000002577851186, 0.0007060083778}, {0.1111111923, -0.01271649095, -0.000008253531123, 0.002519259672}, {-0.004116149587, 0.001413279812, 0.0000002663567251, -0.0005603688882}}, {{0.0000001233616674, 0.0000004000586224, -0.0000002577851186, 0.00000001290055179}, {-0.00237687971, 0.01119881642, 0.001940476636, -0.00306790614}, {-0.01271649095, 0.1140220556, 0.01038278893, -0.01554872623}, {0.001413279812, -0.004763820456, -0.001154038081, 0.001950545091}}, {{0.0000002043642083, -0.0000002577851186, -0.000008285247952, 0.0000002663567251}, {-0.0000002577851186, 0.001940476636, 0.01038278893, -0.001154038081}, {-0.000008253531123, 0.01038278893, 0.1111112654, -0.004115519201}, {0.0000002663567251, -0.001154038081, -0.004115519201, 0.0009184054725}}, {{-0.00000001977893, 0.00000001290055179, 0.0000002663567251, 0.0000003899089898}, {0.0007060083778, -0.00306790614, -0.001154038081, 0.01135919552}, {0.002519259672, -0.01554872623, -0.004115519201, 0.1143652564}, {-0.0005603766828, 0.001950545091, 0.0009184054725, -0.004953638871}}}, {{{0.002520841986, -0.0008653242586, -0.00000001977892999, 0.0003433265268}, {-0.01554830209, 0.003757494662, 0.0000000129005518, -0.00119655194}, {-0.004116149587, 0.001413279812, 0.0000002663567251, -0.0005603688882}, {0.1143659102, -0.01391211442, 0.0000003899089897, 0.003033958936}}, {{-0.0008653242586, 0.002917313194, 0.0007060083778, -0.00119655194}, {0.003757494662, -0.01692894673, -0.00306790614, 0.004931247922}, {0.001413279812, -0.004763820456, -0.001154038081, 0.001950545091}, {-0.01391211442, 0.1178710665, 0.01135919552, -0.01724975101}}, {{-0.00000001977892999, 0.0007060083778, 0.002519259672, -0.0005603690783}, {0.0000000129005518, -0.00306790614, -0.01554872623, 0.001950545091}, {0.0000002663567251, -0.001154038081, -0.004115519201, 0.0009184054725}, {0.0000003899089898, 0.01135919552, 0.1143652564, -0.004953638871}}, {{0.0003433265268, -0.00119655194, -0.0005603690783, 0.003033958936}, {-0.00119655194, 0.004931247922, 0.001950545091, -0.01724975101}, {-0.0005603766828, 0.001950545091, 0.0009184054725, -0.004953638871}, {0.003033958936, -0.01724975101, -0.004953638871, 0.1184260023}}}}
0.111111     -0.0127162   0.           0.00252084     -0.0127162   0.114022     0.0103829    -0.0155483     0.           0.0103829    0.111111     -0.00411615    0.00252084   -0.0155483   -0.00411615  0.114366
-0.0127162   0.00291087   0.           -0.000865324   0.00291087   -0.0137159   -0.00237688  0.00375749     0.           -0.00237688  -0.0127165   0.00141328     -0.000865324 0.00375749   0.00141328   -0.0139121
0.           0.           0.           0.             0.           0.           0.           0.             0.           0.           0.           0.             0.           0.           0.           0.
0.00252084   -0.000865324 0.           0.000343327    -0.000865324 0.00291731   0.000706008  -0.00119655    0.           0.000706008  0.00251926   -0.000560377   0.000343327  -0.00119655  -0.000560377 0.00303396

-0.0127162   0.00291087   0.           -0.000865324   0.00291087   -0.0137159   -0.00237688  0.00375749     0.           -0.00237688  -0.0127165   0.00141328     -0.000865324 0.00375749   0.00141328   -0.0139121
0.114022     -0.0137159   0.           0.00291727     -0.0137159   0.117392     0.0111988    -0.0169289     0.           0.0111988    0.114022     -0.00476382    0.00291727   -0.0169289   -0.00476382  0.117871
0.0103829    -0.00237688  0.           0.000706008    -0.00237688  0.0111988    0.00194048   -0.00306791    0.           0.00194048   0.0103828    -0.00115404    0.000706008  -0.00306791  -0.00115404  0.0113592
-0.0155483   0.00375749   0.           -0.00119655    0.00375749   -0.0169289   -0.00306791  0.00493125     0.           -0.00306791  -0.0155487   0.00195055     -0.00119655  0.00493125   0.00195055   -0.0172498

0.           0.           0.           0.             0.           0.           0.           0.             0.           0.           0.           0.             0.           0.           0.           0.
0.0103829    -0.00237688  0.           0.000706008    -0.00237688  0.0111988    0.00194048   -0.00306791    0.           0.00194048   0.0103828    -0.00115404    0.000706008  -0.00306791  -0.00115404  0.0113592
0.111111     -0.0127165   0.           0.00251926     -0.0127165   0.114022     0.0103828    -0.0155487     0.           0.0103828    0.111111     -0.00411552    0.00251926   -0.0155487   -0.00411552  0.114365
-0.00411615  0.00141328   0.           -0.000560369   0.00141328   -0.00476382  -0.00115404  0.00195055     0.           -0.00115404  -0.00411552  0.000918405    -0.000560377 0.00195055   0.000918405  -0.00495364

0.00252084   -0.000865324 0.           0.000343327    -0.000865324 0.00291731   0.000706008  -0.00119655    0.           0.000706008  0.00251926   -0.000560369   0.000343327  -0.00119655  -0.000560369 0.00303396
-0.0155483   0.00375749   0.           -0.00119655    0.00375749   -0.0169289   -0.00306791  0.00493125     0.           -0.00306791  -0.0155487   0.00195055     -0.00119655  0.00493125   0.00195055   -0.0172498
-0.00411615  0.00141328   0.           -0.000560369   0.00141328   -0.00476382  -0.00115404  0.00195055     0.           -0.00115404  -0.00411552  0.000918405    -0.000560377 0.00195055   0.000918405  -0.00495364
0.114366     -0.0139121   0.           0.00303396     -0.0139121   0.117871     0.0113592    -0.0172498     0.           0.0113592    0.114365     -0.00495364    0.00303396   -0.0172498   -0.00495364  0.118426


    Hamiltonian Matrix CA:    < psi_{i1,C} <psi_{i2,A} | V_e-e | psi_{i3,C} <psi_{i4,A} >

HijkCA: {{{{0.05555560815, -0.003179090252, 0.00000003004285942, 0.0003150525023}, {0.003179090252, -0.000363819129, 0.00000001116561908, 0.00005400662465}, {0.0000000302192077, -0.00000001116561908, -0.00000003719718691, -0.00000002540498462}, {0.0003150525023, -0.00005400662465, -0.0000000254049846, 0.00001079457087}}, {{-0.003179090252, 0.05591962417, 0.002595651815, -0.003725018276}, {-0.000363819129, 0.003241667909, 0.0002969912759, -0.0004324888962}, {-0.00000001116561908, -0.00000004601750573, 0.00000003208432337, -0.00000002950119695}, {-0.00005400662465, 0.000327486768, 0.000044191066, -0.000065502149}}, {{0.00000003004285942, 0.002595651815, 0.05555565132, -0.0005144983787}, {0.00000001116561908, 0.0002969912759, 0.003179092352, -0.0000883688316}, {-0.00000003719718691, 0.00000003208432335, 0.00000005759963382, 0.00000001032701536}, {-0.0000000254049846, 0.000044191066, 0.0003151230775, -0.00001689074855}}, {{0.0003150525023, -0.003725018276, -0.0005144983787, 0.05593062703}, {0.00005400662465, -0.0004324888962, -0.0000883688316, 0.003244631341}, {-0.00000002540498462, -0.00000002950119695, 0.00000001032701536, 0.00000001000636716}, {0.00001079457087, -0.000065502149, -0.00001689074855, 0.0003287653692}}}, {{{0.003179090252, -0.000363819129, 0.00000001116561908, 0.00005400662465}, {0.05591962417, -0.003241667909, -0.00000004601750573, 0.0003274867217}, {-0.002595651815, 0.0002969912872, -0.00000003208432335, -0.000044191066}, {0.003725018276, -0.0004324888962, 0.00000002950119695, 0.000065502149}}, {{-0.000363819129, 0.003241667909, 0.0002969912817, -0.0004324888962}, {-0.003241667909, 0.05629843039, 0.002646746688, -0.003800429361}, {0.0002969912811, -0.002646746688, -0.0002426620193, 0.0003531159466}, {-0.0004324888962, 0.003800429361, 0.0003531159466, -0.0005145470499}}, {{0.00000001116561908, 0.0002969912759, 0.003179092352, -0.0000883688316}, {-0.00000004601750573, 0.002646746688, 0.05591991691, -0.0005348340113}, {-0.00000003208432335, -0.0002426620193, -0.002595706652, 0.000072142258}, {0.00000002950119695, 0.0003531159466, 0.003725014926, -0.0001070303219}}, {{0.00005400662465, -0.0004324888962, -0.0000883688316, 0.003244631341}, {0.0003274867218, -0.003800429361, -0.0005348340113, 0.05631048623}, {-0.000044191066, 0.0003531159466, 0.000072142258, -0.002649257163}, {0.000065502149, -0.0005145470499, -0.0001070303219, 0.003804680132}}}, {{{0.0000000302192077, -0.00000001116561908, -0.00000003719718691, -0.00000002540498462}, {-0.002595651815, 0.0002969912872, -0.00000003208432336, -0.000044191066}, {0.05555565179, -0.003179092352, 0.0000000572477009, 0.0003151230775}, {-0.0005144983787, 0.0000883688316, 0.00000001032701537, -0.00001689106618}}, {{-0.00000001116561908, -0.00000004601750573, 0.00000003208432337, -0.00000002950119695}, {0.0002969912872, -0.002646746688, -0.0002426620193, 0.0003531159466}, {-0.003179092352, 0.05591991691, 0.002595706652, -0.003725014926}, {0.0000883688316, -0.0005348340113, -0.000072142258, 0.0001070303219}}, {{-0.00000003719718691, 0.00000003208432335, 0.00000005759963382, 0.00000001032701536}, {-0.00000003208432336, -0.0002426620193, -0.002595706652, 0.000072142258}, {0.0000000572477009, 0.002595706652, 0.05555568139, -0.0005146223661}, {0.00000001032701537, -0.000072142258, -0.0005146223661, 0.00002857535054}}, {{-0.00000002540498462, -0.00000002950119695, 0.00000001032701536, 0.00000001000636714}, {-0.000044191066, 0.0003531159466, 0.000072142258, -0.002649257163}, {0.0003151230775, -0.003725014926, -0.0005146223661, 0.05593060732}, {-0.00001689069666, 0.0001070303219, 0.00002857535054, -0.0005363141254}}}, {{{0.0003150525023, -0.00005400662465, -0.0000000254049846, 0.00001079457087}, {0.003725018276, -0.0004324888962, 0.00000002950119695, 0.000065502149}, {-0.0005144983787, 0.0000883688316, 0.00000001032701537, -0.00001689106618}, {0.05593062703, -0.003244631341, 0.00000001000636714, 0.0003287653692}}, {{-0.00005400662465, 0.0003274867679, 0.000044191066, -0.000065502149}, {-0.0004324888962, 0.003800429361, 0.0003531159466, -0.0005145470499}, {0.0000883688316, -0.0005348340113, -0.000072142258, 0.0001070303219}, {-0.003244631341, 0.05631048623, 0.002649257163, -0.003804680132}}, {{-0.0000000254049846, 0.000044191066, 0.0003151230775, -0.00001689104909}, {0.00000002950119695, 0.0003531159466, 0.003725014926, -0.0001070303219}, {0.00000001032701537, -0.000072142258, -0.0005146223661, 0.00002857535054}, {0.00000001000636714, 0.002649257163, 0.05593060732, -0.0005363141254}}, {{0.00001079457087, -0.000065502149, -0.00001689104909, 0.0003287653692}, {0.000065502149, -0.0005145470499, -0.0001070303219, 0.003804680132}, {-0.00001689069666, 0.0001070303219, 0.00002857535054, -0.0005363141254}, {0.0003287653692, -0.003804680132, -0.0005363141254, 0.05632287686}}}}
0.0555556     -0.00317909   0.            0.000315053     -0.00317909   0.0559196     0.00259565    -0.00372502     0.            0.00259565    0.0555557     -0.000514498    0.000315053   -0.00372502   -0.000514498  0.0559306
0.00317909    -0.000363819  0.            0.0000540066    -0.000363819  0.00324167    0.000296991   -0.000432489    0.            0.000296991   0.00317909    -0.0000883688   0.0000540066  -0.000432489  -0.0000883688 0.00324463
0.            0.            0.            0.              0.            0.            0.            0.              0.            0.            0.            0.              0.            0.            0.            0.
0.000315053   -0.0000540066 0.            0.0000107946    -0.0000540066 0.000327487   0.0000441911  -0.0000655021   0.            0.0000441911  0.000315123   -0.0000168907   0.0000107946  -0.0000655021 -0.0000168907 0.000328765

0.00317909    -0.000363819  0.            0.0000540066    -0.000363819  0.00324167    0.000296991   -0.000432489    0.            0.000296991   0.00317909    -0.0000883688   0.0000540066  -0.000432489  -0.0000883688 0.00324463
0.0559196     -0.00324167   0.            0.000327487     -0.00324167   0.0562984     0.00264675    -0.00380043     0.            0.00264675    0.0559199     -0.000534834    0.000327487   -0.00380043   -0.000534834  0.0563105
-0.00259565   0.000296991   0.            -0.0000441911   0.000296991   -0.00264675   -0.000242662  0.000353116     0.            -0.000242662  -0.00259571   0.0000721423    -0.0000441911 0.000353116   0.0000721423  -0.00264926
0.00372502    -0.000432489  0.            0.0000655021    -0.000432489  0.00380043    0.000353116   -0.000514547    0.            0.000353116   0.00372501    -0.00010703     0.0000655021  -0.000514547  -0.00010703   0.00380468

0.            0.            0.            0.              0.            0.            0.            0.              0.            0.            0.            0.              0.            0.            0.            0.
-0.00259565   0.000296991   0.            -0.0000441911   0.000296991   -0.00264675   -0.000242662  0.000353116     0.            -0.000242662  -0.00259571   0.0000721423    -0.0000441911 0.000353116   0.0000721423  -0.00264926
0.0555557     -0.00317909   0.            0.000315123     -0.00317909   0.0559199     0.00259571    -0.00372501     0.            0.00259571    0.0555557     -0.000514622    0.000315123   -0.00372501   -0.000514622  0.0559306
-0.000514498  0.0000883688  0.            -0.0000168911   0.0000883688  -0.000534834  -0.0000721423 0.00010703      0.            -0.0000721423 -0.000514622  0.0000285754    -0.0000168907 0.00010703    0.0000285754  -0.000536314

0.000315053   -0.0000540066 0.            0.0000107946    -0.0000540066 0.000327487   0.0000441911  -0.0000655021   0.            0.0000441911  0.000315123   -0.000016891    0.0000107946  -0.0000655021 -0.000016891  0.000328765
0.00372502    -0.000432489  0.            0.0000655021    -0.000432489  0.00380043    0.000353116   -0.000514547    0.            0.000353116   0.00372501    -0.00010703     0.0000655021  -0.000514547  -0.00010703   0.00380468
-0.000514498  0.0000883688  0.            -0.0000168911   0.0000883688  -0.000534834  -0.0000721423 0.00010703      0.            -0.0000721423 -0.000514622  0.0000285754    -0.0000168907 0.00010703    0.0000285754  -0.000536314
0.0559306     -0.00324463   0.            0.000328765     -0.00324463   0.0563105     0.00264926    -0.00380468     0.            0.00264926    0.0559306     -0.000536314    0.000328765   -0.00380468   -0.000536314  0.0563229


    Hamiltonian Matrix CB:    < psi_{i1,C} <psi_{i2,B} | V_e-e | psi_{i3,C} <psi_{i4,B} >

HijkCB: {{{{0.1111111063, -0.01271624724, 0.00000007258619166, 0.002520841986}, {-0.01271624724, 0.002910870363, 0.0000001233616674, -0.0008653242586}, {0.00000007063285622, 0.0000001233616674, 0.0000002043642083, -0.00000001977893}, {0.002520841986, -0.0008653242586, -0.00000001977892999, 0.0003433265268}}, {{-0.01271624724, 0.114022242, 0.01038285469, -0.01554830209}, {0.002910870363, -0.01371593097, -0.002376877994, 0.003757494662}, {0.0000001233616674, 0.0000004000586224, -0.0000002577851186, 0.00000001290055179}, {-0.0008653242586, 0.002917313182, 0.0007060083778, -0.00119655194}}, {{0.00000007258619166, 0.01038285469, 0.1111112326, -0.004116149587}, {0.0000001233616674, -0.002376877994, -0.01271649095, 0.001413279812}, {0.0000002043642083, -0.0000002577851186, -0.000008285247952, 0.0000002663567251}, {-0.00000001977892999, 0.0007060083778, 0.002519259672, -0.0005603768669}}, {{0.002520841986, -0.01554830209, -0.004116149587, 0.1143659102}, {-0.0008653242586, 0.003757494662, 0.001413279812, -0.01391211442}, {-0.00000001977893, 0.00000001290055179, 0.0000002663567251, 0.0000003899089899}, {0.0003433265268, -0.00119655194, -0.0005603768669, 0.003033958936}}}, {{{-0.01271624724, 0.002910870363, 0.0000001233616674, -0.0008653242586}, {0.114022242, -0.01371593097, 0.0000004000586224, 0.002917273985}, {0.01038285469, -0.00237687971, -0.0000002577851186, 0.0007060083778}, {-0.01554830209, 0.003757494662, 0.0000000129005518, -0.00119655194}}, {{0.002910870363, -0.01371593097, -0.002376879237, 0.003757494662}, {-0.01371593097, 0.1173924646, 0.01119881642, -0.01692894673}, {-0.00237687849, 0.01119881642, 0.001940476636, -0.00306790614}, {0.003757494662, -0.01692894673, -0.00306790614, 0.004931247922}}, {{0.0000001233616674, -0.002376877994, -0.01271649095, 0.001413279812}, {0.0000004000586224, 0.01119881642, 0.1140220556, -0.004763820456}, {-0.0000002577851186, 0.001940476636, 0.01038278893, -0.001154038081}, {0.0000000129005518, -0.00306790614, -0.01554872623, 0.001950545091}}, {{-0.0008653242586, 0.003757494662, 0.001413279812, -0.01391211442}, {0.002917273985, -0.01692894673, -0.004763820456, 0.1178710665}, {0.0007060083778, -0.00306790614, -0.001154038081, 0.01135919552}, {-0.00119655194, 0.004931247922, 0.001950545091, -0.01724975101}}}, {{{0.00000007063285622, 0.0000001233616674, 0.0000002043642083, -0.00000001977893}, {0.01038285469, -0.00237687971, -0.0000002577851186, 0.0007060083778}, {0.1111111923, -0.01271649095, -0.000008253531123, 0.002519259672}, {-0.004116149587, 0.001413279812, 0.0000002663567251, -0.0005603688882}}, {{0.0000001233616674, 0.0000004000586224, -0.0000002577851186, 0.00000001290055179}, {-0.00237687971, 0.01119881642, 0.001940476636, -0.00306790614}, {-0.01271649095, 0.1140220556, 0.01038278893, -0.01554872623}, {0.001413279812, -0.004763820456, -0.001154038081, 0.001950545091}}, {{0.0000002043642083, -0.0000002577851186, -0.000008285247952, 0.0000002663567251}, {-0.0000002577851186, 0.001940476636, 0.01038278893, -0.001154038081}, {-0.000008253531123, 0.01038278893, 0.1111112654, -0.004115519201}, {0.0000002663567251, -0.001154038081, -0.004115519201, 0.0009184054725}}, {{-0.00000001977893, 0.00000001290055179, 0.0000002663567251, 0.0000003899089898}, {0.0007060083778, -0.00306790614, -0.001154038081, 0.01135919552}, {0.002519259672, -0.01554872623, -0.004115519201, 0.1143652564}, {-0.0005603766828, 0.001950545091, 0.0009184054725, -0.004953638871}}}, {{{0.002520841986, -0.0008653242586, -0.00000001977892999, 0.0003433265268}, {-0.01554830209, 0.003757494662, 0.0000000129005518, -0.00119655194}, {-0.004116149587, 0.001413279812, 0.0000002663567251, -0.0005603688882}, {0.1143659102, -0.01391211442, 0.0000003899089897, 0.003033958936}}, {{-0.0008653242586, 0.002917313194, 0.0007060083778, -0.00119655194}, {0.003757494662, -0.01692894673, -0.00306790614, 0.004931247922}, {0.001413279812, -0.004763820456, -0.001154038081, 0.001950545091}, {-0.01391211442, 0.1178710665, 0.01135919552, -0.01724975101}}, {{-0.00000001977892999, 0.0007060083778, 0.002519259672, -0.0005603690783}, {0.0000000129005518, -0.00306790614, -0.01554872623, 0.001950545091}, {0.0000002663567251, -0.001154038081, -0.004115519201, 0.0009184054725}, {0.0000003899089898, 0.01135919552, 0.1143652564, -0.004953638871}}, {{0.0003433265268, -0.00119655194, -0.0005603690783, 0.003033958936}, {-0.00119655194, 0.004931247922, 0.001950545091, -0.01724975101}, {-0.0005603766828, 0.001950545091, 0.0009184054725, -0.004953638871}, {0.003033958936, -0.01724975101, -0.004953638871, 0.1184260023}}}}
0.111111     -0.0127162   0.           0.00252084     -0.0127162   0.114022     0.0103829    -0.0155483     0.           0.0103829    0.111111     -0.00411615    0.00252084   -0.0155483   -0.00411615  0.114366
-0.0127162   0.00291087   0.           -0.000865324   0.00291087   -0.0137159   -0.00237688  0.00375749     0.           -0.00237688  -0.0127165   0.00141328     -0.000865324 0.00375749   0.00141328   -0.0139121
0.           0.           0.           0.             0.           0.           0.           0.             0.           0.           0.           0.             0.           0.           0.           0.
0.00252084   -0.000865324 0.           0.000343327    -0.000865324 0.00291731   0.000706008  -0.00119655    0.           0.000706008  0.00251926   -0.000560377   0.000343327  -0.00119655  -0.000560377 0.00303396

-0.0127162   0.00291087   0.           -0.000865324   0.00291087   -0.0137159   -0.00237688  0.00375749     0.           -0.00237688  -0.0127165   0.00141328     -0.000865324 0.00375749   0.00141328   -0.0139121
0.114022     -0.0137159   0.           0.00291727     -0.0137159   0.117392     0.0111988    -0.0169289     0.           0.0111988    0.114022     -0.00476382    0.00291727   -0.0169289   -0.00476382  0.117871
0.0103829    -0.00237688  0.           0.000706008    -0.00237688  0.0111988    0.00194048   -0.00306791    0.           0.00194048   0.0103828    -0.00115404    0.000706008  -0.00306791  -0.00115404  0.0113592
-0.0155483   0.00375749   0.           -0.00119655    0.00375749   -0.0169289   -0.00306791  0.00493125     0.           -0.00306791  -0.0155487   0.00195055     -0.00119655  0.00493125   0.00195055   -0.0172498

0.           0.           0.           0.             0.           0.           0.           0.             0.           0.           0.           0.             0.           0.           0.           0.
0.0103829    -0.00237688  0.           0.000706008    -0.00237688  0.0111988    0.00194048   -0.00306791    0.           0.00194048   0.0103828    -0.00115404    0.000706008  -0.00306791  -0.00115404  0.0113592
0.111111     -0.0127165   0.           0.00251926     -0.0127165   0.114022     0.0103828    -0.0155487     0.           0.0103828    0.111111     -0.00411552    0.00251926   -0.0155487   -0.00411552  0.114365
-0.00411615  0.00141328   0.           -0.000560369   0.00141328   -0.00476382  -0.00115404  0.00195055     0.           -0.00115404  -0.00411552  0.000918405    -0.000560377 0.00195055   0.000918405  -0.00495364

0.00252084   -0.000865324 0.           0.000343327    -0.000865324 0.00291731   0.000706008  -0.00119655    0.           0.000706008  0.00251926   -0.000560369   0.000343327  -0.00119655  -0.000560369 0.00303396
-0.0155483   0.00375749   0.           -0.00119655    0.00375749   -0.0169289   -0.00306791  0.00493125     0.           -0.00306791  -0.0155487   0.00195055     -0.00119655  0.00493125   0.00195055   -0.0172498
-0.00411615  0.00141328   0.           -0.000560369   0.00141328   -0.00476382  -0.00115404  0.00195055     0.           -0.00115404  -0.00411552  0.000918405    -0.000560377 0.00195055   0.000918405  -0.00495364
0.114366     -0.0139121   0.           0.00303396     -0.0139121   0.117871     0.0113592    -0.0172498     0.           0.0113592    0.114365     -0.00495364    0.00303396   -0.0172498   -0.00495364  0.118426


Energy:  {2.829112058}


Coefficients: {{0.9999767982, 0.006811839526, -0.00001894256943, 0.00003932876949}, {0.9999773404, -0.006731892922, -0.00001850098942, 0.000001444586833}, {0.9999773404, -0.006731892922, -0.00001850098942, 0.000001444586833}, {0.9999767982, 0.006811839526, -0.00001894256943, 0.00003932876949}}


r2: {3.183043069, 3.18303847, 3.18303847, 3.183043069}
r2f: {3.18284615}


r3: {6.976087809, 6.976072688, 6.976072688, 6.976087809}
r3f: {6.975440461}


alpha: {4.500417618, 4.500407863, 4.500407863, 4.500417618}
alphaf: {4.5}




~~~XDM (a1=0.65, a2=3.17474)~~~

M1^2: {3.182944679, 3.182942373, 3.182942373, 3.182944679}
M1f^2: {3.18284615}

M2^2: {16.885229, 16.88520456, 16.88520456, 16.885229}
M2f^2: {16.88418269}

M3^2: {125.4044028, 125.4041301, 125.4041301, 125.4044028}
M3f^2: {125.3927637}

C6XDM: {{7.162290155, 7.162279799, 7.162279799, 7.162290155}, {7.162279799, 7.162269442, 7.162269442, 7.162279799}, {7.162279799, 7.162269442, 7.162269442, 7.162279799}, {7.162290155, 7.162279799, 7.162279799, 7.162290155}}
C6XDMf: {7.161403837}

C8XDM: {{113.9858731, 113.9856671, 113.9856671, 113.9858731}, {113.9856671, 113.985461, 113.985461, 113.9856671}, {113.9856671, 113.985461, 113.985461, 113.9856671}, {113.9858731, 113.9856671, 113.9856671, 113.9858731}}
C8XDMf: {113.9682331}

C10XDM: {{1975.302781, 1975.298494, 1975.298494, 1975.302781}, {1975.298494, 1975.294208, 1975.294208, 1975.298494}, {1975.298494, 1975.294208, 1975.294208, 1975.298494}, {1975.302781, 1975.298494, 1975.298494, 1975.302781}}
C10XDMf: {1974.936028}

EXDMC6: {-0.00004087087864}
EXDMC8: {-0.000007964935975}
EXDMC10: {-0.000001700643167}

EXDMBJC6: {-0.00003810462806}
EXDMBJC8: {-0.000007727955857}
EXDMBJC10: {-0.000001679037939}

EXDM: {-0.00005053645779}
EXDMBJ: {-0.00004751162186}




~~~TS (dTS=20, sR=0.62)~~~

C6TS: {{7.162733112, 7.162717586, 7.162717586, 7.162733112}, {7.162717586, 7.16270206, 7.16270206, 7.162717586}, {7.162717586, 7.16270206, 7.16270206, 7.162717586}, {7.162733112, 7.162717586, 7.162717586, 7.162733112}}
C6TSf: {7.161403837}

ETS: {-0.00004087336713}
ETSWY: {-0.00004087336713}




~~~MBD~~~

 alpha: {4.501261088, 4.501598729, 4.501598729, 4.501261088}
  C6ii: {7.164409087, 7.165068057, 7.165068057, 7.164409087}
 omega: {0.4714663533, 0.4714389897, 0.4714389897, 0.4714663533}
lambda: {0.2264260871, 0.2246536944, 0.2246536944, 0.2242084065, 0.2229329555, 0.2229329555, 0.2213048115, 0.2213048115, 0.2209556812, 0.2201790254, 0.2201790254, 0.2174803119}
Energy: {-0.00004092150636}

~~~MBD@rsSCS (drsSCS=6, sR=0.62)~~~

 alpha: {4.500417618, 4.500407863, 4.500407863, 4.500417618}
  C6ii: {7.162733112, 7.162702061, 7.162702061, 7.162733112}
 omega: {0.4715327629, 0.4715327629, 0.4715327629, 0.4715327629}
lambda: {0.2265069008, 0.2247338339, 0.2247338339, 0.224278499, 0.2230020125, 0.2230020125, 0.2213754702, 0.2213754702, 0.2210254144, 0.2202612693, 0.2202612693, 0.2175617717}
Energy: {-0.00004088342194}




~~~MBDFree1~~~

 alpha: {4.500843237, 4.501190539, 4.501190539, 4.500843237}
  C6ii: {7.163079193, 7.163768969, 7.163768969, 7.163079193}
 omega: {0.4714663655, 0.471439007, 0.471439007, 0.4714663655}
lambda: {0.2264257224, 0.224653491, 0.224653491, 0.2242082411, 0.2229329074, 0.2229329074, 0.2213049136, 0.2213049136, 0.2209558155, 0.2201792302, 0.2201792302, 0.2174807632}
Energy: {-0.0000409140241}

~~~MBDFree1@rsSCS (drsSCS=6, sR=0.62)~~~

 alpha: {4.5, 4.5, 4.5, 4.5}
  C6ii: {7.161403837, 7.161403837, 7.161403837, 7.161403837}
 omega: {0.4715327629, 0.4715327629, 0.4715327629, 0.4715327629}
lambda: {0.2265065211, 0.2247336156, 0.2247336156, 0.2242783207, 0.2230019517, 0.2230019517, 0.2213755594, 0.2213755594, 0.221025536, 0.2202614592, 0.2202614592, 0.2175622082}
Energy: {-0.00004087594887}




~~~MBDFree2~~~

 alpha: {4.500843237, 4.501190539, 4.501190539, 4.500843237}
  C6ii: {7.164408777, 7.165067624, 7.165067624, 7.164408777}
 omega: {0.4715538774, 0.4715244698, 0.4715244698, 0.4715538774}
lambda: {0.2265083354, 0.2247355465, 0.2247355465, 0.2242908958, 0.2230151816, 0.2230151816, 0.2213864883, 0.2213864883, 0.2210373493, 0.2202595534, 0.2202595534, 0.2175601893}
Energy: {-0.00004092150051}

~~~MBDFree2@rsSCS (drsSCS=6, sR=0.62)~~~

 alpha: {4.5, 4.5, 4.5, 4.5}
  C6ii: {7.162733112, 7.162702061, 7.162702061, 7.162733112}
 omega: {0.4716202872, 0.4716182426, 0.4716182426, 0.4716202872}
lambda: {0.2265891599, 0.2248156941, 0.2248156941, 0.2243609981, 0.2230842446, 0.2230842446, 0.2214571664, 0.2214571664, 0.2211070991, 0.2203418191, 0.2203418191, 0.2176416671}
Energy: {-0.00004088341833}




~~~MBD@XDM1~~~

 alpha: {4.501121851, 4.501462709, 4.501462709, 4.501121851}
  C6ii: {7.163965924, 7.16463515, 7.16463515, 7.163965924}
 omega: {0.4714663574, 0.4714389955, 0.4714389955, 0.4714663574}
lambda: {0.2264259656, 0.2246536266, 0.2246536266, 0.2242083514, 0.2229329395, 0.2229329395, 0.2213048455, 0.2213048455, 0.220955726, 0.2201790936, 0.2201790936, 0.2174804623}
Energy: {-0.000040919013}

~~~MBD@XDM1@rsSCS (drsSCS=6, sR=0.62)~~~

 alpha: {4.500278459, 4.500271951, 4.500271951, 4.500278459}
  C6ii: {7.162290156, 7.162269442, 7.162269442, 7.162290156}
 omega: {0.4715327629, 0.4715327629, 0.4715327629, 0.4715327629}
lambda: {0.2265067743, 0.2247337612, 0.2247337612, 0.2242784396, 0.2230019923, 0.2230019923, 0.2213754999, 0.2213754999, 0.2210254549, 0.2202613326, 0.2202613326, 0.2175619172}
Energy: {-0.00004088093164}




~~~MBD@XDM2~~~

 alpha: {4.501261088, 4.501598729, 4.501598729, 4.501261088}
  C6ii: {7.163966027, 7.164635295, 7.164635295, 7.163966027}
 omega: {0.471437197, 0.4714105153, 0.4714105153, 0.471437197}
lambda: {0.2263985658, 0.2246263588, 0.2246263588, 0.2241808716, 0.2229055475, 0.2229055475, 0.2212776363, 0.2212776363, 0.2209285198, 0.2201522668, 0.2201522668, 0.2174538522}
Energy: {-0.00004091901495}

~~~MBD@XDM2@rsSCS (drsSCS=6, sR=0.62)~~~

 alpha: {4.500417618, 4.500407863, 4.500407863, 4.500417618}
  C6ii: {7.162290156, 7.162269442, 7.162269442, 7.162290156}
 omega: {0.4715036024, 0.4715042829, 0.4715042829, 0.4715036024}
lambda: {0.2264793709, 0.2247064907, 0.2247064907, 0.2242509566, 0.2229745983, 0.2229745983, 0.2213482843, 0.2213482843, 0.2209982432, 0.2202344985, 0.2202344985, 0.2175353011}
Energy: {-0.00004088093284}




    ENERGY MATRIX: {Non-Interacting, Electron-Nuclear, Electron-Electron, Nuclear-Nuclear, Total Energy}
Oscillator 1 Energy: {0.7073213815, -0.2039398814, 0.1019152741, 0.1018518405, 0.7071486146}
Oscillator 2 Energy: {0.7073208694, -0.2777347549, 0.1391046318, 0.1388888735, 0.7075796198}
Oscillator 3 Energy: {0.7073208694, -0.2781654989, 0.1390185168, 0.1388888735, 0.7070627608}
Oscillator 4 Energy: {0.7073213815, -0.2039398814, 0.101829159, 0.1018518405, 0.7070624996}
Energy Totals: {2.829284502, -0.9637800166, 0.4818675816, 0.481481428, 2.828853495}


    COEFFICIENT MATRIX: {c1, c2, c5, c6, c11, c14}
Oscillator 1 Cs: {0.9999767982, 0.006811839526, -0.00001894256943, 0.00003932876949}
Oscillator 2 Cs: {0.9999773404, -0.006731892922, -0.00001850098942, 0.000001444586833}
Oscillator 3 Cs: {0.9999773404, -0.006731892922, -0.00001850098942, 0.000001444586833}
Oscillator 4 Cs: {0.9999767982, 0.006811839526, -0.00001894256943, 0.00003932876949}


    GENERAL RESULTS: {R, E, r2, r2f, r3, r3f, alpha, alphaf}
Oscillator 1 General Results: {9.000001, 2.829112058, 3.183043069, 3.18284615, 6.976087809, 6.975440461, 4.500417618, 4.5}
Oscillator 2 General Results: {9.000001, 2.829112058, 3.18303847, 3.18284615, 6.976072688, 6.975440461, 4.500407863, 4.5}
Oscillator 3 General Results: {9.000001, 2.829112058, 3.18303847, 3.18284615, 6.976072688, 6.975440461, 4.500407863, 4.5}
Oscillator 4 General Results: {9.000001, 2.829112058, 3.183043069, 3.18284615, 6.976087809, 6.975440461, 4.500417618, 4.5}


    XDM RESULTS: {M1^2, M1f^2, M2^2, M2f^2, M3^2, M3f^2, C6XDMii, C6XDMij, C6XDMf, C8XDMii, C8XDMij, C8XDMf, C10XDMii, C10XDMij, C10XDMf, EXDMC6, EXDMC8, EXDMC10, EXDMBJC6, EXDMBJC8, EXDMBJC10, EXDM, EXDMBJ}
Oscillator 1 XDM Results: {3.182944679, 3.18284615, 16.885229, 16.88418269, 125.4044028, 125.3927637, 7.162290155, {{7.162290155, 7.162279799, 7.162279799, 7.162290155}, {7.162279799, 7.162269442, 7.162269442, 7.162279799}, {7.162279799, 7.162269442, 7.162269442, 7.162279799}, {7.162290155, 7.162279799, 7.162279799, 7.162290155}}, 7.161403837, 113.9858731, {{113.9858731, 113.9856671, 113.9856671, 113.9858731}, {113.9856671, 113.985461, 113.985461, 113.9856671}, {113.9856671, 113.985461, 113.985461, 113.9856671}, {113.9858731, 113.9856671, 113.9856671, 113.9858731}}, 113.9682331, 1975.302781, {{1975.302781, 1975.298494, 1975.298494, 1975.302781}, {1975.298494, 1975.294208, 1975.294208, 1975.298494}, {1975.298494, 1975.294208, 1975.294208, 1975.298494}, {1975.302781, 1975.298494, 1975.298494, 1975.302781}}, 1974.936028, -0.00004087087864, -0.000007964935975, -0.000001700643167, -0.00003810462806, -0.000007727955857, -0.000001679037939, -0.00005053645779, -0.00004751162186}
Oscillator 2 XDM Results: {3.182942373, 3.18284615, 16.88520456, 16.88418269, 125.4041301, 125.3927637, 7.162269442, {{7.162290155, 7.162279799, 7.162279799, 7.162290155}, {7.162279799, 7.162269442, 7.162269442, 7.162279799}, {7.162279799, 7.162269442, 7.162269442, 7.162279799}, {7.162290155, 7.162279799, 7.162279799, 7.162290155}}, 7.161403837, 113.985461, {{113.9858731, 113.9856671, 113.9856671, 113.9858731}, {113.9856671, 113.985461, 113.985461, 113.9856671}, {113.9856671, 113.985461, 113.985461, 113.9856671}, {113.9858731, 113.9856671, 113.9856671, 113.9858731}}, 113.9682331, 1975.294208, {{1975.302781, 1975.298494, 1975.298494, 1975.302781}, {1975.298494, 1975.294208, 1975.294208, 1975.298494}, {1975.298494, 1975.294208, 1975.294208, 1975.298494}, {1975.302781, 1975.298494, 1975.298494, 1975.302781}}, 1974.936028, -0.00004087087864, -0.000007964935975, -0.000001700643167, -0.00003810462806, -0.000007727955857, -0.000001679037939, -0.00005053645779, -0.00004751162186}
Oscillator 3 XDM Results: {3.182942373, 3.18284615, 16.88520456, 16.88418269, 125.4041301, 125.3927637, 7.162269442, {{7.162290155, 7.162279799, 7.162279799, 7.162290155}, {7.162279799, 7.162269442, 7.162269442, 7.162279799}, {7.162279799, 7.162269442, 7.162269442, 7.162279799}, {7.162290155, 7.162279799, 7.162279799, 7.162290155}}, 7.161403837, 113.985461, {{113.9858731, 113.9856671, 113.9856671, 113.9858731}, {113.9856671, 113.985461, 113.985461, 113.9856671}, {113.9856671, 113.985461, 113.985461, 113.9856671}, {113.9858731, 113.9856671, 113.9856671, 113.9858731}}, 113.9682331, 1975.294208, {{1975.302781, 1975.298494, 1975.298494, 1975.302781}, {1975.298494, 1975.294208, 1975.294208, 1975.298494}, {1975.298494, 1975.294208, 1975.294208, 1975.298494}, {1975.302781, 1975.298494, 1975.298494, 1975.302781}}, 1974.936028, -0.00004087087864, -0.000007964935975, -0.000001700643167, -0.00003810462806, -0.000007727955857, -0.000001679037939, -0.00005053645779, -0.00004751162186}
Oscillator 4 XDM Results: {3.182944679, 3.18284615, 16.885229, 16.88418269, 125.4044028, 125.3927637, 7.162290155, {{7.162290155, 7.162279799, 7.162279799, 7.162290155}, {7.162279799, 7.162269442, 7.162269442, 7.162279799}, {7.162279799, 7.162269442, 7.162269442, 7.162279799}, {7.162290155, 7.162279799, 7.162279799, 7.162290155}}, 7.161403837, 113.9858731, {{113.9858731, 113.9856671, 113.9856671, 113.9858731}, {113.9856671, 113.985461, 113.985461, 113.9856671}, {113.9856671, 113.985461, 113.985461, 113.9856671}, {113.9858731, 113.9856671, 113.9856671, 113.9858731}}, 113.9682331, 1975.302781, {{1975.302781, 1975.298494, 1975.298494, 1975.302781}, {1975.298494, 1975.294208, 1975.294208, 1975.298494}, {1975.298494, 1975.294208, 1975.294208, 1975.298494}, {1975.302781, 1975.298494, 1975.298494, 1975.302781}}, 1974.936028, -0.00004087087864, -0.000007964935975, -0.000001700643167, -0.00003810462806, -0.000007727955857, -0.000001679037939, -0.00005053645779, -0.00004751162186}


    TS RESULTS: {C6TSii, C6TSij, C6TSf, ETS, ETSWY}
Oscillator 1 TS Results: {7.162733112, {{7.162733112, 7.162717586, 7.162717586, 7.162733112}, {7.162717586, 7.16270206, 7.16270206, 7.162717586}, {7.162717586, 7.16270206, 7.16270206, 7.162717586}, {7.162733112, 7.162717586, 7.162717586, 7.162733112}}, 7.161403837, -0.00004087336713, -0.00004087336713}
Oscillator 2 TS Results: {7.16270206, {{7.162733112, 7.162717586, 7.162717586, 7.162733112}, {7.162717586, 7.16270206, 7.16270206, 7.162717586}, {7.162717586, 7.16270206, 7.16270206, 7.162717586}, {7.162733112, 7.162717586, 7.162717586, 7.162733112}}, 7.161403837, -0.00004087336713, -0.00004087336713}
Oscillator 3 TS Results: {7.16270206, {{7.162733112, 7.162717586, 7.162717586, 7.162733112}, {7.162717586, 7.16270206, 7.16270206, 7.162717586}, {7.162717586, 7.16270206, 7.16270206, 7.162717586}, {7.162733112, 7.162717586, 7.162717586, 7.162733112}}, 7.161403837, -0.00004087336713, -0.00004087336713}
Oscillator 4 TS Results: {7.162733112, {{7.162733112, 7.162717586, 7.162717586, 7.162733112}, {7.162717586, 7.16270206, 7.16270206, 7.162717586}, {7.162717586, 7.16270206, 7.16270206, 7.162717586}, {7.162733112, 7.162717586, 7.162717586, 7.162733112}}, 7.161403837, -0.00004087336713, -0.00004087336713}


    MBD RESULTS: {MBD_alpha, MBD_C6, MBD_omega, MBD_Energy, MBDF1_alpha, MBDF1_C6, MBDF1_omega, MBDF1_Energy, MBDF2_alpha, MBDF2_C6, MBDF2_omega, MBDF2_Energy, MBDX1_alpha, MBDX1_C6, MBDX1_omega, MBDX1_Energy, MBDX2_alpha, MBDX2_C6, MBDX2_omega, MBDX2_Energy}
Oscillator 1 MBD Results: {4.501261088, 7.164409087, 0.4714663533, -0.00004092150636, 4.500843237, 7.163079193, 0.4714663655, -0.0000409140241, 4.500843237, 7.164408777, 0.4715538774, -0.00004092150051, 4.501121851, 7.163965924, 0.4714663574, -0.000040919013, 4.501261088, 7.163966027, 0.471437197, -0.00004091901495}
Oscillator 2 MBD Results: {4.501598729, 7.165068057, 0.4714389897, -0.00004092150636, 4.501190539, 7.163768969, 0.471439007, -0.0000409140241, 4.501190539, 7.165067624, 0.4715244698, -0.00004092150051, 4.501462709, 7.16463515, 0.4714389955, -0.000040919013, 4.501598729, 7.164635295, 0.4714105153, -0.00004091901495}
Oscillator 3 MBD Results: {4.501598729, 7.165068057, 0.4714389897, -0.00004092150636, 4.501190539, 7.163768969, 0.471439007, -0.0000409140241, 4.501190539, 7.165067624, 0.4715244698, -0.00004092150051, 4.501462709, 7.16463515, 0.4714389955, -0.000040919013, 4.501598729, 7.164635295, 0.4714105153, -0.00004091901495}
Oscillator 4 MBD Results: {4.501261088, 7.164409087, 0.4714663533, -0.00004092150636, 4.500843237, 7.163079193, 0.4714663655, -0.0000409140241, 4.500843237, 7.164408777, 0.4715538774, -0.00004092150051, 4.501121851, 7.163965924, 0.4714663574, -0.000040919013, 4.501261088, 7.163966027, 0.471437197, -0.00004091901495}


    MBDRSSCS RESULTS: {MBDrsSCS_alpha, MBDrsSCS_C6, MBDrsSCS_omega, MBDrsSCS_Energy, MBDF1rsSCS_alpha, MBDF1rsSCS_C6, MBDF1rsSCS_omega, MBDF1rsSCS_Energy, MBDF2rsSCS_alpha, MBDF2rsSCS_C6, MBDF2rsSCS_omega, MBDF2rsSCS_Energy, MBDX1rsSCS_alpha, MBDX1rsSCS_C6, MBDX1rsSCS_omega, MBDX1rsSCS_Energy, MBDX2rsSCS_alpha, MBDX2rsSCS_C6, MBDX2rsSCS_omega, MBDX2rsSCS_Energy}
Oscillator 1 MBDrsSCS Results: {4.500417618, 7.162733112, 0.4715327629, -0.00004088342194, 4.5, 7.161403837, 0.4715327629, -0.00004087594887, 4.5, 7.162733112, 0.4716202872, -0.00004088341833, 4.500278459, 7.162290156, 0.4715327629, -0.00004088093164, 4.500417618, 7.162290156, 0.4715036024, -0.00004088093284}
Oscillator 2 MBDrsSCS Results: {4.500407863, 7.162702061, 0.4715327629, -0.00004088342194, 4.5, 7.161403837, 0.4715327629, -0.00004087594887, 4.5, 7.162702061, 0.4716182426, -0.00004088341833, 4.500271951, 7.162269442, 0.4715327629, -0.00004088093164, 4.500407863, 7.162269442, 0.4715042829, -0.00004088093284}
Oscillator 3 MBDrsSCS Results: {4.500407863, 7.162702061, 0.4715327629, -0.00004088342194, 4.5, 7.161403837, 0.4715327629, -0.00004087594887, 4.5, 7.162702061, 0.4716182426, -0.00004088341833, 4.500271951, 7.162269442, 0.4715327629, -0.00004088093164, 4.500407863, 7.162269442, 0.4715042829, -0.00004088093284}
Oscillator 4 MBDrsSCS Results: {4.500417618, 7.162733112, 0.4715327629, -0.00004088342194, 4.5, 7.161403837, 0.4715327629, -0.00004087594887, 4.5, 7.162733112, 0.4716202872, -0.00004088341833, 4.500278459, 7.162290156, 0.4715327629, -0.00004088093164, 4.500417618, 7.162290156, 0.4715036024, -0.00004088093284}


         {R, Energy}
SUMMARY: {9.000001, 2.829112058}