Oscillators N=4 2022-12-24 w=0.471533 a=4.50000.nb ( N = 4, M = 4 )
~~~~~~~~~~~~~~~~~~~~~~~~~~~~~~~~~~~~~~
Run Commenced: Fri 30 Dec 2022 00:47:30
Run Completed: Fri 30 Dec 2022 02:51:55
Time Elapsed: 02:04:24

Oscillators Used: 4
Wavefunctions Used: 4
Internuclear Separation: 3.75
omega: 0.472
nu : 0.235638

For display purposes, the threshold of Hamiltonian matrix elements has been set to: 10^-6.


    Hamiltonian Matrix A:    < psi_{i,A} | H_k | psi_{j,A} >
    H_1 = T_kin,    H_2 = V_pot,    H_3 = V_1-B,    H_4 = V_1-C,    H_5 = V_A-B,    H_6 = V_A-C 

HijkA: {{{0.35364975, 0.35364975, -0.2665940863, -0.1333332981, -0.08888886523, 0.2666665956, 0.1333332978, 0.08888886519}, {0., 0., -0.07294452621, -0.01831152175, -0.008138454117, 0., 0., 0.}, {0.2887538117, -0.2887538117, -0.0004186063839, 0., 0., 0., 0., 0.}, {0., 0., -0.03411117213, -0.004355829616, -0.001290616181, 0., 0., 0.}}, {{0., 0., -0.07294452621, -0.01831152175, -0.008138454117, 0., 0., 0.}, {0.58941625, 0.58941625, -0.3056404699, -0.1383629893, -0.09037914965, 0.2666665956, 0.1333332978, 0.08888886519}, {0., 0., 0.05803493931, 0.01495129467, 0.006645019956, 0., 0., 0.}, {0., 0., -0.1101820411, -0.02293896608, -0.009751974333, 0., 0., 0.}}, {{0.2887538117, -0.2887538117, -0.0004186063839, 0., 0., 0., 0., 0.}, {0., 0., 0.05803493931, 0.01495129467, 0.006645019956, 0., 0., 0.}, {0.82518275, 0.82518275, -0.2641580311, -0.1333333003, -0.08888886608, 0.2666665956, 0.1333332978, 0.08888886519}, {0., 0., 0.05249989346, 0.007113039917, 0.00210756739, 0., 0., 0.}}, {{0., 0., -0.03411117213, -0.004355829616, -0.001290616181, 0., 0., 0.}, {0., 0., -0.1101820411, -0.02293896608, -0.009751974333, 0., 0., 0.}, {0., 0., 0.05249989346, 0.007113039917, 0.00210756739, 0., 0., 0.}, {0.82518275, 0.82518275, -0.3264878542, -0.1392167733, -0.0904915762, 0.2666665956, 0.1333332978, 0.08888886519}}}
0.35365        0.             0.288754       0.
0.35365        0.             -0.288754      0.
-0.266594      -0.0729445     -0.000418606   -0.0341112
-0.133333      -0.0183115     0.             -0.00435583
-0.0888889     -0.00813845    0.             -0.00129062
0.266667       0.             0.             0.
0.133333       0.             0.             0.
0.0888889      0.             0.             0.

0.             0.589416       0.             0.
0.             0.589416       0.             0.
-0.0729445     -0.30564       0.0580349      -0.110182
-0.0183115     -0.138363      0.0149513      -0.022939
-0.00813845    -0.0903791     0.00664502     -0.00975197
0.             0.266667       0.             0.
0.             0.133333       0.             0.
0.             0.0888889      0.             0.

0.288754       0.             0.825183       0.
-0.288754      0.             0.825183       0.
-0.000418606   0.0580349      -0.264158      0.0524999
0.             0.0149513      -0.133333      0.00711304
0.             0.00664502     -0.0888889     0.00210757
0.             0.             0.266667       0.
0.             0.             0.133333       0.
0.             0.             0.0888889      0.

0.             0.             0.             0.825183
0.             0.             0.             0.825183
-0.0341112     -0.110182      0.0524999      -0.326488
-0.00435583    -0.022939      0.00711304     -0.139217
-0.00129062    -0.00975197    0.00210757     -0.0904916
0.             0.             0.             0.266667
0.             0.             0.             0.133333
0.             0.             0.             0.0888889


    Hamiltonian Matrix B:    < psi_{i,B} | H_k | psi_{j,B} >
    H_1 = T_kin,    H_2 = V_pot,    H_3 = V_2-A,    H_4 = V_2-C,    H_5 = V_B-A,    H_6 = V_B-C 

HijkB: {{{0.35364975, 0.35364975, -0.2665940863, -0.2665940863, -0.1333332981, 0.2666665956, 0.2666665956, 0.1333332978}, {0., 0., -0.07294452621, 0.07294452621, 0.01831152175, 0., 0., 0.}, {0.2887538117, -0.2887538117, -0.0004186063839, -0.0004186063839, 0., 0., 0., 0.}, {0., 0., -0.03411117213, -0.03411117213, -0.004355829616, 0., 0., 0.}}, {{0., 0., -0.07294452621, 0.07294452621, 0.01831152175, 0., 0., 0.}, {0.58941625, 0.58941625, -0.3056404699, -0.3056404699, -0.1383629893, 0.2666665956, 0.2666665956, 0.1333332978}, {0., 0., 0.05803493931, -0.05803493931, -0.01495129467, 0., 0., 0.}, {0., 0., -0.1101820411, 0.1101820411, 0.02293896608, 0., 0., 0.}}, {{0.2887538117, -0.2887538117, -0.0004186063839, -0.0004186063839, 0., 0., 0., 0.}, {0., 0., 0.05803493931, -0.05803493931, -0.01495129467, 0., 0., 0.}, {0.82518275, 0.82518275, -0.2641580311, -0.2641580311, -0.1333333003, 0.2666665956, 0.2666665956, 0.1333332978}, {0., 0., 0.05249989346, 0.05249989346, 0.007113039917, 0., 0., 0.}}, {{0., 0., -0.03411117213, -0.03411117213, -0.004355829616, 0., 0., 0.}, {0., 0., -0.1101820411, 0.1101820411, 0.02293896608, 0., 0., 0.}, {0., 0., 0.05249989346, 0.05249989346, 0.007113039917, 0., 0., 0.}, {0.82518275, 0.82518275, -0.3264878542, -0.3264878542, -0.1392167733, 0.2666665956, 0.2666665956, 0.1333332978}}}
0.35365        0.             0.288754       0.
0.35365        0.             -0.288754      0.
-0.266594      -0.0729445     -0.000418606   -0.0341112
-0.266594      0.0729445      -0.000418606   -0.0341112
-0.133333      0.0183115      0.             -0.00435583
0.266667       0.             0.             0.
0.266667       0.             0.             0.
0.133333       0.             0.             0.

0.             0.589416       0.             0.
0.             0.589416       0.             0.
-0.0729445     -0.30564       0.0580349      -0.110182
0.0729445      -0.30564       -0.0580349     0.110182
0.0183115      -0.138363      -0.0149513     0.022939
0.             0.266667       0.             0.
0.             0.266667       0.             0.
0.             0.133333       0.             0.

0.288754       0.             0.825183       0.
-0.288754      0.             0.825183       0.
-0.000418606   0.0580349      -0.264158      0.0524999
-0.000418606   -0.0580349     -0.264158      0.0524999
0.             -0.0149513     -0.133333      0.00711304
0.             0.             0.266667       0.
0.             0.             0.266667       0.
0.             0.             0.133333       0.

0.             0.             0.             0.825183
0.             0.             0.             0.825183
-0.0341112     -0.110182      0.0524999      -0.326488
-0.0341112     0.110182       0.0524999      -0.326488
-0.00435583    0.022939       0.00711304     -0.139217
0.             0.             0.             0.266667
0.             0.             0.             0.266667
0.             0.             0.             0.133333


    Hamiltonian Matrix C:    < psi_{i,C} | H_k | psi_{j,C} >
    H_1 = T_kin,    H_2 = V_pot,    H_3 = V_3-A,    H_4 = V_3-B,    H_5 = V_C-A,    H_6 = V_C-B 

HijkC: {{{0.35364975, 0.35364975, -0.1333332981, -0.2665940863, -0.2665940863, 0.1333332978, 0.2666665956, 0.2666665956}, {0., 0., 0.01831152175, 0.07294452621, -0.07294452621, 0., 0., 0.}, {0.2887538117, -0.2887538117, 0., -0.0004186063839, -0.0004186063839, 0., 0., 0.}, {0., 0., -0.004355829616, -0.03411117213, -0.03411117213, 0., 0., 0.}}, {{0., 0., 0.01831152175, 0.07294452621, -0.07294452621, 0., 0., 0.}, {0.58941625, 0.58941625, -0.1383629893, -0.3056404699, -0.3056404699, 0.1333332978, 0.2666665956, 0.2666665956}, {0., 0., -0.01495129467, -0.05803493931, 0.05803493931, 0., 0., 0.}, {0., 0., 0.02293896608, 0.1101820411, -0.1101820411, 0., 0., 0.}}, {{0.2887538117, -0.2887538117, 0., -0.0004186063839, -0.0004186063839, 0., 0., 0.}, {0., 0., -0.01495129467, -0.05803493931, 0.05803493931, 0., 0., 0.}, {0.82518275, 0.82518275, -0.1333333003, -0.2641580311, -0.2641580311, 0.1333332978, 0.2666665956, 0.2666665956}, {0., 0., 0.007113039917, 0.05249989346, 0.05249989346, 0., 0., 0.}}, {{0., 0., -0.004355829616, -0.03411117213, -0.03411117213, 0., 0., 0.}, {0., 0., 0.02293896608, 0.1101820411, -0.1101820411, 0., 0., 0.}, {0., 0., 0.007113039917, 0.05249989346, 0.05249989346, 0., 0., 0.}, {0.82518275, 0.82518275, -0.1392167733, -0.3264878542, -0.3264878542, 0.1333332978, 0.2666665956, 0.2666665956}}}
0.35365        0.             0.288754       0.
0.35365        0.             -0.288754      0.
-0.133333      0.0183115      0.             -0.00435583
-0.266594      0.0729445      -0.000418606   -0.0341112
-0.266594      -0.0729445     -0.000418606   -0.0341112
0.133333       0.             0.             0.
0.266667       0.             0.             0.
0.266667       0.             0.             0.

0.             0.589416       0.             0.
0.             0.589416       0.             0.
0.0183115      -0.138363      -0.0149513     0.022939
0.0729445      -0.30564       -0.0580349     0.110182
-0.0729445     -0.30564       0.0580349      -0.110182
0.             0.133333       0.             0.
0.             0.266667       0.             0.
0.             0.266667       0.             0.

0.288754       0.             0.825183       0.
-0.288754      0.             0.825183       0.
0.             -0.0149513     -0.133333      0.00711304
-0.000418606   -0.0580349     -0.264158      0.0524999
-0.000418606   0.0580349      -0.264158      0.0524999
0.             0.             0.133333       0.
0.             0.             0.266667       0.
0.             0.             0.266667       0.

0.             0.             0.             0.825183
0.             0.             0.             0.825183
-0.00435583    0.022939       0.00711304     -0.139217
-0.0341112     0.110182       0.0524999      -0.326488
-0.0341112     -0.110182      0.0524999      -0.326488
0.             0.             0.             0.133333
0.             0.             0.             0.266667
0.             0.             0.             0.266667


    Hamiltonian Matrix AB:    < psi_{i1,A} <psi_{i2,B} | V_e-e | psi_{i3,A} <psi_{i4,B} >

HijkAB: {{{{0.2640594897, 0.06713399386, 0.004014321311, 0.02618353409}, {0.06713399386, 0.02698878185, 0.007405726316, 0.01116484392}, {0.004012502385, 0.007405726316, -0.002957226096, 0.007159742985}, {0.02618353409, 0.01116484392, 0.007159742985, 0.004637013401}}, {{0.06713399386, 0.2910329299, -0.04747332663, 0.08868202124}, {0.02698878185, 0.07385979282, -0.01055045978, 0.02993925637}, {0.007405726316, 0.01553805358, -0.008524729431, 0.01840924519}, {0.01116484392, 0.02506129325, 0.0008371121043, 0.009742861524}}, {{0.004014321311, -0.04747332663, 0.2544391752, -0.03521398953}, {0.007405726316, -0.01055045978, 0.05266792834, -0.008278811094}, {-0.002957226096, -0.008524729431, 0.007674661165, -0.01213946783}, {0.007159742985, 0.0008371121043, 0.01407955326, -0.0004208424684}}, {{0.02618353409, 0.08868202124, -0.03521398953, 0.2921375949}, {0.01116484392, 0.02993925637, -0.008278811094, 0.06481456675}, {0.007159742985, 0.01840924519, -0.01213946783, 0.02491748708}, {0.004637013401, 0.009742861524, -0.0004208424684, 0.01773856179}}}, {{{0.06713399386, 0.02698878185, 0.007405726316, 0.01116484392}, {0.2910329299, 0.07385979282, 0.01553805358, 0.02506294866}, {-0.04747332663, -0.01053594268, -0.008524729431, 0.0008371121043}, {0.08868202124, 0.02993925637, 0.01840924519, 0.009742861524}}, {{0.02698878185, 0.07385979282, -0.01055045209, 0.02993925637}, {0.07385979282, 0.3071812732, -0.03961141316, 0.08474911026}, {-0.01053595102, -0.03961141316, 0.0009731658015, -0.00371591007}, {0.02993925637, 0.08474911026, -0.00371591007, 0.02685048629}}, {{0.007405726316, -0.01055045978, 0.05266792834, -0.008278811094}, {0.01553805358, -0.03961141316, 0.264346958, -0.02560830725}, {-0.008524729431, 0.0009731658015, -0.03575726105, -0.002927964659}, {0.01840924519, -0.00371591007, 0.06223014349, -0.003197963852}}, {{0.01116484392, 0.02993925637, -0.008278811094, 0.06481456675}, {0.02506294811, 0.08474911026, -0.02560830725, 0.2925578162}, {0.0008371121043, -0.00371591007, -0.002927964659, -0.02881041177}, {0.009742861524, 0.02685048629, -0.003197963852, 0.06739088939}}}, {{{0.004012502385, 0.007405726316, -0.002957226096, 0.007159742985}, {-0.04747332663, -0.01053594268, -0.008524729431, 0.0008371121043}, {0.2544138723, 0.05266792834, 0.007642292121, 0.01407955326}, {-0.03521398953, -0.008278811094, -0.01213946783, -0.0004345342159}}, {{0.007405726316, 0.01553805358, -0.008524729431, 0.01840924519}, {-0.01053594268, -0.03961141316, 0.0009731658015, -0.00371591007}, {0.05266792834, 0.264346958, -0.03575726105, 0.06223014349}, {-0.008278811094, -0.02560830725, -0.002927858388, -0.003197963852}}, {{-0.002957226096, -0.008524729431, 0.007674661165, -0.01213946783}, {-0.008524729431, 0.0009731658015, -0.03575726105, -0.002927964659}, {0.007642292121, -0.03575726105, 0.242896427, -0.02009630858}, {-0.01213946783, -0.002927858388, -0.02009630858, -0.001570176019}}, {{0.007159742985, 0.01840924519, -0.01213946783, 0.02491748708}, {0.0008371121043, -0.00371591007, -0.002927964659, -0.02881041177}, {0.01407955326, 0.06223014349, -0.02009630858, 0.2604232225}, {-0.0004345419189, -0.003197963852, -0.001570176019, -0.01655136763}}}, {{{0.02618353409, 0.01116484392, 0.007159742985, 0.004637013401}, {0.08868202124, 0.02993925637, 0.01840924519, 0.009742861524}, {-0.03521398953, -0.008278811094, -0.01213946783, -0.0004345342159}, {0.2921375949, 0.06481456675, 0.02491748708, 0.01773856179}}, {{0.01116484392, 0.02506129325, 0.0008371121043, 0.009742861524}, {0.02993925637, 0.08474911026, -0.00371591007, 0.02685048629}, {-0.008278811094, -0.02560830725, -0.002927858388, -0.003197963852}, {0.06481456675, 0.2925578162, -0.02881041177, 0.06739043041}}, {{0.007159742985, 0.0008371121043, 0.01407955326, -0.0004208347654}, {0.01840924519, -0.00371591007, 0.06223014349, -0.003197963852}, {-0.01213946783, -0.002927858388, -0.02009630858, -0.001570176019}, {0.02491748708, -0.02881041177, 0.2604232225, -0.01655136763}}, {{0.004637013401, 0.009742861524, -0.0004208347654, 0.01773856179}, {0.009742861524, 0.02685048629, -0.003197963852, 0.06739088939}, {-0.0004345419189, -0.003197963852, -0.001570176019, -0.01655136763}, {0.01773856179, 0.06739043041, -0.01655136763, 0.2724752696}}}}
0.264059     0.067134     0.00401432   0.0261835      0.067134     0.291033     -0.0474733   0.088682       0.00401432   -0.0474733   0.254439     -0.035214      0.0261835    0.088682     -0.035214    0.292138
0.067134     0.0269888    0.00740573   0.0111648      0.0269888    0.0738598    -0.0105505   0.0299393      0.00740573   -0.0105505   0.0526679    -0.00827881    0.0111648    0.0299393    -0.00827881  0.0648146
0.0040125    0.00740573   -0.00295723  0.00715974     0.00740573   0.0155381    -0.00852473  0.0184092      -0.00295723  -0.00852473  0.00767466   -0.0121395     0.00715974   0.0184092    -0.0121395   0.0249175
0.0261835    0.0111648    0.00715974   0.00463701     0.0111648    0.0250613    0.000837112  0.00974286     0.00715974   0.000837112  0.0140796    -0.000420842   0.00463701   0.00974286   -0.000420842 0.0177386

0.067134     0.0269888    0.00740573   0.0111648      0.0269888    0.0738598    -0.0105505   0.0299393      0.00740573   -0.0105505   0.0526679    -0.00827881    0.0111648    0.0299393    -0.00827881  0.0648146
0.291033     0.0738598    0.0155381    0.0250629      0.0738598    0.307181     -0.0396114   0.0847491      0.0155381    -0.0396114   0.264347     -0.0256083     0.0250629    0.0847491    -0.0256083   0.292558
-0.0474733   -0.0105359   -0.00852473  0.000837112    -0.010536    -0.0396114   0.000973166  -0.00371591    -0.00852473  0.000973166  -0.0357573   -0.00292796    0.000837112  -0.00371591  -0.00292796  -0.0288104
0.088682     0.0299393    0.0184092    0.00974286     0.0299393    0.0847491    -0.00371591  0.0268505      0.0184092    -0.00371591  0.0622301    -0.00319796    0.00974286   0.0268505    -0.00319796  0.0673909

0.0040125    0.00740573   -0.00295723  0.00715974     0.00740573   0.0155381    -0.00852473  0.0184092      -0.00295723  -0.00852473  0.00767466   -0.0121395     0.00715974   0.0184092    -0.0121395   0.0249175
-0.0474733   -0.0105359   -0.00852473  0.000837112    -0.0105359   -0.0396114   0.000973166  -0.00371591    -0.00852473  0.000973166  -0.0357573   -0.00292796    0.000837112  -0.00371591  -0.00292796  -0.0288104
0.254414     0.0526679    0.00764229   0.0140796      0.0526679    0.264347     -0.0357573   0.0622301      0.00764229   -0.0357573   0.242896     -0.0200963     0.0140796    0.0622301    -0.0200963   0.260423
-0.035214    -0.00827881  -0.0121395   -0.000434534   -0.00827881  -0.0256083   -0.00292786  -0.00319796    -0.0121395   -0.00292786  -0.0200963   -0.00157018    -0.000434542 -0.00319796  -0.00157018  -0.0165514

0.0261835    0.0111648    0.00715974   0.00463701     0.0111648    0.0250613    0.000837112  0.00974286     0.00715974   0.000837112  0.0140796    -0.000420835   0.00463701   0.00974286   -0.000420835 0.0177386
0.088682     0.0299393    0.0184092    0.00974286     0.0299393    0.0847491    -0.00371591  0.0268505      0.0184092    -0.00371591  0.0622301    -0.00319796    0.00974286   0.0268505    -0.00319796  0.0673909
-0.035214    -0.00827881  -0.0121395   -0.000434534   -0.00827881  -0.0256083   -0.00292786  -0.00319796    -0.0121395   -0.00292786  -0.0200963   -0.00157018    -0.000434542 -0.00319796  -0.00157018  -0.0165514
0.292138     0.0648146    0.0249175    0.0177386      0.0648146    0.292558     -0.0288104   0.0673904      0.0249175    -0.0288104   0.260423     -0.0165514     0.0177386    0.0673904    -0.0165514   0.272475


    Hamiltonian Matrix AC:    < psi_{i1,A} <psi_{i2,C} | V_e-e | psi_{i3,A} <psi_{i4,C} >

HijkAC: {{{{0.1333333155, -0.01831181001, -0.00000005090727586, 0.004355497476}, {0.01831181001, -0.005029565273, 0.000000570277547, 0.001793884743}, {-0.00000004960250092, -0.000000570277547, -0.000001656727328, 0.00000177937589}, {0.004355497476, -0.001793884743, 0.00000177937589, 0.0008515908913}}, {{-0.01831181001, 0.1383628675, 0.01494933777, -0.02293752893}, {-0.005029565273, 0.02038255983, 0.004104781034, -0.006790537988}, {-0.000000570277547, 0.000003168030182, 0.000001919966076, -0.000005929518776}, {-0.001793884743, 0.00533812422, 0.001460943141, -0.002649780768}}, {{-0.00000005090727586, 0.01494933777, 0.1333324276, -0.007111705432}, {0.000000570277547, 0.004104781034, 0.01830791442, -0.002923711127}, {-0.000001656727328, 0.000001919966076, 0.000003753940569, -0.000001751637507}, {0.00000177937589, 0.001460943141, 0.00434728607, -0.001380789693}}, {{0.004355497476, -0.02293752893, -0.007111705432, 0.1392157429}, {0.001793884743, -0.006790537988, -0.002923711127, 0.02096079376}, {0.00000177937589, -0.000005929518776, -0.000001751637507, 0.00001293678696}, {0.0008515908913, -0.002649780768, -0.001380789693, 0.005741026463}}}, {{{0.01831181001, -0.005029565273, 0.000000570277547, 0.001793884743}, {0.1383628675, -0.02038255983, 0.000003168030182, 0.005338126127}, {-0.01494933777, 0.004104775956, -0.000001919966076, -0.001460943141}, {0.02293752893, -0.006790537988, 0.000005929518776, 0.002649780768}}, {{-0.005029565273, 0.02038255983, 0.004104780925, -0.006790537988}, {-0.02038255983, 0.1445270322, 0.01663401437, -0.02599091438}, {0.004104776066, -0.01663401437, -0.003341673454, 0.005531457847}, {-0.006790537988, 0.02599091438, 0.005531457847, -0.009429490641}}, {{0.000000570277547, 0.004104781034, 0.01830791442, -0.002923711127}, {0.000003168030182, 0.01663401437, 0.1383511679, -0.008703145854}, {-0.000001919966076, -0.003341673454, -0.01493342508, 0.002366214908}, {0.000005929518776, 0.005531457847, 0.02291099412, -0.004290143127}}, {{0.001793884743, -0.006790537988, -0.002923711127, 0.02096079376}, {0.005338126217, -0.02599091438, -0.008703145854, 0.1458320129}, {-0.001460943141, 0.005531457847, 0.002366214908, -0.01707651332}, {0.002649780768, -0.009429490641, -0.004290143127, 0.0270156877}}}, {{{-0.00000004960250092, -0.000000570277547, -0.000001656727328, 0.00000177937589}, {-0.01494933777, 0.004104775956, -0.000001919966076, -0.001460943141}, {0.133332429, -0.01830791442, 0.000003782912007, 0.00434728607}, {-0.007111705432, 0.002923711127, -0.000001751637507, -0.001380769725}}, {{-0.000000570277547, 0.000003168030182, 0.000001919966076, -0.000005929518776}, {0.004104775956, -0.01663401437, -0.003341673454, 0.005531457847}, {-0.01830791442, 0.1383511679, 0.01493342508, -0.02291099412}, {0.002923711127, -0.008703145854, -0.002366214908, 0.004290143127}}, {{-0.000001656727328, 0.000001919966076, 0.000003753940569, -0.000001751637507}, {-0.000001919966076, -0.003341673454, -0.01493342508, 0.002366214908}, {0.000003782912007, 0.01493342508, 0.1333091603, -0.007073722018}, {-0.000001751637507, -0.002366214908, -0.007073722018, 0.002214979532}}, {{0.00000177937589, -0.000005929518776, -0.000001751637507, 0.00001293678696}, {-0.001460943141, 0.005531457847, 0.002366214908, -0.01707651332}, {0.00434728607, -0.02291099412, -0.007073722018, 0.1391575138}, {-0.001380769725, 0.004290143127, 0.002214979532, -0.009315277852}}}, {{{0.004355497476, -0.001793884743, 0.00000177937589, 0.0008515908913}, {0.02293752893, -0.006790537988, 0.000005929518776, 0.002649780768}, {-0.007111705432, 0.002923711127, -0.000001751637507, -0.001380769725}, {0.1392157429, -0.02096079376, 0.00001293678696, 0.005741026463}}, {{-0.001793884743, 0.005338144297, 0.001460943141, -0.002649780768}, {-0.006790537988, 0.02599091438, 0.005531457847, -0.009429490641}, {0.002923711127, -0.008703145854, -0.002366214908, 0.004290143127}, {-0.02096079376, 0.1458320129, 0.01707651332, -0.0270156877}}, {{0.00000177937589, 0.001460943141, 0.00434728607, -0.00138112122}, {0.000005929518776, 0.005531457847, 0.02291099412, -0.004290143127}, {-0.000001751637507, -0.002366214908, -0.007073722018, 0.002214979532}, {0.00001293678696, 0.01707651332, 0.1391575138, -0.009315277852}}, {{0.0008515908913, -0.002649780768, -0.00138112122, 0.005741026463}, {0.002649780768, -0.009429490641, -0.004290143127, 0.0270156877}, {-0.001380769725, 0.004290143127, 0.002214979532, -0.009315277852}, {0.005741026463, -0.0270156877, -0.009315277852, 0.1474353956}}}}
0.133333     -0.0183118   0.           0.0043555      -0.0183118   0.138363     0.0149493    -0.0229375     0.           0.0149493    0.133332     -0.00711171    0.0043555    -0.0229375   -0.00711171  0.139216
0.0183118    -0.00502957  0.           0.00179388     -0.00502957  0.0203826    0.00410478   -0.00679054    0.           0.00410478   0.0183079    -0.00292371    0.00179388   -0.00679054  -0.00292371  0.0209608
0.           0.           0.           0.             0.           0.           0.           0.             0.           0.           0.           0.             0.           0.           0.           0.0000129368
0.0043555    -0.00179388  0.           0.000851591    -0.00179388  0.00533812   0.00146094   -0.00264978    0.           0.00146094   0.00434729   -0.00138079    0.000851591  -0.00264978  -0.00138079  0.00574103

0.0183118    -0.00502957  0.           0.00179388     -0.00502957  0.0203826    0.00410478   -0.00679054    0.           0.00410478   0.0183079    -0.00292371    0.00179388   -0.00679054  -0.00292371  0.0209608
0.138363     -0.0203826   0.           0.00533813     -0.0203826   0.144527     0.016634     -0.0259909     0.           0.016634     0.138351     -0.00870315    0.00533813   -0.0259909   -0.00870315  0.145832
-0.0149493   0.00410478   0.           -0.00146094    0.00410478   -0.016634    -0.00334167  0.00553146     0.           -0.00334167  -0.0149334   0.00236621     -0.00146094  0.00553146   0.00236621   -0.0170765
0.0229375    -0.00679054  0.           0.00264978     -0.00679054  0.0259909    0.00553146   -0.00942949    0.           0.00553146   0.022911     -0.00429014    0.00264978   -0.00942949  -0.00429014  0.0270157

0.           0.           0.           0.             0.           0.           0.           0.             0.           0.           0.           0.             0.           0.           0.           0.0000129368
-0.0149493   0.00410478   0.           -0.00146094    0.00410478   -0.016634    -0.00334167  0.00553146     0.           -0.00334167  -0.0149334   0.00236621     -0.00146094  0.00553146   0.00236621   -0.0170765
0.133332     -0.0183079   0.           0.00434729     -0.0183079   0.138351     0.0149334    -0.022911      0.           0.0149334    0.133309     -0.00707372    0.00434729   -0.022911    -0.00707372  0.139158
-0.00711171  0.00292371   0.           -0.00138077    0.00292371   -0.00870315  -0.00236621  0.00429014     0.           -0.00236621  -0.00707372  0.00221498     -0.00138077  0.00429014   0.00221498   -0.00931528

0.0043555    -0.00179388  0.           0.000851591    -0.00179388  0.00533814   0.00146094   -0.00264978    0.           0.00146094   0.00434729   -0.00138112    0.000851591  -0.00264978  -0.00138112  0.00574103
0.0229375    -0.00679054  0.           0.00264978     -0.00679054  0.0259909    0.00553146   -0.00942949    0.           0.00553146   0.022911     -0.00429014    0.00264978   -0.00942949  -0.00429014  0.0270157
-0.00711171  0.00292371   0.           -0.00138077    0.00292371   -0.00870315  -0.00236621  0.00429014     0.           -0.00236621  -0.00707372  0.00221498     -0.00138077  0.00429014   0.00221498   -0.00931528
0.139216     -0.0209608   0.0000129368 0.00574103     -0.0209608   0.145832     0.0170765    -0.0270157     0.0000129368 0.0170765    0.139158     -0.00931528    0.00574103   -0.0270157   -0.00931528  0.147435


    Hamiltonian Matrix BA:    < psi_{i1,B} <psi_{i2,A} | V_e-e | psi_{i3,B} <psi_{i4,A} >

HijkBA: {{{{0.2640594897, 0.06713399386, 0.004014321311, 0.02618353409}, {0.06713399386, 0.02698878185, 0.007405726316, 0.01116484392}, {0.004012502385, 0.007405726316, -0.002957226096, 0.007159742985}, {0.02618353409, 0.01116484392, 0.007159742985, 0.004637013401}}, {{0.06713399386, 0.2910329299, -0.04747332663, 0.08868202124}, {0.02698878185, 0.07385979282, -0.01055045978, 0.02993925637}, {0.007405726316, 0.01553805358, -0.008524729431, 0.01840924519}, {0.01116484392, 0.02506129325, 0.0008371121043, 0.009742861524}}, {{0.004014321311, -0.04747332663, 0.2544391752, -0.03521398953}, {0.007405726316, -0.01055045978, 0.05266792834, -0.008278811094}, {-0.002957226096, -0.008524729431, 0.007674661165, -0.01213946783}, {0.007159742985, 0.0008371121043, 0.01407955326, -0.0004208424684}}, {{0.02618353409, 0.08868202124, -0.03521398953, 0.2921375949}, {0.01116484392, 0.02993925637, -0.008278811094, 0.06481456675}, {0.007159742985, 0.01840924519, -0.01213946783, 0.02491748708}, {0.004637013401, 0.009742861524, -0.0004208424684, 0.01773856179}}}, {{{0.06713399386, 0.02698878185, 0.007405726316, 0.01116484392}, {0.2910329299, 0.07385979282, 0.01553805358, 0.02506294866}, {-0.04747332663, -0.01053594268, -0.008524729431, 0.0008371121043}, {0.08868202124, 0.02993925637, 0.01840924519, 0.009742861524}}, {{0.02698878185, 0.07385979282, -0.01055045209, 0.02993925637}, {0.07385979282, 0.3071812732, -0.03961141316, 0.08474911026}, {-0.01053595102, -0.03961141316, 0.0009731658015, -0.00371591007}, {0.02993925637, 0.08474911026, -0.00371591007, 0.02685048629}}, {{0.007405726316, -0.01055045978, 0.05266792834, -0.008278811094}, {0.01553805358, -0.03961141316, 0.264346958, -0.02560830725}, {-0.008524729431, 0.0009731658015, -0.03575726105, -0.002927964659}, {0.01840924519, -0.00371591007, 0.06223014349, -0.003197963852}}, {{0.01116484392, 0.02993925637, -0.008278811094, 0.06481456675}, {0.02506294811, 0.08474911026, -0.02560830725, 0.2925578162}, {0.0008371121043, -0.00371591007, -0.002927964659, -0.02881041177}, {0.009742861524, 0.02685048629, -0.003197963852, 0.06739088939}}}, {{{0.004012502385, 0.007405726316, -0.002957226096, 0.007159742985}, {-0.04747332663, -0.01053594268, -0.008524729431, 0.0008371121043}, {0.2544138723, 0.05266792834, 0.007642292121, 0.01407955326}, {-0.03521398953, -0.008278811094, -0.01213946783, -0.0004345342159}}, {{0.007405726316, 0.01553805358, -0.008524729431, 0.01840924519}, {-0.01053594268, -0.03961141316, 0.0009731658015, -0.00371591007}, {0.05266792834, 0.264346958, -0.03575726105, 0.06223014349}, {-0.008278811094, -0.02560830725, -0.002927858388, -0.003197963852}}, {{-0.002957226096, -0.008524729431, 0.007674661165, -0.01213946783}, {-0.008524729431, 0.0009731658015, -0.03575726105, -0.002927964659}, {0.007642292121, -0.03575726105, 0.242896427, -0.02009630858}, {-0.01213946783, -0.002927858388, -0.02009630858, -0.001570176019}}, {{0.007159742985, 0.01840924519, -0.01213946783, 0.02491748708}, {0.0008371121043, -0.00371591007, -0.002927964659, -0.02881041177}, {0.01407955326, 0.06223014349, -0.02009630858, 0.2604232225}, {-0.0004345419189, -0.003197963852, -0.001570176019, -0.01655136763}}}, {{{0.02618353409, 0.01116484392, 0.007159742985, 0.004637013401}, {0.08868202124, 0.02993925637, 0.01840924519, 0.009742861524}, {-0.03521398953, -0.008278811094, -0.01213946783, -0.0004345342159}, {0.2921375949, 0.06481456675, 0.02491748708, 0.01773856179}}, {{0.01116484392, 0.02506129325, 0.0008371121043, 0.009742861524}, {0.02993925637, 0.08474911026, -0.00371591007, 0.02685048629}, {-0.008278811094, -0.02560830725, -0.002927858388, -0.003197963852}, {0.06481456675, 0.2925578162, -0.02881041177, 0.06739043041}}, {{0.007159742985, 0.0008371121043, 0.01407955326, -0.0004208347654}, {0.01840924519, -0.00371591007, 0.06223014349, -0.003197963852}, {-0.01213946783, -0.002927858388, -0.02009630858, -0.001570176019}, {0.02491748708, -0.02881041177, 0.2604232225, -0.01655136763}}, {{0.004637013401, 0.009742861524, -0.0004208347654, 0.01773856179}, {0.009742861524, 0.02685048629, -0.003197963852, 0.06739088939}, {-0.0004345419189, -0.003197963852, -0.001570176019, -0.01655136763}, {0.01773856179, 0.06739043041, -0.01655136763, 0.2724752696}}}}
0.264059     0.067134     0.00401432   0.0261835      0.067134     0.291033     -0.0474733   0.088682       0.00401432   -0.0474733   0.254439     -0.035214      0.0261835    0.088682     -0.035214    0.292138
0.067134     0.0269888    0.00740573   0.0111648      0.0269888    0.0738598    -0.0105505   0.0299393      0.00740573   -0.0105505   0.0526679    -0.00827881    0.0111648    0.0299393    -0.00827881  0.0648146
0.0040125    0.00740573   -0.00295723  0.00715974     0.00740573   0.0155381    -0.00852473  0.0184092      -0.00295723  -0.00852473  0.00767466   -0.0121395     0.00715974   0.0184092    -0.0121395   0.0249175
0.0261835    0.0111648    0.00715974   0.00463701     0.0111648    0.0250613    0.000837112  0.00974286     0.00715974   0.000837112  0.0140796    -0.000420842   0.00463701   0.00974286   -0.000420842 0.0177386

0.067134     0.0269888    0.00740573   0.0111648      0.0269888    0.0738598    -0.0105505   0.0299393      0.00740573   -0.0105505   0.0526679    -0.00827881    0.0111648    0.0299393    -0.00827881  0.0648146
0.291033     0.0738598    0.0155381    0.0250629      0.0738598    0.307181     -0.0396114   0.0847491      0.0155381    -0.0396114   0.264347     -0.0256083     0.0250629    0.0847491    -0.0256083   0.292558
-0.0474733   -0.0105359   -0.00852473  0.000837112    -0.010536    -0.0396114   0.000973166  -0.00371591    -0.00852473  0.000973166  -0.0357573   -0.00292796    0.000837112  -0.00371591  -0.00292796  -0.0288104
0.088682     0.0299393    0.0184092    0.00974286     0.0299393    0.0847491    -0.00371591  0.0268505      0.0184092    -0.00371591  0.0622301    -0.00319796    0.00974286   0.0268505    -0.00319796  0.0673909

0.0040125    0.00740573   -0.00295723  0.00715974     0.00740573   0.0155381    -0.00852473  0.0184092      -0.00295723  -0.00852473  0.00767466   -0.0121395     0.00715974   0.0184092    -0.0121395   0.0249175
-0.0474733   -0.0105359   -0.00852473  0.000837112    -0.0105359   -0.0396114   0.000973166  -0.00371591    -0.00852473  0.000973166  -0.0357573   -0.00292796    0.000837112  -0.00371591  -0.00292796  -0.0288104
0.254414     0.0526679    0.00764229   0.0140796      0.0526679    0.264347     -0.0357573   0.0622301      0.00764229   -0.0357573   0.242896     -0.0200963     0.0140796    0.0622301    -0.0200963   0.260423
-0.035214    -0.00827881  -0.0121395   -0.000434534   -0.00827881  -0.0256083   -0.00292786  -0.00319796    -0.0121395   -0.00292786  -0.0200963   -0.00157018    -0.000434542 -0.00319796  -0.00157018  -0.0165514

0.0261835    0.0111648    0.00715974   0.00463701     0.0111648    0.0250613    0.000837112  0.00974286     0.00715974   0.000837112  0.0140796    -0.000420835   0.00463701   0.00974286   -0.000420835 0.0177386
0.088682     0.0299393    0.0184092    0.00974286     0.0299393    0.0847491    -0.00371591  0.0268505      0.0184092    -0.00371591  0.0622301    -0.00319796    0.00974286   0.0268505    -0.00319796  0.0673909
-0.035214    -0.00827881  -0.0121395   -0.000434534   -0.00827881  -0.0256083   -0.00292786  -0.00319796    -0.0121395   -0.00292786  -0.0200963   -0.00157018    -0.000434542 -0.00319796  -0.00157018  -0.0165514
0.292138     0.0648146    0.0249175    0.0177386      0.0648146    0.292558     -0.0288104   0.0673904      0.0249175    -0.0288104   0.260423     -0.0165514     0.0177386    0.0673904    -0.0165514   0.272475


    Hamiltonian Matrix BC:    < psi_{i1,B} <psi_{i2,C} | V_e-e | psi_{i3,B} <psi_{i4,C} >

HijkBC: {{{{0.2640594897, -0.06713399386, 0.004014321311, 0.02618353409}, {-0.06713399386, 0.02698878185, -0.007405726316, -0.01116484392}, {0.004012502385, -0.007405726316, -0.002957226096, 0.007159742985}, {0.02618353409, -0.01116484392, 0.007159742985, 0.004637013401}}, {{-0.06713399386, 0.2910329299, 0.04747332663, -0.08868202124}, {0.02698878185, -0.07385979282, -0.01055045978, 0.02993925637}, {-0.007405726316, 0.01553805358, 0.008524729431, -0.01840924519}, {-0.01116484392, 0.02506129325, -0.0008371121043, -0.009742861524}}, {{0.004014321311, 0.04747332663, 0.2544391752, -0.03521398953}, {-0.007405726316, -0.01055045978, -0.05266792834, 0.008278811094}, {-0.002957226096, 0.008524729431, 0.007674661165, -0.01213946783}, {0.007159742985, -0.0008371121043, 0.01407955326, -0.0004208232769}}, {{0.02618353409, -0.08868202124, -0.03521398953, 0.2921375949}, {-0.01116484392, 0.02993925637, 0.008278811094, -0.06481456675}, {0.007159742985, -0.01840924519, -0.01213946783, 0.02491748708}, {0.004637013401, -0.009742861524, -0.0004208232769, 0.01773856179}}}, {{{-0.06713399386, 0.02698878185, -0.007405726316, -0.01116484392}, {0.2910329299, -0.07385979282, 0.01553805358, 0.02506294866}, {0.04747332663, -0.01053594268, 0.008524729431, -0.0008371121043}, {-0.08868202124, 0.02993925637, -0.01840924519, -0.009742861524}}, {{0.02698878185, -0.07385979282, -0.01055045209, 0.02993925637}, {-0.07385979282, 0.3071812732, 0.03961141316, -0.08474911026}, {-0.01053595102, 0.03961141316, 0.0009731658015, -0.00371591007}, {0.02993925637, -0.08474911026, -0.00371591007, 0.02685048629}}, {{-0.007405726316, -0.01055045978, -0.05266792834, 0.008278811094}, {0.01553805358, 0.03961141316, 0.264346958, -0.02560830725}, {0.008524729431, 0.0009731658015, 0.03575726105, 0.002927964659}, {-0.01840924519, -0.00371591007, -0.06223014349, 0.003197963852}}, {{-0.01116484392, 0.02993925637, 0.008278811094, -0.06481456675}, {0.02506294866, -0.08474911026, -0.02560830725, 0.2925578162}, {-0.0008371121043, -0.00371591007, 0.002927964659, 0.02881041177}, {-0.009742861524, 0.02685048629, 0.003197963852, -0.06739088939}}}, {{{0.004012502385, -0.007405726316, -0.002957226096, 0.007159742985}, {0.04747332663, -0.01053594268, 0.008524729431, -0.0008371121043}, {0.2544138723, -0.05266792834, 0.007642292121, 0.01407955326}, {-0.03521398953, 0.008278811094, -0.01213946783, -0.0004345534075}}, {{-0.007405726316, 0.01553805358, 0.008524729431, -0.01840924519}, {-0.01053594268, 0.03961141316, 0.0009731658015, -0.00371591007}, {-0.05266792834, 0.264346958, 0.03575726105, -0.06223014349}, {0.008278811094, -0.02560830725, 0.002927858388, 0.003197963852}}, {{-0.002957226096, 0.008524729431, 0.007674661165, -0.01213946783}, {0.008524729431, 0.0009731658015, 0.03575726105, 0.002927964659}, {0.007642292121, 0.03575726105, 0.242896427, -0.02009630858}, {-0.01213946783, 0.002927858388, -0.02009630858, -0.001570176019}}, {{0.007159742985, -0.01840924519, -0.01213946783, 0.02491748708}, {-0.0008371121043, -0.00371591007, 0.002927964659, 0.02881041177}, {0.01407955326, -0.06223014349, -0.02009630858, 0.2604232225}, {-0.0004345659811, 0.003197963852, -0.001570176019, -0.01655136763}}}, {{{0.02618353409, -0.01116484392, 0.007159742985, 0.004637013401}, {-0.08868202124, 0.02993925637, -0.01840924519, -0.009742861524}, {-0.03521398953, 0.008278811094, -0.01213946783, -0.0004345534075}, {0.2921375949, -0.06481456675, 0.02491748708, 0.01773856179}}, {{-0.01116484392, 0.02506123337, -0.0008371121043, -0.009742861524}, {0.02993925637, -0.08474911026, -0.00371591007, 0.02685048629}, {0.008278811094, -0.02560830725, 0.002927858388, 0.003197963852}, {-0.06481456675, 0.2925578162, 0.02881041177, -0.06739043041}}, {{0.007159742985, -0.0008371121043, 0.01407955326, -0.0004208107033}, {-0.01840924519, -0.00371591007, -0.06223014349, 0.003197963852}, {-0.01213946783, 0.002927858388, -0.02009630858, -0.001570176019}, {0.02491748708, 0.02881041177, 0.2604232225, -0.01655136763}}, {{0.004637013401, -0.009742861524, -0.0004208107033, 0.01773856179}, {-0.009742861524, 0.02685048629, 0.003197963852, -0.06739088939}, {-0.0004345659811, 0.003197963852, -0.001570176019, -0.01655136763}, {0.01773856179, -0.06739043041, -0.01655136763, 0.2724752696}}}}
0.264059     -0.067134    0.00401432   0.0261835      -0.067134    0.291033     0.0474733    -0.088682      0.00401432   0.0474733    0.254439     -0.035214      0.0261835    -0.088682    -0.035214    0.292138
-0.067134    0.0269888    -0.00740573  -0.0111648     0.0269888    -0.0738598   -0.0105505   0.0299393      -0.00740573  -0.0105505   -0.0526679   0.00827881     -0.0111648   0.0299393    0.00827881   -0.0648146
0.0040125    -0.00740573  -0.00295723  0.00715974     -0.00740573  0.0155381    0.00852473   -0.0184092     -0.00295723  0.00852473   0.00767466   -0.0121395     0.00715974   -0.0184092   -0.0121395   0.0249175
0.0261835    -0.0111648   0.00715974   0.00463701     -0.0111648   0.0250613    -0.000837112 -0.00974286    0.00715974   -0.000837112 0.0140796    -0.000420823   0.00463701   -0.00974286  -0.000420823 0.0177386

-0.067134    0.0269888    -0.00740573  -0.0111648     0.0269888    -0.0738598   -0.0105505   0.0299393      -0.00740573  -0.0105505   -0.0526679   0.00827881     -0.0111648   0.0299393    0.00827881   -0.0648146
0.291033     -0.0738598   0.0155381    0.0250629      -0.0738598   0.307181     0.0396114    -0.0847491     0.0155381    0.0396114    0.264347     -0.0256083     0.0250629    -0.0847491   -0.0256083   0.292558
0.0474733    -0.0105359   0.00852473   -0.000837112   -0.010536    0.0396114    0.000973166  -0.00371591    0.00852473   0.000973166  0.0357573    0.00292796     -0.000837112 -0.00371591  0.00292796   0.0288104
-0.088682    0.0299393    -0.0184092   -0.00974286    0.0299393    -0.0847491   -0.00371591  0.0268505      -0.0184092   -0.00371591  -0.0622301   0.00319796     -0.00974286  0.0268505    0.00319796   -0.0673909

0.0040125    -0.00740573  -0.00295723  0.00715974     -0.00740573  0.0155381    0.00852473   -0.0184092     -0.00295723  0.00852473   0.00767466   -0.0121395     0.00715974   -0.0184092   -0.0121395   0.0249175
0.0474733    -0.0105359   0.00852473   -0.000837112   -0.0105359   0.0396114    0.000973166  -0.00371591    0.00852473   0.000973166  0.0357573    0.00292796     -0.000837112 -0.00371591  0.00292796   0.0288104
0.254414     -0.0526679   0.00764229   0.0140796      -0.0526679   0.264347     0.0357573    -0.0622301     0.00764229   0.0357573    0.242896     -0.0200963     0.0140796    -0.0622301   -0.0200963   0.260423
-0.035214    0.00827881   -0.0121395   -0.000434553   0.00827881   -0.0256083   0.00292786   0.00319796     -0.0121395   0.00292786   -0.0200963   -0.00157018    -0.000434566 0.00319796   -0.00157018  -0.0165514

0.0261835    -0.0111648   0.00715974   0.00463701     -0.0111648   0.0250612    -0.000837112 -0.00974286    0.00715974   -0.000837112 0.0140796    -0.000420811   0.00463701   -0.00974286  -0.000420811 0.0177386
-0.088682    0.0299393    -0.0184092   -0.00974286    0.0299393    -0.0847491   -0.00371591  0.0268505      -0.0184092   -0.00371591  -0.0622301   0.00319796     -0.00974286  0.0268505    0.00319796   -0.0673909
-0.035214    0.00827881   -0.0121395   -0.000434553   0.00827881   -0.0256083   0.00292786   0.00319796     -0.0121395   0.00292786   -0.0200963   -0.00157018    -0.000434566 0.00319796   -0.00157018  -0.0165514
0.292138     -0.0648146   0.0249175    0.0177386      -0.0648146   0.292558     0.0288104    -0.0673904     0.0249175    0.0288104    0.260423     -0.0165514     0.0177386    -0.0673904   -0.0165514   0.272475


    Hamiltonian Matrix CA:    < psi_{i1,C} <psi_{i2,A} | V_e-e | psi_{i3,C} <psi_{i4,A} >

HijkCA: {{{{0.1333333155, -0.01831181001, -0.00000005090727586, 0.004355497476}, {0.01831181001, -0.005029565273, 0.000000570277547, 0.001793884743}, {-0.00000004960250092, -0.000000570277547, -0.000001656727328, 0.00000177937589}, {0.004355497476, -0.001793884743, 0.00000177937589, 0.0008515908913}}, {{-0.01831181001, 0.1383628675, 0.01494933777, -0.02293752893}, {-0.005029565273, 0.02038255983, 0.004104781034, -0.006790537988}, {-0.000000570277547, 0.000003168030182, 0.000001919966076, -0.000005929518776}, {-0.001793884743, 0.00533812422, 0.001460943141, -0.002649780768}}, {{-0.00000005090727586, 0.01494933777, 0.1333324276, -0.007111705432}, {0.000000570277547, 0.004104781034, 0.01830791442, -0.002923711127}, {-0.000001656727328, 0.000001919966076, 0.000003753940569, -0.000001751637507}, {0.00000177937589, 0.001460943141, 0.00434728607, -0.001380789693}}, {{0.004355497476, -0.02293752893, -0.007111705432, 0.1392157429}, {0.001793884743, -0.006790537988, -0.002923711127, 0.02096079376}, {0.00000177937589, -0.000005929518776, -0.000001751637507, 0.00001293678696}, {0.0008515908913, -0.002649780768, -0.001380789693, 0.005741026463}}}, {{{0.01831181001, -0.005029565273, 0.000000570277547, 0.001793884743}, {0.1383628675, -0.02038255983, 0.000003168030182, 0.005338126127}, {-0.01494933777, 0.004104775956, -0.000001919966076, -0.001460943141}, {0.02293752893, -0.006790537988, 0.000005929518776, 0.002649780768}}, {{-0.005029565273, 0.02038255983, 0.004104780925, -0.006790537988}, {-0.02038255983, 0.1445270322, 0.01663401437, -0.02599091438}, {0.004104776066, -0.01663401437, -0.003341673454, 0.005531457847}, {-0.006790537988, 0.02599091438, 0.005531457847, -0.009429490641}}, {{0.000000570277547, 0.004104781034, 0.01830791442, -0.002923711127}, {0.000003168030182, 0.01663401437, 0.1383511679, -0.008703145854}, {-0.000001919966076, -0.003341673454, -0.01493342508, 0.002366214908}, {0.000005929518776, 0.005531457847, 0.02291099412, -0.004290143127}}, {{0.001793884743, -0.006790537988, -0.002923711127, 0.02096079376}, {0.005338126217, -0.02599091438, -0.008703145854, 0.1458320129}, {-0.001460943141, 0.005531457847, 0.002366214908, -0.01707651332}, {0.002649780768, -0.009429490641, -0.004290143127, 0.0270156877}}}, {{{-0.00000004960250092, -0.000000570277547, -0.000001656727328, 0.00000177937589}, {-0.01494933777, 0.004104775956, -0.000001919966076, -0.001460943141}, {0.133332429, -0.01830791442, 0.000003782912007, 0.00434728607}, {-0.007111705432, 0.002923711127, -0.000001751637507, -0.001380769725}}, {{-0.000000570277547, 0.000003168030182, 0.000001919966076, -0.000005929518776}, {0.004104775956, -0.01663401437, -0.003341673454, 0.005531457847}, {-0.01830791442, 0.1383511679, 0.01493342508, -0.02291099412}, {0.002923711127, -0.008703145854, -0.002366214908, 0.004290143127}}, {{-0.000001656727328, 0.000001919966076, 0.000003753940569, -0.000001751637507}, {-0.000001919966076, -0.003341673454, -0.01493342508, 0.002366214908}, {0.000003782912007, 0.01493342508, 0.1333091603, -0.007073722018}, {-0.000001751637507, -0.002366214908, -0.007073722018, 0.002214979532}}, {{0.00000177937589, -0.000005929518776, -0.000001751637507, 0.00001293678696}, {-0.001460943141, 0.005531457847, 0.002366214908, -0.01707651332}, {0.00434728607, -0.02291099412, -0.007073722018, 0.1391575138}, {-0.001380769725, 0.004290143127, 0.002214979532, -0.009315277852}}}, {{{0.004355497476, -0.001793884743, 0.00000177937589, 0.0008515908913}, {0.02293752893, -0.006790537988, 0.000005929518776, 0.002649780768}, {-0.007111705432, 0.002923711127, -0.000001751637507, -0.001380769725}, {0.1392157429, -0.02096079376, 0.00001293678696, 0.005741026463}}, {{-0.001793884743, 0.005338144297, 0.001460943141, -0.002649780768}, {-0.006790537988, 0.02599091438, 0.005531457847, -0.009429490641}, {0.002923711127, -0.008703145854, -0.002366214908, 0.004290143127}, {-0.02096079376, 0.1458320129, 0.01707651332, -0.0270156877}}, {{0.00000177937589, 0.001460943141, 0.00434728607, -0.00138112122}, {0.000005929518776, 0.005531457847, 0.02291099412, -0.004290143127}, {-0.000001751637507, -0.002366214908, -0.007073722018, 0.002214979532}, {0.00001293678696, 0.01707651332, 0.1391575138, -0.009315277852}}, {{0.0008515908913, -0.002649780768, -0.00138112122, 0.005741026463}, {0.002649780768, -0.009429490641, -0.004290143127, 0.0270156877}, {-0.001380769725, 0.004290143127, 0.002214979532, -0.009315277852}, {0.005741026463, -0.0270156877, -0.009315277852, 0.1474353956}}}}
0.133333     -0.0183118   0.           0.0043555      -0.0183118   0.138363     0.0149493    -0.0229375     0.           0.0149493    0.133332     -0.00711171    0.0043555    -0.0229375   -0.00711171  0.139216
0.0183118    -0.00502957  0.           0.00179388     -0.00502957  0.0203826    0.00410478   -0.00679054    0.           0.00410478   0.0183079    -0.00292371    0.00179388   -0.00679054  -0.00292371  0.0209608
0.           0.           0.           0.             0.           0.           0.           0.             0.           0.           0.           0.             0.           0.           0.           0.0000129368
0.0043555    -0.00179388  0.           0.000851591    -0.00179388  0.00533812   0.00146094   -0.00264978    0.           0.00146094   0.00434729   -0.00138079    0.000851591  -0.00264978  -0.00138079  0.00574103

0.0183118    -0.00502957  0.           0.00179388     -0.00502957  0.0203826    0.00410478   -0.00679054    0.           0.00410478   0.0183079    -0.00292371    0.00179388   -0.00679054  -0.00292371  0.0209608
0.138363     -0.0203826   0.           0.00533813     -0.0203826   0.144527     0.016634     -0.0259909     0.           0.016634     0.138351     -0.00870315    0.00533813   -0.0259909   -0.00870315  0.145832
-0.0149493   0.00410478   0.           -0.00146094    0.00410478   -0.016634    -0.00334167  0.00553146     0.           -0.00334167  -0.0149334   0.00236621     -0.00146094  0.00553146   0.00236621   -0.0170765
0.0229375    -0.00679054  0.           0.00264978     -0.00679054  0.0259909    0.00553146   -0.00942949    0.           0.00553146   0.022911     -0.00429014    0.00264978   -0.00942949  -0.00429014  0.0270157

0.           0.           0.           0.             0.           0.           0.           0.             0.           0.           0.           0.             0.           0.           0.           0.0000129368
-0.0149493   0.00410478   0.           -0.00146094    0.00410478   -0.016634    -0.00334167  0.00553146     0.           -0.00334167  -0.0149334   0.00236621     -0.00146094  0.00553146   0.00236621   -0.0170765
0.133332     -0.0183079   0.           0.00434729     -0.0183079   0.138351     0.0149334    -0.022911      0.           0.0149334    0.133309     -0.00707372    0.00434729   -0.022911    -0.00707372  0.139158
-0.00711171  0.00292371   0.           -0.00138077    0.00292371   -0.00870315  -0.00236621  0.00429014     0.           -0.00236621  -0.00707372  0.00221498     -0.00138077  0.00429014   0.00221498   -0.00931528

0.0043555    -0.00179388  0.           0.000851591    -0.00179388  0.00533814   0.00146094   -0.00264978    0.           0.00146094   0.00434729   -0.00138112    0.000851591  -0.00264978  -0.00138112  0.00574103
0.0229375    -0.00679054  0.           0.00264978     -0.00679054  0.0259909    0.00553146   -0.00942949    0.           0.00553146   0.022911     -0.00429014    0.00264978   -0.00942949  -0.00429014  0.0270157
-0.00711171  0.00292371   0.           -0.00138077    0.00292371   -0.00870315  -0.00236621  0.00429014     0.           -0.00236621  -0.00707372  0.00221498     -0.00138077  0.00429014   0.00221498   -0.00931528
0.139216     -0.0209608   0.0000129368 0.00574103     -0.0209608   0.145832     0.0170765    -0.0270157     0.0000129368 0.0170765    0.139158     -0.00931528    0.00574103   -0.0270157   -0.00931528  0.147435


    Hamiltonian Matrix CB:    < psi_{i1,C} <psi_{i2,B} | V_e-e | psi_{i3,C} <psi_{i4,B} >

HijkCB: {{{{0.2640594897, -0.06713399386, 0.004014321311, 0.02618353409}, {-0.06713399386, 0.02698878185, -0.007405726316, -0.01116484392}, {0.004012502385, -0.007405726316, -0.002957226096, 0.007159742985}, {0.02618353409, -0.01116484392, 0.007159742985, 0.004637013401}}, {{-0.06713399386, 0.2910329299, 0.04747332663, -0.08868202124}, {0.02698878185, -0.07385979282, -0.01055045978, 0.02993925637}, {-0.007405726316, 0.01553805358, 0.008524729431, -0.01840924519}, {-0.01116484392, 0.02506129325, -0.0008371121043, -0.009742861524}}, {{0.004014321311, 0.04747332663, 0.2544391752, -0.03521398953}, {-0.007405726316, -0.01055045978, -0.05266792834, 0.008278811094}, {-0.002957226096, 0.008524729431, 0.007674661165, -0.01213946783}, {0.007159742985, -0.0008371121043, 0.01407955326, -0.0004208232769}}, {{0.02618353409, -0.08868202124, -0.03521398953, 0.2921375949}, {-0.01116484392, 0.02993925637, 0.008278811094, -0.06481456675}, {0.007159742985, -0.01840924519, -0.01213946783, 0.02491748708}, {0.004637013401, -0.009742861524, -0.0004208232769, 0.01773856179}}}, {{{-0.06713399386, 0.02698878185, -0.007405726316, -0.01116484392}, {0.2910329299, -0.07385979282, 0.01553805358, 0.02506294866}, {0.04747332663, -0.01053594268, 0.008524729431, -0.0008371121043}, {-0.08868202124, 0.02993925637, -0.01840924519, -0.009742861524}}, {{0.02698878185, -0.07385979282, -0.01055045209, 0.02993925637}, {-0.07385979282, 0.3071812732, 0.03961141316, -0.08474911026}, {-0.01053595102, 0.03961141316, 0.0009731658015, -0.00371591007}, {0.02993925637, -0.08474911026, -0.00371591007, 0.02685048629}}, {{-0.007405726316, -0.01055045978, -0.05266792834, 0.008278811094}, {0.01553805358, 0.03961141316, 0.264346958, -0.02560830725}, {0.008524729431, 0.0009731658015, 0.03575726105, 0.002927964659}, {-0.01840924519, -0.00371591007, -0.06223014349, 0.003197963852}}, {{-0.01116484392, 0.02993925637, 0.008278811094, -0.06481456675}, {0.02506294866, -0.08474911026, -0.02560830725, 0.2925578162}, {-0.0008371121043, -0.00371591007, 0.002927964659, 0.02881041177}, {-0.009742861524, 0.02685048629, 0.003197963852, -0.06739088939}}}, {{{0.004012502385, -0.007405726316, -0.002957226096, 0.007159742985}, {0.04747332663, -0.01053594268, 0.008524729431, -0.0008371121043}, {0.2544138723, -0.05266792834, 0.007642292121, 0.01407955326}, {-0.03521398953, 0.008278811094, -0.01213946783, -0.0004345534075}}, {{-0.007405726316, 0.01553805358, 0.008524729431, -0.01840924519}, {-0.01053594268, 0.03961141316, 0.0009731658015, -0.00371591007}, {-0.05266792834, 0.264346958, 0.03575726105, -0.06223014349}, {0.008278811094, -0.02560830725, 0.002927858388, 0.003197963852}}, {{-0.002957226096, 0.008524729431, 0.007674661165, -0.01213946783}, {0.008524729431, 0.0009731658015, 0.03575726105, 0.002927964659}, {0.007642292121, 0.03575726105, 0.242896427, -0.02009630858}, {-0.01213946783, 0.002927858388, -0.02009630858, -0.001570176019}}, {{0.007159742985, -0.01840924519, -0.01213946783, 0.02491748708}, {-0.0008371121043, -0.00371591007, 0.002927964659, 0.02881041177}, {0.01407955326, -0.06223014349, -0.02009630858, 0.2604232225}, {-0.0004345659811, 0.003197963852, -0.001570176019, -0.01655136763}}}, {{{0.02618353409, -0.01116484392, 0.007159742985, 0.004637013401}, {-0.08868202124, 0.02993925637, -0.01840924519, -0.009742861524}, {-0.03521398953, 0.008278811094, -0.01213946783, -0.0004345534075}, {0.2921375949, -0.06481456675, 0.02491748708, 0.01773856179}}, {{-0.01116484392, 0.02506123337, -0.0008371121043, -0.009742861524}, {0.02993925637, -0.08474911026, -0.00371591007, 0.02685048629}, {0.008278811094, -0.02560830725, 0.002927858388, 0.003197963852}, {-0.06481456675, 0.2925578162, 0.02881041177, -0.06739043041}}, {{0.007159742985, -0.0008371121043, 0.01407955326, -0.0004208107033}, {-0.01840924519, -0.00371591007, -0.06223014349, 0.003197963852}, {-0.01213946783, 0.002927858388, -0.02009630858, -0.001570176019}, {0.02491748708, 0.02881041177, 0.2604232225, -0.01655136763}}, {{0.004637013401, -0.009742861524, -0.0004208107033, 0.01773856179}, {-0.009742861524, 0.02685048629, 0.003197963852, -0.06739088939}, {-0.0004345659811, 0.003197963852, -0.001570176019, -0.01655136763}, {0.01773856179, -0.06739043041, -0.01655136763, 0.2724752696}}}}
0.264059     -0.067134    0.00401432   0.0261835      -0.067134    0.291033     0.0474733    -0.088682      0.00401432   0.0474733    0.254439     -0.035214      0.0261835    -0.088682    -0.035214    0.292138
-0.067134    0.0269888    -0.00740573  -0.0111648     0.0269888    -0.0738598   -0.0105505   0.0299393      -0.00740573  -0.0105505   -0.0526679   0.00827881     -0.0111648   0.0299393    0.00827881   -0.0648146
0.0040125    -0.00740573  -0.00295723  0.00715974     -0.00740573  0.0155381    0.00852473   -0.0184092     -0.00295723  0.00852473   0.00767466   -0.0121395     0.00715974   -0.0184092   -0.0121395   0.0249175
0.0261835    -0.0111648   0.00715974   0.00463701     -0.0111648   0.0250613    -0.000837112 -0.00974286    0.00715974   -0.000837112 0.0140796    -0.000420823   0.00463701   -0.00974286  -0.000420823 0.0177386

-0.067134    0.0269888    -0.00740573  -0.0111648     0.0269888    -0.0738598   -0.0105505   0.0299393      -0.00740573  -0.0105505   -0.0526679   0.00827881     -0.0111648   0.0299393    0.00827881   -0.0648146
0.291033     -0.0738598   0.0155381    0.0250629      -0.0738598   0.307181     0.0396114    -0.0847491     0.0155381    0.0396114    0.264347     -0.0256083     0.0250629    -0.0847491   -0.0256083   0.292558
0.0474733    -0.0105359   0.00852473   -0.000837112   -0.010536    0.0396114    0.000973166  -0.00371591    0.00852473   0.000973166  0.0357573    0.00292796     -0.000837112 -0.00371591  0.00292796   0.0288104
-0.088682    0.0299393    -0.0184092   -0.00974286    0.0299393    -0.0847491   -0.00371591  0.0268505      -0.0184092   -0.00371591  -0.0622301   0.00319796     -0.00974286  0.0268505    0.00319796   -0.0673909

0.0040125    -0.00740573  -0.00295723  0.00715974     -0.00740573  0.0155381    0.00852473   -0.0184092     -0.00295723  0.00852473   0.00767466   -0.0121395     0.00715974   -0.0184092   -0.0121395   0.0249175
0.0474733    -0.0105359   0.00852473   -0.000837112   -0.0105359   0.0396114    0.000973166  -0.00371591    0.00852473   0.000973166  0.0357573    0.00292796     -0.000837112 -0.00371591  0.00292796   0.0288104
0.254414     -0.0526679   0.00764229   0.0140796      -0.0526679   0.264347     0.0357573    -0.0622301     0.00764229   0.0357573    0.242896     -0.0200963     0.0140796    -0.0622301   -0.0200963   0.260423
-0.035214    0.00827881   -0.0121395   -0.000434553   0.00827881   -0.0256083   0.00292786   0.00319796     -0.0121395   0.00292786   -0.0200963   -0.00157018    -0.000434566 0.00319796   -0.00157018  -0.0165514

0.0261835    -0.0111648   0.00715974   0.00463701     -0.0111648   0.0250612    -0.000837112 -0.00974286    0.00715974   -0.000837112 0.0140796    -0.000420811   0.00463701   -0.00974286  -0.000420811 0.0177386
-0.088682    0.0299393    -0.0184092   -0.00974286    0.0299393    -0.0847491   -0.00371591  0.0268505      -0.0184092   -0.00371591  -0.0622301   0.00319796     -0.00974286  0.0268505    0.00319796   -0.0673909
-0.035214    0.00827881   -0.0121395   -0.000434553   0.00827881   -0.0256083   0.00292786   0.00319796     -0.0121395   0.00292786   -0.0200963   -0.00157018    -0.000434566 0.00319796   -0.00157018  -0.0165514
0.292138     -0.0648146   0.0249175    0.0177386      -0.0648146   0.292558     0.0288104    -0.0673904     0.0249175    0.0288104    0.260423     -0.0165514     0.0177386    -0.0673904   -0.0165514   0.272475


Energy:  {2.81655888}


Coefficients: {{0.998272099, 0.05713392871, -0.005321081333, 0.01265766825}, {0.9988916073, -0.04241381805, -0.01135275174, 0.01696290077}, {0.9988916073, -0.04241381805, -0.01135275174, 0.01696290077}, {0.998272099, 0.05713392871, -0.005321081333, 0.01265766825}}


r2: {3.218181597, 3.247372643, 3.247372643, 3.218181597}
r2f: {3.18284615}


r3: {7.091923061, 7.188413204, 7.188413204, 7.091923061}
r3f: {6.975440461}


alpha: {4.575145319, 4.637393094, 4.637393094, 4.575145319}
alphaf: {4.5}




~~~XDM (a1=0.65, a2=3.17474)~~~

M1^2: {3.190751223, 3.188485915, 3.188485915, 3.190751223}
M1f^2: {3.18284615}

M2^2: {16.96635393, 16.94835668, 16.94835668, 16.96635393}
M2f^2: {16.88418269}

M3^2: {126.352321, 126.175251, 126.175251, 126.352321}
M3f^2: {125.3927637}

C6XDM: {{7.299075261, 7.345766958, 7.345766958, 7.299075261}, {7.345766958, 7.393131281, 7.393131281, 7.345766958}, {7.345766958, 7.393131281, 7.393131281, 7.345766958}, {7.299075261, 7.345766958, 7.345766958, 7.299075261}}
C6XDMf: {7.161403837}

C8XDM: {{116.4353022, 117.159563, 117.159563, 116.4353022}, {117.159563, 117.8942884, 117.8942884, 117.159563}, {117.159563, 117.8942884, 117.8942884, 117.159563}, {116.4353022, 117.159563, 117.159563, 116.4353022}}
C8XDMf: {113.9682331}

C10XDM: {{2022.939275, 2035.171104, 2035.171104, 2022.939275}, {2035.171104, 2047.58032, 2047.58032, 2035.171104}, {2035.171104, 2047.58032, 2047.58032, 2035.171104}, {2022.939275, 2035.171104, 2035.171104, 2022.939275}}
C10XDMf: {1974.936028}

EXDMC6: {-0.008027646552}
EXDMC8: {-0.00903033374}
EXDMC10: {-0.01113203715}

EXDMBJC6: {-0.0005979840964}
EXDMBJC8: {-0.0002785570868}
EXDMBJC10: {-0.000140700482}

EXDM: {-0.02819001744}
EXDMBJ: {-0.001017241665}




~~~TS (dTS=20, sR=0.62)~~~

C6TS: {{7.402576822, 7.503293608, 7.503293608, 7.402576822}, {7.503293608, 7.605380711, 7.605380711, 7.503293608}, {7.503293608, 7.605380711, 7.605380711, 7.503293608}, {7.402576822, 7.503293608, 7.503293608, 7.402576822}}
C6TSf: {7.161403837}

ETS: {-0.008219082355}
ETSWY: {-0.002868161887}




~~~MBD~~~

 alpha: {4.76071081, 4.899635703, 4.899635703, 4.76071081}
  C6ii: {7.785508368, 8.159763027, 8.159763027, 7.785508368}
 omega: {0.4580175407, 0.4531987482, 0.4531987482, 0.4580175407}
lambda: {0.2611981421, 0.2397369928, 0.2397369928, 0.2341082857, 0.2177628923, 0.2177628923, 0.1950611072, 0.1950611072, 0.191530023, 0.1777773536, 0.1777773536, 0.1435018951}
Energy: {-0.008384594951}

~~~MBD@rsSCS (drsSCS=6, sR=0.62)~~~

 alpha: {4.612779498, 4.692274496, 4.692274496, 4.612779498}
  C6ii: {7.482534006, 7.725292329, 7.725292329, 7.482534006}
 omega: {0.4688803648, 0.4678286756, 0.4678286756, 0.4688803648}
lambda: {0.2435607009, 0.235786032, 0.235786032, 0.2337935563, 0.222407667, 0.222407667, 0.2140604011, 0.2123807522, 0.2123807522, 0.2068504814, 0.2068504814, 0.1860102742}
Energy: {-0.001793650259}




~~~MBDFree1~~~

 alpha: {4.673395121, 4.74285876, 4.74285876, 4.673395121}
  C6ii: {7.512700705, 7.658361785, 7.658361785, 7.512700705}
 omega: {0.4586377757, 0.4539355875, 0.4539355875, 0.4586377757}
lambda: {0.2607171079, 0.239583119, 0.239583119, 0.2342723248, 0.2181844156, 0.2181844156, 0.1959119781, 0.1959119781, 0.1923691, 0.1791327411, 0.1791327411, 0.1454537212}
Energy: {-0.007983201612}

~~~MBDFree1@rsSCS (drsSCS=6, sR=0.62)~~~

 alpha: {4.535461313, 4.551365631, 4.551365631, 4.535461313}
  C6ii: {7.235285067, 7.269858945, 7.269858945, 7.235285067}
 omega: {0.4689768982, 0.4679304096, 0.4679304096, 0.4689768982}
lambda: {0.2430073709, 0.235462393, 0.235462393, 0.233588267, 0.2224439701, 0.2224439701, 0.2142584919, 0.2126196381, 0.2126196381, 0.2072703972, 0.2072703972, 0.1869422685}
Energy: {-0.001702863884}




~~~MBDFree2~~~

 alpha: {4.673395121, 4.74285876, 4.74285876, 4.673395121}
  C6ii: {7.769361606, 8.130478623, 8.130478623, 7.769361606}
 omega: {0.4743064931, 0.481919462, 0.481919462, 0.4743064931}
lambda: {0.2900154171, 0.2659244557, 0.2659244557, 0.2546448752, 0.2366883442, 0.2366883442, 0.212763873, 0.212763873, 0.2084599935, 0.1990493616, 0.1990493616, 0.1613057488}
Energy: {-0.008401460201}

~~~MBDFree2@rsSCS (drsSCS=6, sR=0.62)~~~

 alpha: {4.535461313, 4.551365631, 4.551365631, 4.535461313}
  C6ii: {7.479709829, 7.720051988, 7.720051988, 7.479709829}
 omega: {0.4848200289, 0.4969074525, 0.4969074525, 0.4848200289}
lambda: {0.2713617701, 0.2619599928, 0.2619599928, 0.2547808577, 0.2427943344, 0.2427943344, 0.2312360354, 0.2303226483, 0.2303226483, 0.228857978, 0.228857978, 0.2065562904}
Energy: {-0.001791620798}




~~~MBD@XDM1~~~

 alpha: {4.722987005, 4.825308017, 4.825308017, 4.722987005}
  C6ii: {7.667476489, 7.920016423, 7.920016423, 7.667476489}
 omega: {0.4583082639, 0.4535391025, 0.4535391025, 0.4583082639}
lambda: {0.2609749421, 0.239665394, 0.239665394, 0.2341935261, 0.2179631983, 0.2179631983, 0.1954522672, 0.1954522672, 0.1919144547, 0.1784075051, 0.1784075051, 0.1444054416}
Energy: {-0.008197470437}

~~~MBD@XDM1@rsSCS (drsSCS=6, sR=0.62)~~~

 alpha: {4.579681592, 4.625450083, 4.625450083, 4.579681592}
  C6ii: {7.37625284, 7.507566525, 7.507566525, 7.37625284}
 omega: {0.468925622, 0.4678750955, 0.4678750955, 0.468925622}
lambda: {0.2433013, 0.2356355573, 0.2356355573, 0.2337026912, 0.2224257126, 0.2224257126, 0.2141501539, 0.2124893416, 0.2124893416, 0.2070460764, 0.2070460764, 0.1864425429}
Energy: {-0.001751248236}




~~~MBD@XDM2~~~

 alpha: {4.76071081, 4.899635703, 4.899635703, 4.76071081}
  C6ii: {7.674630465, 7.933449494, 7.933449494, 7.674630465}
 omega: {0.4514946494, 0.4406291417, 0.4406291417, 0.4514946494}
lambda: {0.2489670289, 0.2289883266, 0.2289883266, 0.225784603, 0.2104659091, 0.2104659091, 0.1875868626, 0.1875868626, 0.1845759585, 0.1689618197, 0.1689618197, 0.1366753275}
Energy: {-0.008189223326}

~~~MBD@XDM2@rsSCS (drsSCS=6, sR=0.62)~~~

 alpha: {4.612779498, 4.692274496, 4.692274496, 4.612779498}
  C6ii: {7.377495954, 7.509960905, 7.509960905, 7.377495954}
 omega: {0.4622983326, 0.4547886235, 0.4547886235, 0.4622983326}
lambda: {0.2320638709, 0.2254552102, 0.2254552102, 0.2253836519, 0.2152420681, 0.2152420681, 0.2063963853, 0.2040511381, 0.2040511381, 0.1963564643, 0.1963564643, 0.1772609726}
Energy: {-0.001752088208}




    ENERGY MATRIX: {Non-Interacting, Electron-Nuclear, Electron-Electron, Nuclear-Nuclear, Total Energy}
Oscillator 1 Energy: {0.7090165152, -0.5015773594, 0.247810967, 0.2444443793, 0.699694502}
Oscillator 2 Energy: {0.7085406606, -0.6670265049, 0.3412428234, 0.3333332444, 0.7160902235}
Oscillator 3 Energy: {0.7085406606, -0.6854478265, 0.3375003096, 0.3333332444, 0.6939263882}
Oscillator 4 Energy: {0.7090165152, -0.5015773594, 0.2440684532, 0.2444443793, 0.6959519882}
Energy Totals: {2.835114352, -2.35562905, 1.170622553, 1.155555247, 2.805663102}


    COEFFICIENT MATRIX: {c1, c2, c5, c6, c11, c14}
Oscillator 1 Cs: {0.998272099, 0.05713392871, -0.005321081333, 0.01265766825}
Oscillator 2 Cs: {0.9988916073, -0.04241381805, -0.01135275174, 0.01696290077}
Oscillator 3 Cs: {0.9988916073, -0.04241381805, -0.01135275174, 0.01696290077}
Oscillator 4 Cs: {0.998272099, 0.05713392871, -0.005321081333, 0.01265766825}


    GENERAL RESULTS: {R, E, r2, r2f, r3, r3f, alpha, alphaf}
Oscillator 1 General Results: {3.750001, 2.81655888, 3.218181597, 3.18284615, 7.091923061, 6.975440461, 4.575145319, 4.5}
Oscillator 2 General Results: {3.750001, 2.81655888, 3.247372643, 3.18284615, 7.188413204, 6.975440461, 4.637393094, 4.5}
Oscillator 3 General Results: {3.750001, 2.81655888, 3.247372643, 3.18284615, 7.188413204, 6.975440461, 4.637393094, 4.5}
Oscillator 4 General Results: {3.750001, 2.81655888, 3.218181597, 3.18284615, 7.091923061, 6.975440461, 4.575145319, 4.5}


    XDM RESULTS: {M1^2, M1f^2, M2^2, M2f^2, M3^2, M3f^2, C6XDMii, C6XDMij, C6XDMf, C8XDMii, C8XDMij, C8XDMf, C10XDMii, C10XDMij, C10XDMf, EXDMC6, EXDMC8, EXDMC10, EXDMBJC6, EXDMBJC8, EXDMBJC10, EXDM, EXDMBJ}
Oscillator 1 XDM Results: {3.190751223, 3.18284615, 16.96635393, 16.88418269, 126.352321, 125.3927637, 7.299075261, {{7.299075261, 7.345766958, 7.345766958, 7.299075261}, {7.345766958, 7.393131281, 7.393131281, 7.345766958}, {7.345766958, 7.393131281, 7.393131281, 7.345766958}, {7.299075261, 7.345766958, 7.345766958, 7.299075261}}, 7.161403837, 116.4353022, {{116.4353022, 117.159563, 117.159563, 116.4353022}, {117.159563, 117.8942884, 117.8942884, 117.159563}, {117.159563, 117.8942884, 117.8942884, 117.159563}, {116.4353022, 117.159563, 117.159563, 116.4353022}}, 113.9682331, 2022.939275, {{2022.939275, 2035.171104, 2035.171104, 2022.939275}, {2035.171104, 2047.58032, 2047.58032, 2035.171104}, {2035.171104, 2047.58032, 2047.58032, 2035.171104}, {2022.939275, 2035.171104, 2035.171104, 2022.939275}}, 1974.936028, -0.008027646552, -0.00903033374, -0.01113203715, -0.0005979840964, -0.0002785570868, -0.000140700482, -0.02819001744, -0.001017241665}
Oscillator 2 XDM Results: {3.188485915, 3.18284615, 16.94835668, 16.88418269, 126.175251, 125.3927637, 7.393131281, {{7.299075261, 7.345766958, 7.345766958, 7.299075261}, {7.345766958, 7.393131281, 7.393131281, 7.345766958}, {7.345766958, 7.393131281, 7.393131281, 7.345766958}, {7.299075261, 7.345766958, 7.345766958, 7.299075261}}, 7.161403837, 117.8942884, {{116.4353022, 117.159563, 117.159563, 116.4353022}, {117.159563, 117.8942884, 117.8942884, 117.159563}, {117.159563, 117.8942884, 117.8942884, 117.159563}, {116.4353022, 117.159563, 117.159563, 116.4353022}}, 113.9682331, 2047.58032, {{2022.939275, 2035.171104, 2035.171104, 2022.939275}, {2035.171104, 2047.58032, 2047.58032, 2035.171104}, {2035.171104, 2047.58032, 2047.58032, 2035.171104}, {2022.939275, 2035.171104, 2035.171104, 2022.939275}}, 1974.936028, -0.008027646552, -0.00903033374, -0.01113203715, -0.0005979840964, -0.0002785570868, -0.000140700482, -0.02819001744, -0.001017241665}
Oscillator 3 XDM Results: {3.188485915, 3.18284615, 16.94835668, 16.88418269, 126.175251, 125.3927637, 7.393131281, {{7.299075261, 7.345766958, 7.345766958, 7.299075261}, {7.345766958, 7.393131281, 7.393131281, 7.345766958}, {7.345766958, 7.393131281, 7.393131281, 7.345766958}, {7.299075261, 7.345766958, 7.345766958, 7.299075261}}, 7.161403837, 117.8942884, {{116.4353022, 117.159563, 117.159563, 116.4353022}, {117.159563, 117.8942884, 117.8942884, 117.159563}, {117.159563, 117.8942884, 117.8942884, 117.159563}, {116.4353022, 117.159563, 117.159563, 116.4353022}}, 113.9682331, 2047.58032, {{2022.939275, 2035.171104, 2035.171104, 2022.939275}, {2035.171104, 2047.58032, 2047.58032, 2035.171104}, {2035.171104, 2047.58032, 2047.58032, 2035.171104}, {2022.939275, 2035.171104, 2035.171104, 2022.939275}}, 1974.936028, -0.008027646552, -0.00903033374, -0.01113203715, -0.0005979840964, -0.0002785570868, -0.000140700482, -0.02819001744, -0.001017241665}
Oscillator 4 XDM Results: {3.190751223, 3.18284615, 16.96635393, 16.88418269, 126.352321, 125.3927637, 7.299075261, {{7.299075261, 7.345766958, 7.345766958, 7.299075261}, {7.345766958, 7.393131281, 7.393131281, 7.345766958}, {7.345766958, 7.393131281, 7.393131281, 7.345766958}, {7.299075261, 7.345766958, 7.345766958, 7.299075261}}, 7.161403837, 116.4353022, {{116.4353022, 117.159563, 117.159563, 116.4353022}, {117.159563, 117.8942884, 117.8942884, 117.159563}, {117.159563, 117.8942884, 117.8942884, 117.159563}, {116.4353022, 117.159563, 117.159563, 116.4353022}}, 113.9682331, 2022.939275, {{2022.939275, 2035.171104, 2035.171104, 2022.939275}, {2035.171104, 2047.58032, 2047.58032, 2035.171104}, {2035.171104, 2047.58032, 2047.58032, 2035.171104}, {2022.939275, 2035.171104, 2035.171104, 2022.939275}}, 1974.936028, -0.008027646552, -0.00903033374, -0.01113203715, -0.0005979840964, -0.0002785570868, -0.000140700482, -0.02819001744, -0.001017241665}


    TS RESULTS: {C6TSii, C6TSij, C6TSf, ETS, ETSWY}
Oscillator 1 TS Results: {7.402576822, {{7.402576822, 7.503293608, 7.503293608, 7.402576822}, {7.503293608, 7.605380711, 7.605380711, 7.503293608}, {7.503293608, 7.605380711, 7.605380711, 7.503293608}, {7.402576822, 7.503293608, 7.503293608, 7.402576822}}, 7.161403837, -0.008219082355, -0.002868161887}
Oscillator 2 TS Results: {7.605380711, {{7.402576822, 7.503293608, 7.503293608, 7.402576822}, {7.503293608, 7.605380711, 7.605380711, 7.503293608}, {7.503293608, 7.605380711, 7.605380711, 7.503293608}, {7.402576822, 7.503293608, 7.503293608, 7.402576822}}, 7.161403837, -0.008219082355, -0.002868161887}
Oscillator 3 TS Results: {7.605380711, {{7.402576822, 7.503293608, 7.503293608, 7.402576822}, {7.503293608, 7.605380711, 7.605380711, 7.503293608}, {7.503293608, 7.605380711, 7.605380711, 7.503293608}, {7.402576822, 7.503293608, 7.503293608, 7.402576822}}, 7.161403837, -0.008219082355, -0.002868161887}
Oscillator 4 TS Results: {7.402576822, {{7.402576822, 7.503293608, 7.503293608, 7.402576822}, {7.503293608, 7.605380711, 7.605380711, 7.503293608}, {7.503293608, 7.605380711, 7.605380711, 7.503293608}, {7.402576822, 7.503293608, 7.503293608, 7.402576822}}, 7.161403837, -0.008219082355, -0.002868161887}


    MBD RESULTS: {MBD_alpha, MBD_C6, MBD_omega, MBD_Energy, MBDF1_alpha, MBDF1_C6, MBDF1_omega, MBDF1_Energy, MBDF2_alpha, MBDF2_C6, MBDF2_omega, MBDF2_Energy, MBDX1_alpha, MBDX1_C6, MBDX1_omega, MBDX1_Energy, MBDX2_alpha, MBDX2_C6, MBDX2_omega, MBDX2_Energy}
Oscillator 1 MBD Results: {4.76071081, 7.785508368, 0.4580175407, -0.008384594951, 4.673395121, 7.512700705, 0.4586377757, -0.007983201612, 4.673395121, 7.769361606, 0.4743064931, -0.008401460201, 4.722987005, 7.667476489, 0.4583082639, -0.008197470437, 4.76071081, 7.674630465, 0.4514946494, -0.008189223326}
Oscillator 2 MBD Results: {4.899635703, 8.159763027, 0.4531987482, -0.008384594951, 4.74285876, 7.658361785, 0.4539355875, -0.007983201612, 4.74285876, 8.130478623, 0.481919462, -0.008401460201, 4.825308017, 7.920016423, 0.4535391025, -0.008197470437, 4.899635703, 7.933449494, 0.4406291417, -0.008189223326}
Oscillator 3 MBD Results: {4.899635703, 8.159763027, 0.4531987482, -0.008384594951, 4.74285876, 7.658361785, 0.4539355875, -0.007983201612, 4.74285876, 8.130478623, 0.481919462, -0.008401460201, 4.825308017, 7.920016423, 0.4535391025, -0.008197470437, 4.899635703, 7.933449494, 0.4406291417, -0.008189223326}
Oscillator 4 MBD Results: {4.76071081, 7.785508368, 0.4580175407, -0.008384594951, 4.673395121, 7.512700705, 0.4586377757, -0.007983201612, 4.673395121, 7.769361606, 0.4743064931, -0.008401460201, 4.722987005, 7.667476489, 0.4583082639, -0.008197470437, 4.76071081, 7.674630465, 0.4514946494, -0.008189223326}


    MBDRSSCS RESULTS: {MBDrsSCS_alpha, MBDrsSCS_C6, MBDrsSCS_omega, MBDrsSCS_Energy, MBDF1rsSCS_alpha, MBDF1rsSCS_C6, MBDF1rsSCS_omega, MBDF1rsSCS_Energy, MBDF2rsSCS_alpha, MBDF2rsSCS_C6, MBDF2rsSCS_omega, MBDF2rsSCS_Energy, MBDX1rsSCS_alpha, MBDX1rsSCS_C6, MBDX1rsSCS_omega, MBDX1rsSCS_Energy, MBDX2rsSCS_alpha, MBDX2rsSCS_C6, MBDX2rsSCS_omega, MBDX2rsSCS_Energy}
Oscillator 1 MBDrsSCS Results: {4.612779498, 7.482534006, 0.4688803648, -0.001793650259, 4.535461313, 7.235285067, 0.4689768982, -0.001702863884, 4.535461313, 7.479709829, 0.4848200289, -0.001791620798, 4.579681592, 7.37625284, 0.468925622, -0.001751248236, 4.612779498, 7.377495954, 0.4622983326, -0.001752088208}
Oscillator 2 MBDrsSCS Results: {4.692274496, 7.725292329, 0.4678286756, -0.001793650259, 4.551365631, 7.269858945, 0.4679304096, -0.001702863884, 4.551365631, 7.720051988, 0.4969074525, -0.001791620798, 4.625450083, 7.507566525, 0.4678750955, -0.001751248236, 4.692274496, 7.509960905, 0.4547886235, -0.001752088208}
Oscillator 3 MBDrsSCS Results: {4.692274496, 7.725292329, 0.4678286756, -0.001793650259, 4.551365631, 7.269858945, 0.4679304096, -0.001702863884, 4.551365631, 7.720051988, 0.4969074525, -0.001791620798, 4.625450083, 7.507566525, 0.4678750955, -0.001751248236, 4.692274496, 7.509960905, 0.4547886235, -0.001752088208}
Oscillator 4 MBDrsSCS Results: {4.612779498, 7.482534006, 0.4688803648, -0.001793650259, 4.535461313, 7.235285067, 0.4689768982, -0.001702863884, 4.535461313, 7.479709829, 0.4848200289, -0.001791620798, 4.579681592, 7.37625284, 0.468925622, -0.001751248236, 4.612779498, 7.377495954, 0.4622983326, -0.001752088208}


         {R, Energy}
SUMMARY: {3.750001, 2.81655888}