Oscillators N=4 2022-12-24 w=0.471533 a=4.50000.nb ( N = 4, M = 4 )
~~~~~~~~~~~~~~~~~~~~~~~~~~~~~~~~~~~~~~
Run Commenced: Thu 29 Dec 2022 06:47:19
Run Completed: Thu 29 Dec 2022 08:27:10
Time Elapsed: 01:39:50

Oscillators Used: 4
Wavefunctions Used: 4
Internuclear Separation: 1.6
omega: 0.472
nu : 0.235638

For display purposes, the threshold of Hamiltonian matrix elements has been set to: 10^-6.


    Hamiltonian Matrix A:    < psi_{i,A} | H_k | psi_{j,A} >
    H_1 = T_kin,    H_2 = V_pot,    H_3 = V_1-B,    H_4 = V_1-C,    H_5 = V_A-B,    H_6 = V_A-C 

HijkA: {{{0.35364975, 0.35364975, -0.549789324, -0.3119086485, -0.2083325454, 0.6249996094, 0.3124998047, 0.2083332031}, {0., 0., -0.2047045387, -0.09839825832, -0.04470249145, 0., 0., 0.}, {0.2887538117, -0.2887538117, -0.09463556358, -0.002536098731, -0.00000608628498, 0., 0., 0.}, {0., 0., -0.09441731482, -0.05127204314, -0.01660630351, 0., 0., 0.}}, {{0., 0., -0.2047045387, -0.09839825832, -0.04470249145, 0., 0., 0.}, {0.58941625, 0.58941625, -0.5815435245, -0.3690417716, -0.2275028831, 0.6249996094, 0.3124998047, 0.2083332031}, {0., 0., 0.02013711432, 0.07246286814, 0.03647106549, 0., 0., 0.}, {0., 0., -0.2108256836, -0.1519886455, -0.06226842202, 0., 0., 0.}}, {{0.2887538117, -0.2887538117, -0.09463556358, -0.002536098731, -0.00000608628498, 0., 0., 0.}, {0., 0., 0.02013711432, 0.07246286814, 0.03647106549, 0., 0., 0.}, {0.82518275, 0.82518275, -0.4179312236, -0.3008802678, -0.2082760975, 0.6249996094, 0.3124998047, 0.2083332031}, {0., 0., 0.0223450347, 0.0695946301, 0.02704167157, 0., 0., 0.}}, {{0., 0., -0.09441731482, -0.05127204314, -0.01660630351, 0., 0., 0.}, {0., 0., -0.2108256836, -0.1519886455, -0.06226842202, 0., 0., 0.}, {0., 0., 0.0223450347, 0.0695946301, 0.02704167157, 0., 0., 0.}, {0.82518275, 0.82518275, -0.4926650634, -0.3959788867, -0.2353219396, 0.6249996094, 0.3124998047, 0.2083332031}}}
0.35365      0.           0.288754     0.
0.35365      0.           -0.288754    0.
-0.549789    -0.204705    -0.0946356   -0.0944173
-0.311909    -0.0983983   -0.0025361   -0.051272
-0.208333    -0.0447025   0.           -0.0166063
0.625        0.           0.           0.
0.3125       0.           0.           0.
0.208333     0.           0.           0.

0.           0.589416     0.           0.
0.           0.589416     0.           0.
-0.204705    -0.581544    0.0201371    -0.210826
-0.0983983   -0.369042    0.0724629    -0.151989
-0.0447025   -0.227503    0.0364711    -0.0622684
0.           0.625        0.           0.
0.           0.3125       0.           0.
0.           0.208333     0.           0.

0.288754     0.           0.825183     0.
-0.288754    0.           0.825183     0.
-0.0946356   0.0201371    -0.417931    0.022345
-0.0025361   0.0724629    -0.30088     0.0695946
0.           0.0364711    -0.208276    0.0270417
0.           0.           0.625        0.
0.           0.           0.3125       0.
0.           0.           0.208333     0.

0.           0.           0.           0.825183
0.           0.           0.           0.825183
-0.0944173   -0.210826    0.022345     -0.492665
-0.051272    -0.151989    0.0695946    -0.395979
-0.0166063   -0.0622684   0.0270417    -0.235322
0.           0.           0.           0.625
0.           0.           0.           0.3125
0.           0.           0.           0.208333


    Hamiltonian Matrix B:    < psi_{i,B} | H_k | psi_{j,B} >
    H_1 = T_kin,    H_2 = V_pot,    H_3 = V_2-A,    H_4 = V_2-C,    H_5 = V_B-A,    H_6 = V_B-C 

HijkB: {{{0.35364975, 0.35364975, -0.549789324, -0.549789324, -0.3119086485, 0.6249996094, 0.6249996094, 0.3124998047}, {0., 0., -0.2047045387, 0.2047045387, 0.09839825832, 0., 0., 0.}, {0.2887538117, -0.2887538117, -0.09463556358, -0.09463556358, -0.002536098731, 0., 0., 0.}, {0., 0., -0.09441731482, -0.09441731482, -0.05127204314, 0., 0., 0.}}, {{0., 0., -0.2047045387, 0.2047045387, 0.09839825832, 0., 0., 0.}, {0.58941625, 0.58941625, -0.5815435245, -0.5815435245, -0.3690417716, 0.6249996094, 0.6249996094, 0.3124998047}, {0., 0., 0.02013711432, -0.02013711432, -0.07246286814, 0., 0., 0.}, {0., 0., -0.2108256836, 0.2108256836, 0.1519886455, 0., 0., 0.}}, {{0.2887538117, -0.2887538117, -0.09463556358, -0.09463556358, -0.002536098731, 0., 0., 0.}, {0., 0., 0.02013711432, -0.02013711432, -0.07246286814, 0., 0., 0.}, {0.82518275, 0.82518275, -0.4179312236, -0.4179312236, -0.3008802678, 0.6249996094, 0.6249996094, 0.3124998047}, {0., 0., 0.0223450347, 0.0223450347, 0.0695946301, 0., 0., 0.}}, {{0., 0., -0.09441731482, -0.09441731482, -0.05127204314, 0., 0., 0.}, {0., 0., -0.2108256836, 0.2108256836, 0.1519886455, 0., 0., 0.}, {0., 0., 0.0223450347, 0.0223450347, 0.0695946301, 0., 0., 0.}, {0.82518275, 0.82518275, -0.4926650634, -0.4926650634, -0.3959788867, 0.6249996094, 0.6249996094, 0.3124998047}}}
0.35365      0.           0.288754     0.
0.35365      0.           -0.288754    0.
-0.549789    -0.204705    -0.0946356   -0.0944173
-0.549789    0.204705     -0.0946356   -0.0944173
-0.311909    0.0983983    -0.0025361   -0.051272
0.625        0.           0.           0.
0.625        0.           0.           0.
0.3125       0.           0.           0.

0.           0.589416     0.           0.
0.           0.589416     0.           0.
-0.204705    -0.581544    0.0201371    -0.210826
0.204705     -0.581544    -0.0201371   0.210826
0.0983983    -0.369042    -0.0724629   0.151989
0.           0.625        0.           0.
0.           0.625        0.           0.
0.           0.3125       0.           0.

0.288754     0.           0.825183     0.
-0.288754    0.           0.825183     0.
-0.0946356   0.0201371    -0.417931    0.022345
-0.0946356   -0.0201371   -0.417931    0.022345
-0.0025361   -0.0724629   -0.30088     0.0695946
0.           0.           0.625        0.
0.           0.           0.625        0.
0.           0.           0.3125       0.

0.           0.           0.           0.825183
0.           0.           0.           0.825183
-0.0944173   -0.210826    0.022345     -0.492665
-0.0944173   0.210826     0.022345     -0.492665
-0.051272    0.151989     0.0695946    -0.395979
0.           0.           0.           0.625
0.           0.           0.           0.625
0.           0.           0.           0.3125


    Hamiltonian Matrix C:    < psi_{i,C} | H_k | psi_{j,C} >
    H_1 = T_kin,    H_2 = V_pot,    H_3 = V_3-A,    H_4 = V_3-B,    H_5 = V_C-A,    H_6 = V_C-B 

HijkC: {{{0.35364975, 0.35364975, -0.3119086485, -0.549789324, -0.549789324, 0.3124998047, 0.6249996094, 0.6249996094}, {0., 0., 0.09839825832, 0.2047045387, -0.2047045387, 0., 0., 0.}, {0.2887538117, -0.2887538117, -0.002536098731, -0.09463556358, -0.09463556358, 0., 0., 0.}, {0., 0., -0.05127204314, -0.09441731482, -0.09441731482, 0., 0., 0.}}, {{0., 0., 0.09839825832, 0.2047045387, -0.2047045387, 0., 0., 0.}, {0.58941625, 0.58941625, -0.3690417716, -0.5815435245, -0.5815435245, 0.3124998047, 0.6249996094, 0.6249996094}, {0., 0., -0.07246286814, -0.02013711432, 0.02013711432, 0., 0., 0.}, {0., 0., 0.1519886455, 0.2108256836, -0.2108256836, 0., 0., 0.}}, {{0.2887538117, -0.2887538117, -0.002536098731, -0.09463556358, -0.09463556358, 0., 0., 0.}, {0., 0., -0.07246286814, -0.02013711432, 0.02013711432, 0., 0., 0.}, {0.82518275, 0.82518275, -0.3008802678, -0.4179312236, -0.4179312236, 0.3124998047, 0.6249996094, 0.6249996094}, {0., 0., 0.0695946301, 0.0223450347, 0.0223450347, 0., 0., 0.}}, {{0., 0., -0.05127204314, -0.09441731482, -0.09441731482, 0., 0., 0.}, {0., 0., 0.1519886455, 0.2108256836, -0.2108256836, 0., 0., 0.}, {0., 0., 0.0695946301, 0.0223450347, 0.0223450347, 0., 0., 0.}, {0.82518275, 0.82518275, -0.3959788867, -0.4926650634, -0.4926650634, 0.3124998047, 0.6249996094, 0.6249996094}}}
0.35365      0.           0.288754     0.
0.35365      0.           -0.288754    0.
-0.311909    0.0983983    -0.0025361   -0.051272
-0.549789    0.204705     -0.0946356   -0.0944173
-0.549789    -0.204705    -0.0946356   -0.0944173
0.3125       0.           0.           0.
0.625        0.           0.           0.
0.625        0.           0.           0.

0.           0.589416     0.           0.
0.           0.589416     0.           0.
0.0983983    -0.369042    -0.0724629   0.151989
0.204705     -0.581544    -0.0201371   0.210826
-0.204705    -0.581544    0.0201371    -0.210826
0.           0.3125       0.           0.
0.           0.625        0.           0.
0.           0.625        0.           0.

0.288754     0.           0.825183     0.
-0.288754    0.           0.825183     0.
-0.0025361   -0.0724629   -0.30088     0.0695946
-0.0946356   -0.0201371   -0.417931    0.022345
-0.0946356   0.0201371    -0.417931    0.022345
0.           0.           0.3125       0.
0.           0.           0.625        0.
0.           0.           0.625        0.

0.           0.           0.           0.825183
0.           0.           0.           0.825183
-0.051272    0.151989     0.0695946    -0.395979
-0.0944173   0.210826     0.022345     -0.492665
-0.0944173   -0.210826    0.022345     -0.492665
0.           0.           0.           0.3125
0.           0.           0.           0.625
0.           0.           0.           0.625


    Hamiltonian Matrix AB:    < psi_{i1,A} <psi_{i2,B} | V_e-e | psi_{i3,A} <psi_{i4,B} >

HijkAB: {{{{0.4551895031, 0.1002146662, 0.06114793691, 0.02527471296}, {0.1002146662, -0.02121284863, 0.04769391984, -0.01909928239}, {0.06098933517, 0.04769391984, 0.02260649766, 0.02146176028}, {0.02527471296, -0.01910077023, 0.02146176028, 0.002727953035}}, {{0.1002146662, 0.4346046211, -0.03436085183, 0.09690947995}, {-0.02121284863, 0.03977575475, 0.02389149081, -0.03890828651}, {0.04769391984, 0.06753158829, -0.001906571225, 0.04427331646}, {-0.01910077023, 0.01082763967, 0.004985366175, -0.007136002239}}, {{0.06114793691, -0.03436085183, 0.3779907703, -0.01981213775}, {0.04769391984, 0.02389149081, 0.05949205516, 0.02037440675}, {0.02260649766, -0.001906571225, 0.03607691782, -0.009569470285}, {0.02146176028, 0.004985366175, 0.01563787413, -0.0063231377}}, {{0.02527471296, 0.09690947995, -0.01981213775, 0.3874989977}, {-0.01909928239, -0.03890828651, 0.02037440675, 0.01483367042}, {0.02146176028, 0.04427331646, -0.009569470285, 0.04715367305}, {0.002727953035, -0.007136002239, -0.0063231377, 0.01070841286}}}, {{{0.1002146662, -0.02121284863, 0.04769391984, -0.01909928239}, {0.4346046211, 0.03977575475, 0.06753158829, 0.01083138244}, {-0.03436085183, 0.02389026517, -0.001906571225, 0.004985366175}, {0.09690947995, -0.03890828651, 0.04427331646, -0.007136002239}}, {{-0.02121284863, 0.03977575475, 0.02389149081, -0.03890828651}, {0.03977575475, 0.3916819706, -0.02734654271, 0.05260452356}, {0.02389026517, -0.02734654271, -0.00413917174, 0.01653237837}, {-0.03890828651, 0.05260452356, 0.01653237837, -0.03992586701}}, {{0.04769391984, 0.02389149081, 0.05949205516, 0.02037440675}, {0.06753158829, -0.02734654271, 0.3667725287, -0.01912569414}, {-0.001906571225, -0.00413917174, -0.02170775675, -0.004542763613}, {0.04427331646, 0.01653237837, 0.06165318405, 0.01048538038}}, {{-0.01909928239, -0.03890828651, 0.02037440675, 0.01483367042}, {0.01084283827, 0.05260452356, -0.01912569414, 0.3610785228}, {0.004985366175, 0.01653237837, -0.004542763613, -0.02669258061}, {-0.007136002239, -0.03992586701, 0.01048538038, 0.02639727044}}}, {{{0.06098933517, 0.04769391984, 0.02260649766, 0.02146176028}, {-0.03436085183, 0.02389026517, -0.001906571225, 0.004985366175}, {0.3779695688, 0.05949205516, 0.03609265716, 0.01563787413}, {-0.01981213775, 0.02037466052, -0.009569470285, -0.006351482693}}, {{0.04769391984, 0.06753158829, -0.001906571225, 0.04427331646}, {0.02389026517, -0.02734654271, -0.00413917174, 0.01653237837}, {0.05949205516, 0.3667725287, -0.02170775675, 0.06165318405}, {0.02037466052, -0.01912569414, -0.004542763613, 0.01048538038}}, {{0.02260649766, -0.001906571225, 0.03607691782, -0.009569470285}, {-0.001906571225, -0.00413917174, -0.02170775675, -0.004542763613}, {0.03609265716, -0.02170775675, 0.3271505501, -0.007371286467}, {-0.009569470285, -0.004542763613, -0.007371286467, 0.007174325754}}, {{0.02146176028, 0.04427331646, -0.009569470285, 0.04715367305}, {0.004985366175, 0.01653237837, -0.004542763613, -0.02669258061}, {0.01563787413, 0.06165318405, -0.007371286467, 0.3370316114}, {-0.006351384506, 0.01048538038, 0.007174325754, -0.01264495921}}}, {{{0.02527471296, -0.01910077023, 0.02146176028, 0.002727953035}, {0.09690947995, -0.03890828651, 0.04427331646, -0.007136002239}, {-0.01981213775, 0.02037466052, -0.009569470285, -0.006351482693}, {0.3874989977, 0.01483367042, 0.04715367305, 0.01070841286}}, {{-0.01910077023, 0.01082763967, 0.004985366175, -0.007136002239}, {-0.03890828651, 0.05260452356, 0.01653237837, -0.03992586701}, {0.02037466052, -0.01912569414, -0.004542763613, 0.01048538038}, {0.01483367042, 0.3610785228, -0.02669293122, 0.02639727044}}, {{0.02146176028, 0.004985366175, 0.01563787413, -0.006323052011}, {0.04427331646, 0.01653237837, 0.06165318405, 0.01048538038}, {-0.009569470285, -0.004542763613, -0.007371286467, 0.007174325754}, {0.04715367305, -0.02669293122, 0.3370316114, -0.01264495921}}, {{0.002727953035, -0.007136002239, -0.006323052011, 0.01070841286}, {-0.007136002239, -0.03992586701, 0.01048538038, 0.02639727044}, {-0.006351384506, 0.01048538038, 0.007174325754, -0.01264495921}, {0.01070841286, 0.02639727044, -0.01264495921, 0.3316756103}}}}
0.45519     0.100215    0.0611479   0.0252747     0.100215    0.434605    -0.0343609  0.0969095     0.0611479   -0.0343609  0.377991    -0.0198121    0.0252747   0.0969095   -0.0198121  0.387499
0.100215    -0.0212128  0.0476939   -0.0190993    -0.0212128  0.0397758   0.0238915   -0.0389083    0.0476939   0.0238915   0.0594921   0.0203744     -0.0190993  -0.0389083  0.0203744   0.0148337
0.0609893   0.0476939   0.0226065   0.0214618     0.0476939   0.0675316   -0.00190657 0.0442733     0.0226065   -0.00190657 0.0360769   -0.00956947   0.0214618   0.0442733   -0.00956947 0.0471537
0.0252747   -0.0191008  0.0214618   0.00272795    -0.0191008  0.0108276   0.00498537  -0.007136     0.0214618   0.00498537  0.0156379   -0.00632314   0.00272795  -0.007136   -0.00632314 0.0107084

0.100215    -0.0212128  0.0476939   -0.0190993    -0.0212128  0.0397758   0.0238915   -0.0389083    0.0476939   0.0238915   0.0594921   0.0203744     -0.0190993  -0.0389083  0.0203744   0.0148337
0.434605    0.0397758   0.0675316   0.0108314     0.0397758   0.391682    -0.0273465  0.0526045     0.0675316   -0.0273465  0.366773    -0.0191257    0.0108428   0.0526045   -0.0191257  0.361079
-0.0343609  0.0238903   -0.00190657 0.00498537    0.0238903   -0.0273465  -0.00413917 0.0165324     -0.00190657 -0.00413917 -0.0217078  -0.00454276   0.00498537  0.0165324   -0.00454276 -0.0266926
0.0969095   -0.0389083  0.0442733   -0.007136     -0.0389083  0.0526045   0.0165324   -0.0399259    0.0442733   0.0165324   0.0616532   0.0104854     -0.007136   -0.0399259  0.0104854   0.0263973

0.0609893   0.0476939   0.0226065   0.0214618     0.0476939   0.0675316   -0.00190657 0.0442733     0.0226065   -0.00190657 0.0360769   -0.00956947   0.0214618   0.0442733   -0.00956947 0.0471537
-0.0343609  0.0238903   -0.00190657 0.00498537    0.0238903   -0.0273465  -0.00413917 0.0165324     -0.00190657 -0.00413917 -0.0217078  -0.00454276   0.00498537  0.0165324   -0.00454276 -0.0266926
0.37797     0.0594921   0.0360927   0.0156379     0.0594921   0.366773    -0.0217078  0.0616532     0.0360927   -0.0217078  0.327151    -0.00737129   0.0156379   0.0616532   -0.00737129 0.337032
-0.0198121  0.0203747   -0.00956947 -0.00635148   0.0203747   -0.0191257  -0.00454276 0.0104854     -0.00956947 -0.00454276 -0.00737129 0.00717433    -0.00635138 0.0104854   0.00717433  -0.012645

0.0252747   -0.0191008  0.0214618   0.00272795    -0.0191008  0.0108276   0.00498537  -0.007136     0.0214618   0.00498537  0.0156379   -0.00632305   0.00272795  -0.007136   -0.00632305 0.0107084
0.0969095   -0.0389083  0.0442733   -0.007136     -0.0389083  0.0526045   0.0165324   -0.0399259    0.0442733   0.0165324   0.0616532   0.0104854     -0.007136   -0.0399259  0.0104854   0.0263973
-0.0198121  0.0203747   -0.00956947 -0.00635148   0.0203747   -0.0191257  -0.00454276 0.0104854     -0.00956947 -0.00454276 -0.00737129 0.00717433    -0.00635138 0.0104854   0.00717433  -0.012645
0.387499    0.0148337   0.0471537   0.0107084     0.0148337   0.361079    -0.0266929  0.0263973     0.0471537   -0.0266929  0.337032    -0.012645     0.0107084   0.0263973   -0.012645   0.331676


    Hamiltonian Matrix AC:    < psi_{i1,A} <psi_{i2,C} | V_e-e | psi_{i3,A} <psi_{i4,C} >

HijkAC: {{{{0.3038536059, -0.08172331864, 0.009857902568, 0.03172035743}, {0.08172331864, -0.02832457014, 0.01562929315, 0.008584581682}, {0.009853980249, -0.01562929315, -0.00376425049, 0.01406744759}, {0.03172035743, -0.008584581682, 0.01406744759, 0.002033673306}}, {{-0.08172331864, 0.3321268726, 0.05141522169, -0.1033987982}, {-0.02832457014, 0.07937153931, 0.003909878275, -0.02347144618}, {-0.01562929315, 0.02929681092, 0.01213901678, -0.03073110512}, {-0.008584581682, 0.0225938547, -0.005781802521, -0.003845821387}}, {{0.009857902568, 0.05141522169, 0.283715423, -0.03766449107}, {0.01562929315, 0.003909878275, 0.05722280237, -0.001469364526}, {-0.00376425049, 0.01213901678, 0.01185812714, -0.01666642356}, {0.01406744759, -0.005781802521, 0.01500636449, 0.00257213681}}, {{0.03172035743, -0.1033987982, -0.03766449107, 0.3260146563}, {0.008584581682, -0.02347144618, -0.001469364526, 0.06058869314}, {0.01406744759, -0.03073110512, -0.01666642356, 0.03798688725}, {0.002033673306, -0.003845821387, 0.00257213681, 0.01288238029}}}, {{{0.08172331864, -0.02832457014, 0.01562929315, 0.008584581682}, {0.3321268726, -0.07937153931, 0.02929681092, 0.0225937112}, {-0.05141522169, 0.003915262976, -0.01213901678, 0.005781802521}, {0.1033987982, -0.02347093875, 0.03073121806, 0.003845821387}}, {{-0.02832457014, 0.07937153931, 0.003909878275, -0.02347144618}, {-0.07937153931, 0.3346736195, 0.03503563858, -0.08265248707}, {0.003915262976, -0.03503563858, 0.001885875734, -0.004613372975}, {-0.02347144618, 0.08265248707, -0.004613372975, -0.01397782633}}, {{0.01562929315, 0.003909878275, 0.05722280237, -0.001469364526}, {0.02929681092, 0.03503563858, 0.291346606, -0.02108633349}, {-0.01213901678, 0.001885875734, -0.03814368797, -0.005328263853}, {0.03073121806, -0.004613372975, 0.06832135477, 0.002820534115}}, {{0.008584581682, -0.02347144618, -0.001469364526, 0.06058869314}, {0.02259372342, -0.08265248707, -0.02108633349, 0.3100411978}, {0.005781802521, -0.004613372975, -0.005328263853, -0.02571812165}, {0.003845821387, -0.01397782633, 0.002820534115, 0.0598181509}}}, {{{0.009853980249, -0.01562929315, -0.00376425049, 0.01406744759}, {-0.05141522169, 0.003915262976, -0.01213892545, 0.005781802521}, {0.2837145304, -0.05722280237, 0.01189302175, 0.01500636449}, {-0.03766449107, 0.001469364526, -0.01666642356, 0.002572562222}}, {{-0.01562929315, 0.02929681092, 0.01213901678, -0.03073110512}, {0.003915262976, -0.03503563858, 0.001885875734, -0.004613372975}, {-0.05722280237, 0.291346606, 0.03814368797, -0.06832135477}, {0.001469364526, -0.02108633349, 0.005328263853, -0.002820534115}}, {{-0.00376425049, 0.01213901678, 0.01185812714, -0.01666642356}, {-0.01213892545, 0.001885875734, -0.03814368797, -0.005328263853}, {0.01189302175, 0.03814368797, 0.2652792583, -0.0210608564}, {-0.01666642356, 0.005328263853, -0.0210608564, -0.001903580293}}, {{0.01406744759, -0.03073110512, -0.01666642356, 0.03798688725}, {0.005781802521, -0.004613372975, -0.005328263853, -0.02571812165}, {0.01500636449, -0.06832135477, -0.0210608564, 0.2860781933}, {0.002572084695, -0.002820534115, -0.001903580293, -0.01366371601}}}, {{{0.03172035743, -0.008584581682, 0.01406744759, 0.002033673306}, {0.1033987982, -0.02347093875, 0.03073121806, 0.003845821387}, {-0.03766449107, 0.001469364526, -0.01666642356, 0.002572562222}, {0.3260146563, -0.06058869314, 0.03798688725, 0.01288238029}}, {{-0.008584581682, 0.02259380327, -0.005781802521, -0.003845821387}, {-0.02347144618, 0.08265248707, -0.004613372975, -0.01397782633}, {0.001469364526, -0.02108633349, 0.005328263853, -0.002820534115}, {-0.06058869314, 0.3100411978, 0.02571812165, -0.0598181509}}, {{0.01406744759, -0.005781802521, 0.01500636449, 0.002573757339}, {0.03073121806, -0.004613372975, 0.06832135477, 0.002820534115}, {-0.01666642356, 0.005328263853, -0.0210608564, -0.001903580293}, {0.03798688725, 0.02571812165, 0.2860781933, -0.01366371601}}, {{0.002033673306, -0.003845821387, 0.002573757339, 0.01288238029}, {0.003845821387, -0.01397782633, 0.002820534115, 0.0598181509}, {0.002572084695, -0.002820534115, -0.001903580293, -0.01366371601}, {0.01288238029, -0.0598181509, -0.01366371601, 0.2851849524}}}}
0.303854    -0.0817233  0.0098579   0.0317204     -0.0817233  0.332127    0.0514152   -0.103399     0.0098579   0.0514152   0.283715    -0.0376645    0.0317204   -0.103399   -0.0376645  0.326015
0.0817233   -0.0283246  0.0156293   0.00858458    -0.0283246  0.0793715   0.00390988  -0.0234714    0.0156293   0.00390988  0.0572228   -0.00146936   0.00858458  -0.0234714  -0.00146936 0.0605887
0.00985398  -0.0156293  -0.00376425 0.0140674     -0.0156293  0.0292968   0.012139    -0.0307311    -0.00376425 0.012139    0.0118581   -0.0166664    0.0140674   -0.0307311  -0.0166664  0.0379869
0.0317204   -0.00858458 0.0140674   0.00203367    -0.00858458 0.0225939   -0.0057818  -0.00384582   0.0140674   -0.0057818  0.0150064   0.00257214    0.00203367  -0.00384582 0.00257214  0.0128824

0.0817233   -0.0283246  0.0156293   0.00858458    -0.0283246  0.0793715   0.00390988  -0.0234714    0.0156293   0.00390988  0.0572228   -0.00146936   0.00858458  -0.0234714  -0.00146936 0.0605887
0.332127    -0.0793715  0.0292968   0.0225937     -0.0793715  0.334674    0.0350356   -0.0826525    0.0292968   0.0350356   0.291347    -0.0210863    0.0225937   -0.0826525  -0.0210863  0.310041
-0.0514152  0.00391526  -0.012139   0.0057818     0.00391526  -0.0350356  0.00188588  -0.00461337   -0.012139   0.00188588  -0.0381437  -0.00532826   0.0057818   -0.00461337 -0.00532826 -0.0257181
0.103399    -0.0234709  0.0307312   0.00384582    -0.0234714  0.0826525   -0.00461337 -0.0139778    0.0307312   -0.00461337 0.0683214   0.00282053    0.00384582  -0.0139778  0.00282053  0.0598182

0.00985398  -0.0156293  -0.00376425 0.0140674     -0.0156293  0.0292968   0.012139    -0.0307311    -0.00376425 0.012139    0.0118581   -0.0166664    0.0140674   -0.0307311  -0.0166664  0.0379869
-0.0514152  0.00391526  -0.0121389  0.0057818     0.00391526  -0.0350356  0.00188588  -0.00461337   -0.0121389  0.00188588  -0.0381437  -0.00532826   0.0057818   -0.00461337 -0.00532826 -0.0257181
0.283715    -0.0572228  0.011893    0.0150064     -0.0572228  0.291347    0.0381437   -0.0683214    0.011893    0.0381437   0.265279    -0.0210609    0.0150064   -0.0683214  -0.0210609  0.286078
-0.0376645  0.00146936  -0.0166664  0.00257256    0.00146936  -0.0210863  0.00532826  -0.00282053   -0.0166664  0.00532826  -0.0210609  -0.00190358   0.00257208  -0.00282053 -0.00190358 -0.0136637

0.0317204   -0.00858458 0.0140674   0.00203367    -0.00858458 0.0225938   -0.0057818  -0.00384582   0.0140674   -0.0057818  0.0150064   0.00257376    0.00203367  -0.00384582 0.00257376  0.0128824
0.103399    -0.0234709  0.0307312   0.00384582    -0.0234714  0.0826525   -0.00461337 -0.0139778    0.0307312   -0.00461337 0.0683214   0.00282053    0.00384582  -0.0139778  0.00282053  0.0598182
-0.0376645  0.00146936  -0.0166664  0.00257256    0.00146936  -0.0210863  0.00532826  -0.00282053   -0.0166664  0.00532826  -0.0210609  -0.00190358   0.00257208  -0.00282053 -0.00190358 -0.0136637
0.326015    -0.0605887  0.0379869   0.0128824     -0.0605887  0.310041    0.0257181   -0.0598182    0.0379869   0.0257181   0.286078    -0.0136637    0.0128824   -0.0598182  -0.0136637  0.285185


    Hamiltonian Matrix BA:    < psi_{i1,B} <psi_{i2,A} | V_e-e | psi_{i3,B} <psi_{i4,A} >

HijkBA: {{{{0.4551895031, 0.1002146662, 0.06114793691, 0.02527471296}, {0.1002146662, -0.02121284863, 0.04769391984, -0.01909928239}, {0.06098933517, 0.04769391984, 0.02260649766, 0.02146176028}, {0.02527471296, -0.01910077023, 0.02146176028, 0.002727953035}}, {{0.1002146662, 0.4346046211, -0.03436085183, 0.09690947995}, {-0.02121284863, 0.03977575475, 0.02389149081, -0.03890828651}, {0.04769391984, 0.06753158829, -0.001906571225, 0.04427331646}, {-0.01910077023, 0.01082763967, 0.004985366175, -0.007136002239}}, {{0.06114793691, -0.03436085183, 0.3779907703, -0.01981213775}, {0.04769391984, 0.02389149081, 0.05949205516, 0.02037440675}, {0.02260649766, -0.001906571225, 0.03607691782, -0.009569470285}, {0.02146176028, 0.004985366175, 0.01563787413, -0.0063231377}}, {{0.02527471296, 0.09690947995, -0.01981213775, 0.3874989977}, {-0.01909928239, -0.03890828651, 0.02037440675, 0.01483367042}, {0.02146176028, 0.04427331646, -0.009569470285, 0.04715367305}, {0.002727953035, -0.007136002239, -0.0063231377, 0.01070841286}}}, {{{0.1002146662, -0.02121284863, 0.04769391984, -0.01909928239}, {0.4346046211, 0.03977575475, 0.06753158829, 0.01083138244}, {-0.03436085183, 0.02389026517, -0.001906571225, 0.004985366175}, {0.09690947995, -0.03890828651, 0.04427331646, -0.007136002239}}, {{-0.02121284863, 0.03977575475, 0.02389149081, -0.03890828651}, {0.03977575475, 0.3916819706, -0.02734654271, 0.05260452356}, {0.02389026517, -0.02734654271, -0.00413917174, 0.01653237837}, {-0.03890828651, 0.05260452356, 0.01653237837, -0.03992586701}}, {{0.04769391984, 0.02389149081, 0.05949205516, 0.02037440675}, {0.06753158829, -0.02734654271, 0.3667725287, -0.01912569414}, {-0.001906571225, -0.00413917174, -0.02170775675, -0.004542763613}, {0.04427331646, 0.01653237837, 0.06165318405, 0.01048538038}}, {{-0.01909928239, -0.03890828651, 0.02037440675, 0.01483367042}, {0.01084283827, 0.05260452356, -0.01912569414, 0.3610785228}, {0.004985366175, 0.01653237837, -0.004542763613, -0.02669258061}, {-0.007136002239, -0.03992586701, 0.01048538038, 0.02639727044}}}, {{{0.06098933517, 0.04769391984, 0.02260649766, 0.02146176028}, {-0.03436085183, 0.02389026517, -0.001906571225, 0.004985366175}, {0.3779695688, 0.05949205516, 0.03609265716, 0.01563787413}, {-0.01981213775, 0.02037466052, -0.009569470285, -0.006351482693}}, {{0.04769391984, 0.06753158829, -0.001906571225, 0.04427331646}, {0.02389026517, -0.02734654271, -0.00413917174, 0.01653237837}, {0.05949205516, 0.3667725287, -0.02170775675, 0.06165318405}, {0.02037466052, -0.01912569414, -0.004542763613, 0.01048538038}}, {{0.02260649766, -0.001906571225, 0.03607691782, -0.009569470285}, {-0.001906571225, -0.00413917174, -0.02170775675, -0.004542763613}, {0.03609265716, -0.02170775675, 0.3271505501, -0.007371286467}, {-0.009569470285, -0.004542763613, -0.007371286467, 0.007174325754}}, {{0.02146176028, 0.04427331646, -0.009569470285, 0.04715367305}, {0.004985366175, 0.01653237837, -0.004542763613, -0.02669258061}, {0.01563787413, 0.06165318405, -0.007371286467, 0.3370316114}, {-0.006351384506, 0.01048538038, 0.007174325754, -0.01264495921}}}, {{{0.02527471296, -0.01910077023, 0.02146176028, 0.002727953035}, {0.09690947995, -0.03890828651, 0.04427331646, -0.007136002239}, {-0.01981213775, 0.02037466052, -0.009569470285, -0.006351482693}, {0.3874989977, 0.01483367042, 0.04715367305, 0.01070841286}}, {{-0.01910077023, 0.01082763967, 0.004985366175, -0.007136002239}, {-0.03890828651, 0.05260452356, 0.01653237837, -0.03992586701}, {0.02037466052, -0.01912569414, -0.004542763613, 0.01048538038}, {0.01483367042, 0.3610785228, -0.02669293122, 0.02639727044}}, {{0.02146176028, 0.004985366175, 0.01563787413, -0.006323052011}, {0.04427331646, 0.01653237837, 0.06165318405, 0.01048538038}, {-0.009569470285, -0.004542763613, -0.007371286467, 0.007174325754}, {0.04715367305, -0.02669293122, 0.3370316114, -0.01264495921}}, {{0.002727953035, -0.007136002239, -0.006323052011, 0.01070841286}, {-0.007136002239, -0.03992586701, 0.01048538038, 0.02639727044}, {-0.006351384506, 0.01048538038, 0.007174325754, -0.01264495921}, {0.01070841286, 0.02639727044, -0.01264495921, 0.3316756103}}}}
0.45519     0.100215    0.0611479   0.0252747     0.100215    0.434605    -0.0343609  0.0969095     0.0611479   -0.0343609  0.377991    -0.0198121    0.0252747   0.0969095   -0.0198121  0.387499
0.100215    -0.0212128  0.0476939   -0.0190993    -0.0212128  0.0397758   0.0238915   -0.0389083    0.0476939   0.0238915   0.0594921   0.0203744     -0.0190993  -0.0389083  0.0203744   0.0148337
0.0609893   0.0476939   0.0226065   0.0214618     0.0476939   0.0675316   -0.00190657 0.0442733     0.0226065   -0.00190657 0.0360769   -0.00956947   0.0214618   0.0442733   -0.00956947 0.0471537
0.0252747   -0.0191008  0.0214618   0.00272795    -0.0191008  0.0108276   0.00498537  -0.007136     0.0214618   0.00498537  0.0156379   -0.00632314   0.00272795  -0.007136   -0.00632314 0.0107084

0.100215    -0.0212128  0.0476939   -0.0190993    -0.0212128  0.0397758   0.0238915   -0.0389083    0.0476939   0.0238915   0.0594921   0.0203744     -0.0190993  -0.0389083  0.0203744   0.0148337
0.434605    0.0397758   0.0675316   0.0108314     0.0397758   0.391682    -0.0273465  0.0526045     0.0675316   -0.0273465  0.366773    -0.0191257    0.0108428   0.0526045   -0.0191257  0.361079
-0.0343609  0.0238903   -0.00190657 0.00498537    0.0238903   -0.0273465  -0.00413917 0.0165324     -0.00190657 -0.00413917 -0.0217078  -0.00454276   0.00498537  0.0165324   -0.00454276 -0.0266926
0.0969095   -0.0389083  0.0442733   -0.007136     -0.0389083  0.0526045   0.0165324   -0.0399259    0.0442733   0.0165324   0.0616532   0.0104854     -0.007136   -0.0399259  0.0104854   0.0263973

0.0609893   0.0476939   0.0226065   0.0214618     0.0476939   0.0675316   -0.00190657 0.0442733     0.0226065   -0.00190657 0.0360769   -0.00956947   0.0214618   0.0442733   -0.00956947 0.0471537
-0.0343609  0.0238903   -0.00190657 0.00498537    0.0238903   -0.0273465  -0.00413917 0.0165324     -0.00190657 -0.00413917 -0.0217078  -0.00454276   0.00498537  0.0165324   -0.00454276 -0.0266926
0.37797     0.0594921   0.0360927   0.0156379     0.0594921   0.366773    -0.0217078  0.0616532     0.0360927   -0.0217078  0.327151    -0.00737129   0.0156379   0.0616532   -0.00737129 0.337032
-0.0198121  0.0203747   -0.00956947 -0.00635148   0.0203747   -0.0191257  -0.00454276 0.0104854     -0.00956947 -0.00454276 -0.00737129 0.00717433    -0.00635138 0.0104854   0.00717433  -0.012645

0.0252747   -0.0191008  0.0214618   0.00272795    -0.0191008  0.0108276   0.00498537  -0.007136     0.0214618   0.00498537  0.0156379   -0.00632305   0.00272795  -0.007136   -0.00632305 0.0107084
0.0969095   -0.0389083  0.0442733   -0.007136     -0.0389083  0.0526045   0.0165324   -0.0399259    0.0442733   0.0165324   0.0616532   0.0104854     -0.007136   -0.0399259  0.0104854   0.0263973
-0.0198121  0.0203747   -0.00956947 -0.00635148   0.0203747   -0.0191257  -0.00454276 0.0104854     -0.00956947 -0.00454276 -0.00737129 0.00717433    -0.00635138 0.0104854   0.00717433  -0.012645
0.387499    0.0148337   0.0471537   0.0107084     0.0148337   0.361079    -0.0266929  0.0263973     0.0471537   -0.0266929  0.337032    -0.012645     0.0107084   0.0263973   -0.012645   0.331676


    Hamiltonian Matrix BC:    < psi_{i1,B} <psi_{i2,C} | V_e-e | psi_{i3,B} <psi_{i4,C} >

HijkBC: {{{{0.4551895031, -0.1002146662, 0.06114793691, 0.02527471296}, {-0.1002146662, -0.02121284863, -0.04769391984, 0.01909928239}, {0.06098933517, -0.04769391984, 0.02260649766, 0.02146176028}, {0.02527471296, 0.01910077023, 0.02146176028, 0.002727953035}}, {{-0.1002146662, 0.4346046211, 0.03436085183, -0.09690947995}, {-0.02121284863, -0.03977575475, 0.02389149081, -0.03890828651}, {-0.04769391984, 0.06753158829, 0.001906571225, -0.04427331646}, {0.01910077023, 0.01083140542, -0.004985366175, 0.007136002239}}, {{0.06114793691, 0.03436085183, 0.3779907703, -0.01981213775}, {-0.04769391984, 0.02389149081, -0.05949205516, -0.02037466052}, {0.02260649766, 0.001906571225, 0.03607691782, -0.009569470285}, {0.02146176028, -0.004985366175, 0.01563787413, -0.006323179165}}, {{0.02527471296, -0.09690947995, -0.01981213775, 0.3874989977}, {0.01909928239, -0.03890828651, -0.02037466052, -0.01483367042}, {0.02146176028, -0.04427331646, -0.009569470285, 0.04715367305}, {0.002727953035, 0.007136002239, -0.006323179165, 0.01070841286}}}, {{{-0.1002146662, -0.02121284863, -0.04769391984, 0.01909928239}, {0.4346046211, -0.03977575475, 0.06753158829, 0.01084281599}, {0.03436085183, 0.02389026517, 0.001906571225, -0.004985366175}, {-0.09690947995, -0.03890828651, -0.04427331646, 0.007136002239}}, {{-0.02121284863, -0.03977575475, 0.02389149081, -0.03890828651}, {-0.03977575475, 0.3916819706, 0.02734654271, -0.05260452356}, {0.02389026517, 0.02734654271, -0.00413917174, 0.01653237837}, {-0.03890828651, -0.05260452356, 0.01653237837, -0.03992586701}}, {{-0.04769391984, 0.02389149081, -0.05949205516, -0.02037466052}, {0.06753158829, 0.02734654271, 0.3667725287, -0.01912569414}, {0.001906571225, -0.00413917174, 0.02170775675, 0.004542763613}, {-0.04427331646, 0.01653237837, -0.06165318405, -0.01048538038}}, {{0.01909928239, -0.03890828651, -0.02037466052, -0.01483367042}, {0.01084281599, -0.05260452356, -0.01912569414, 0.3610785228}, {-0.004985366175, 0.01653237837, 0.004542763613, 0.02669258061}, {0.007136002239, -0.03992586701, -0.01048538038, -0.02639727044}}}, {{{0.06098933517, -0.04769391984, 0.02260649766, 0.02146176028}, {0.03436085183, 0.02389026517, 0.001906571225, -0.004985366175}, {0.3779695688, -0.05949205516, 0.03609265716, 0.01563787413}, {-0.01981213775, -0.02037466052, -0.009569470285, -0.006351357742}}, {{-0.04769391984, 0.06753158829, 0.001906571225, -0.04427331646}, {0.02389026517, 0.02734654271, -0.00413917174, 0.01653237837}, {-0.05949205516, 0.3667725287, 0.02170775675, -0.06165318405}, {-0.02037466052, -0.01912569414, 0.004542763613, -0.01048538038}}, {{0.02260649766, 0.001906571225, 0.03607691782, -0.009569470285}, {0.001906571225, -0.00413917174, 0.02170775675, 0.004542763613}, {0.03609265716, 0.02170775675, 0.3271505501, -0.007371286467}, {-0.009569470285, 0.004542763613, -0.007371286467, 0.007174325754}}, {{0.02146176028, -0.04427331646, -0.009569470285, 0.04715367305}, {-0.004985366175, 0.01653237837, 0.004542763613, 0.02669258061}, {0.01563787413, -0.06165318405, -0.007371286467, 0.3370316114}, {-0.006351342485, -0.01048538038, 0.007174325754, -0.01264495921}}}, {{{0.02527471296, 0.01910077023, 0.02146176028, 0.002727953035}, {-0.09690947995, -0.03890828651, -0.04427331646, 0.007136002239}, {-0.01981213775, -0.02037466052, -0.009569470285, -0.006351357742}, {0.3874989977, -0.01483367042, 0.04715367305, 0.01070841286}}, {{0.01910077023, 0.01083201297, -0.004985366175, 0.007136002239}, {-0.03890828651, -0.05260452356, 0.01653237837, -0.03992586701}, {-0.02037466052, -0.01912569414, 0.004542763613, -0.01048538038}, {-0.01483367042, 0.3610785228, 0.02669293122, -0.02639727044}}, {{0.02146176028, -0.004985366175, 0.01563787413, -0.00632322063}, {-0.04427331646, 0.01653237837, -0.06165318405, -0.01048538038}, {-0.009569470285, 0.004542763613, -0.007371286467, 0.007174325754}, {0.04715367305, 0.02669293122, 0.3370316114, -0.01264495921}}, {{0.002727953035, 0.007136002239, -0.00632322063, 0.01070841286}, {0.007136002239, -0.03992586701, -0.01048538038, -0.02639727044}, {-0.006351342485, -0.01048538038, 0.007174325754, -0.01264495921}, {0.01070841286, -0.02639727044, -0.01264495921, 0.3316756103}}}}
0.45519     -0.100215   0.0611479   0.0252747     -0.100215   0.434605    0.0343609   -0.0969095    0.0611479   0.0343609   0.377991    -0.0198121    0.0252747   -0.0969095  -0.0198121  0.387499
-0.100215   -0.0212128  -0.0476939  0.0190993     -0.0212128  -0.0397758  0.0238915   -0.0389083    -0.0476939  0.0238915   -0.0594921  -0.0203747    0.0190993   -0.0389083  -0.0203747  -0.0148337
0.0609893   -0.0476939  0.0226065   0.0214618     -0.0476939  0.0675316   0.00190657  -0.0442733    0.0226065   0.00190657  0.0360769   -0.00956947   0.0214618   -0.0442733  -0.00956947 0.0471537
0.0252747   0.0191008   0.0214618   0.00272795    0.0191008   0.0108314   -0.00498537 0.007136      0.0214618   -0.00498537 0.0156379   -0.00632318   0.00272795  0.007136    -0.00632318 0.0107084

-0.100215   -0.0212128  -0.0476939  0.0190993     -0.0212128  -0.0397758  0.0238915   -0.0389083    -0.0476939  0.0238915   -0.0594921  -0.0203747    0.0190993   -0.0389083  -0.0203747  -0.0148337
0.434605    -0.0397758  0.0675316   0.0108428     -0.0397758  0.391682    0.0273465   -0.0526045    0.0675316   0.0273465   0.366773    -0.0191257    0.0108428   -0.0526045  -0.0191257  0.361079
0.0343609   0.0238903   0.00190657  -0.00498537   0.0238903   0.0273465   -0.00413917 0.0165324     0.00190657  -0.00413917 0.0217078   0.00454276    -0.00498537 0.0165324   0.00454276  0.0266926
-0.0969095  -0.0389083  -0.0442733  0.007136      -0.0389083  -0.0526045  0.0165324   -0.0399259    -0.0442733  0.0165324   -0.0616532  -0.0104854    0.007136    -0.0399259  -0.0104854  -0.0263973

0.0609893   -0.0476939  0.0226065   0.0214618     -0.0476939  0.0675316   0.00190657  -0.0442733    0.0226065   0.00190657  0.0360769   -0.00956947   0.0214618   -0.0442733  -0.00956947 0.0471537
0.0343609   0.0238903   0.00190657  -0.00498537   0.0238903   0.0273465   -0.00413917 0.0165324     0.00190657  -0.00413917 0.0217078   0.00454276    -0.00498537 0.0165324   0.00454276  0.0266926
0.37797     -0.0594921  0.0360927   0.0156379     -0.0594921  0.366773    0.0217078   -0.0616532    0.0360927   0.0217078   0.327151    -0.00737129   0.0156379   -0.0616532  -0.00737129 0.337032
-0.0198121  -0.0203747  -0.00956947 -0.00635136   -0.0203747  -0.0191257  0.00454276  -0.0104854    -0.00956947 0.00454276  -0.00737129 0.00717433    -0.00635134 -0.0104854  0.00717433  -0.012645

0.0252747   0.0191008   0.0214618   0.00272795    0.0191008   0.010832    -0.00498537 0.007136      0.0214618   -0.00498537 0.0156379   -0.00632322   0.00272795  0.007136    -0.00632322 0.0107084
-0.0969095  -0.0389083  -0.0442733  0.007136      -0.0389083  -0.0526045  0.0165324   -0.0399259    -0.0442733  0.0165324   -0.0616532  -0.0104854    0.007136    -0.0399259  -0.0104854  -0.0263973
-0.0198121  -0.0203747  -0.00956947 -0.00635136   -0.0203747  -0.0191257  0.00454276  -0.0104854    -0.00956947 0.00454276  -0.00737129 0.00717433    -0.00635134 -0.0104854  0.00717433  -0.012645
0.387499    -0.0148337  0.0471537   0.0107084     -0.0148337  0.361079    0.0266929   -0.0263973    0.0471537   0.0266929   0.337032    -0.012645     0.0107084   -0.0263973  -0.012645   0.331676


    Hamiltonian Matrix CA:    < psi_{i1,C} <psi_{i2,A} | V_e-e | psi_{i3,C} <psi_{i4,A} >

HijkCA: {{{{0.3038536059, -0.08172331864, 0.009857902568, 0.03172035743}, {0.08172331864, -0.02832457014, 0.01562929315, 0.008584581682}, {0.009853980249, -0.01562929315, -0.00376425049, 0.01406744759}, {0.03172035743, -0.008584581682, 0.01406744759, 0.002033673306}}, {{-0.08172331864, 0.3321268726, 0.05141522169, -0.1033987982}, {-0.02832457014, 0.07937153931, 0.003909878275, -0.02347144618}, {-0.01562929315, 0.02929681092, 0.01213901678, -0.03073110512}, {-0.008584581682, 0.0225938547, -0.005781802521, -0.003845821387}}, {{0.009857902568, 0.05141522169, 0.283715423, -0.03766449107}, {0.01562929315, 0.003909878275, 0.05722280237, -0.001469364526}, {-0.00376425049, 0.01213901678, 0.01185812714, -0.01666642356}, {0.01406744759, -0.005781802521, 0.01500636449, 0.00257213681}}, {{0.03172035743, -0.1033987982, -0.03766449107, 0.3260146563}, {0.008584581682, -0.02347144618, -0.001469364526, 0.06058869314}, {0.01406744759, -0.03073110512, -0.01666642356, 0.03798688725}, {0.002033673306, -0.003845821387, 0.00257213681, 0.01288238029}}}, {{{0.08172331864, -0.02832457014, 0.01562929315, 0.008584581682}, {0.3321268726, -0.07937153931, 0.02929681092, 0.0225937112}, {-0.05141522169, 0.003915262976, -0.01213901678, 0.005781802521}, {0.1033987982, -0.02347093875, 0.03073121806, 0.003845821387}}, {{-0.02832457014, 0.07937153931, 0.003909878275, -0.02347144618}, {-0.07937153931, 0.3346736195, 0.03503563858, -0.08265248707}, {0.003915262976, -0.03503563858, 0.001885875734, -0.004613372975}, {-0.02347144618, 0.08265248707, -0.004613372975, -0.01397782633}}, {{0.01562929315, 0.003909878275, 0.05722280237, -0.001469364526}, {0.02929681092, 0.03503563858, 0.291346606, -0.02108633349}, {-0.01213901678, 0.001885875734, -0.03814368797, -0.005328263853}, {0.03073121806, -0.004613372975, 0.06832135477, 0.002820534115}}, {{0.008584581682, -0.02347144618, -0.001469364526, 0.06058869314}, {0.02259372342, -0.08265248707, -0.02108633349, 0.3100411978}, {0.005781802521, -0.004613372975, -0.005328263853, -0.02571812165}, {0.003845821387, -0.01397782633, 0.002820534115, 0.0598181509}}}, {{{0.009853980249, -0.01562929315, -0.00376425049, 0.01406744759}, {-0.05141522169, 0.003915262976, -0.01213892545, 0.005781802521}, {0.2837145304, -0.05722280237, 0.01189302175, 0.01500636449}, {-0.03766449107, 0.001469364526, -0.01666642356, 0.002572562222}}, {{-0.01562929315, 0.02929681092, 0.01213901678, -0.03073110512}, {0.003915262976, -0.03503563858, 0.001885875734, -0.004613372975}, {-0.05722280237, 0.291346606, 0.03814368797, -0.06832135477}, {0.001469364526, -0.02108633349, 0.005328263853, -0.002820534115}}, {{-0.00376425049, 0.01213901678, 0.01185812714, -0.01666642356}, {-0.01213892545, 0.001885875734, -0.03814368797, -0.005328263853}, {0.01189302175, 0.03814368797, 0.2652792583, -0.0210608564}, {-0.01666642356, 0.005328263853, -0.0210608564, -0.001903580293}}, {{0.01406744759, -0.03073110512, -0.01666642356, 0.03798688725}, {0.005781802521, -0.004613372975, -0.005328263853, -0.02571812165}, {0.01500636449, -0.06832135477, -0.0210608564, 0.2860781933}, {0.002572084695, -0.002820534115, -0.001903580293, -0.01366371601}}}, {{{0.03172035743, -0.008584581682, 0.01406744759, 0.002033673306}, {0.1033987982, -0.02347093875, 0.03073121806, 0.003845821387}, {-0.03766449107, 0.001469364526, -0.01666642356, 0.002572562222}, {0.3260146563, -0.06058869314, 0.03798688725, 0.01288238029}}, {{-0.008584581682, 0.02259380327, -0.005781802521, -0.003845821387}, {-0.02347144618, 0.08265248707, -0.004613372975, -0.01397782633}, {0.001469364526, -0.02108633349, 0.005328263853, -0.002820534115}, {-0.06058869314, 0.3100411978, 0.02571812165, -0.0598181509}}, {{0.01406744759, -0.005781802521, 0.01500636449, 0.002573757339}, {0.03073121806, -0.004613372975, 0.06832135477, 0.002820534115}, {-0.01666642356, 0.005328263853, -0.0210608564, -0.001903580293}, {0.03798688725, 0.02571812165, 0.2860781933, -0.01366371601}}, {{0.002033673306, -0.003845821387, 0.002573757339, 0.01288238029}, {0.003845821387, -0.01397782633, 0.002820534115, 0.0598181509}, {0.002572084695, -0.002820534115, -0.001903580293, -0.01366371601}, {0.01288238029, -0.0598181509, -0.01366371601, 0.2851849524}}}}
0.303854    -0.0817233  0.0098579   0.0317204     -0.0817233  0.332127    0.0514152   -0.103399     0.0098579   0.0514152   0.283715    -0.0376645    0.0317204   -0.103399   -0.0376645  0.326015
0.0817233   -0.0283246  0.0156293   0.00858458    -0.0283246  0.0793715   0.00390988  -0.0234714    0.0156293   0.00390988  0.0572228   -0.00146936   0.00858458  -0.0234714  -0.00146936 0.0605887
0.00985398  -0.0156293  -0.00376425 0.0140674     -0.0156293  0.0292968   0.012139    -0.0307311    -0.00376425 0.012139    0.0118581   -0.0166664    0.0140674   -0.0307311  -0.0166664  0.0379869
0.0317204   -0.00858458 0.0140674   0.00203367    -0.00858458 0.0225939   -0.0057818  -0.00384582   0.0140674   -0.0057818  0.0150064   0.00257214    0.00203367  -0.00384582 0.00257214  0.0128824

0.0817233   -0.0283246  0.0156293   0.00858458    -0.0283246  0.0793715   0.00390988  -0.0234714    0.0156293   0.00390988  0.0572228   -0.00146936   0.00858458  -0.0234714  -0.00146936 0.0605887
0.332127    -0.0793715  0.0292968   0.0225937     -0.0793715  0.334674    0.0350356   -0.0826525    0.0292968   0.0350356   0.291347    -0.0210863    0.0225937   -0.0826525  -0.0210863  0.310041
-0.0514152  0.00391526  -0.012139   0.0057818     0.00391526  -0.0350356  0.00188588  -0.00461337   -0.012139   0.00188588  -0.0381437  -0.00532826   0.0057818   -0.00461337 -0.00532826 -0.0257181
0.103399    -0.0234709  0.0307312   0.00384582    -0.0234714  0.0826525   -0.00461337 -0.0139778    0.0307312   -0.00461337 0.0683214   0.00282053    0.00384582  -0.0139778  0.00282053  0.0598182

0.00985398  -0.0156293  -0.00376425 0.0140674     -0.0156293  0.0292968   0.012139    -0.0307311    -0.00376425 0.012139    0.0118581   -0.0166664    0.0140674   -0.0307311  -0.0166664  0.0379869
-0.0514152  0.00391526  -0.0121389  0.0057818     0.00391526  -0.0350356  0.00188588  -0.00461337   -0.0121389  0.00188588  -0.0381437  -0.00532826   0.0057818   -0.00461337 -0.00532826 -0.0257181
0.283715    -0.0572228  0.011893    0.0150064     -0.0572228  0.291347    0.0381437   -0.0683214    0.011893    0.0381437   0.265279    -0.0210609    0.0150064   -0.0683214  -0.0210609  0.286078
-0.0376645  0.00146936  -0.0166664  0.00257256    0.00146936  -0.0210863  0.00532826  -0.00282053   -0.0166664  0.00532826  -0.0210609  -0.00190358   0.00257208  -0.00282053 -0.00190358 -0.0136637

0.0317204   -0.00858458 0.0140674   0.00203367    -0.00858458 0.0225938   -0.0057818  -0.00384582   0.0140674   -0.0057818  0.0150064   0.00257376    0.00203367  -0.00384582 0.00257376  0.0128824
0.103399    -0.0234709  0.0307312   0.00384582    -0.0234714  0.0826525   -0.00461337 -0.0139778    0.0307312   -0.00461337 0.0683214   0.00282053    0.00384582  -0.0139778  0.00282053  0.0598182
-0.0376645  0.00146936  -0.0166664  0.00257256    0.00146936  -0.0210863  0.00532826  -0.00282053   -0.0166664  0.00532826  -0.0210609  -0.00190358   0.00257208  -0.00282053 -0.00190358 -0.0136637
0.326015    -0.0605887  0.0379869   0.0128824     -0.0605887  0.310041    0.0257181   -0.0598182    0.0379869   0.0257181   0.286078    -0.0136637    0.0128824   -0.0598182  -0.0136637  0.285185


    Hamiltonian Matrix CB:    < psi_{i1,C} <psi_{i2,B} | V_e-e | psi_{i3,C} <psi_{i4,B} >

HijkCB: {{{{0.4551895031, -0.1002146662, 0.06114793691, 0.02527471296}, {-0.1002146662, -0.02121284863, -0.04769391984, 0.01909928239}, {0.06098933517, -0.04769391984, 0.02260649766, 0.02146176028}, {0.02527471296, 0.01910077023, 0.02146176028, 0.002727953035}}, {{-0.1002146662, 0.4346046211, 0.03436085183, -0.09690947995}, {-0.02121284863, -0.03977575475, 0.02389149081, -0.03890828651}, {-0.04769391984, 0.06753158829, 0.001906571225, -0.04427331646}, {0.01910077023, 0.01083140542, -0.004985366175, 0.007136002239}}, {{0.06114793691, 0.03436085183, 0.3779907703, -0.01981213775}, {-0.04769391984, 0.02389149081, -0.05949205516, -0.02037466052}, {0.02260649766, 0.001906571225, 0.03607691782, -0.009569470285}, {0.02146176028, -0.004985366175, 0.01563787413, -0.006323179165}}, {{0.02527471296, -0.09690947995, -0.01981213775, 0.3874989977}, {0.01909928239, -0.03890828651, -0.02037466052, -0.01483367042}, {0.02146176028, -0.04427331646, -0.009569470285, 0.04715367305}, {0.002727953035, 0.007136002239, -0.006323179165, 0.01070841286}}}, {{{-0.1002146662, -0.02121284863, -0.04769391984, 0.01909928239}, {0.4346046211, -0.03977575475, 0.06753158829, 0.01084281599}, {0.03436085183, 0.02389026517, 0.001906571225, -0.004985366175}, {-0.09690947995, -0.03890828651, -0.04427331646, 0.007136002239}}, {{-0.02121284863, -0.03977575475, 0.02389149081, -0.03890828651}, {-0.03977575475, 0.3916819706, 0.02734654271, -0.05260452356}, {0.02389026517, 0.02734654271, -0.00413917174, 0.01653237837}, {-0.03890828651, -0.05260452356, 0.01653237837, -0.03992586701}}, {{-0.04769391984, 0.02389149081, -0.05949205516, -0.02037466052}, {0.06753158829, 0.02734654271, 0.3667725287, -0.01912569414}, {0.001906571225, -0.00413917174, 0.02170775675, 0.004542763613}, {-0.04427331646, 0.01653237837, -0.06165318405, -0.01048538038}}, {{0.01909928239, -0.03890828651, -0.02037466052, -0.01483367042}, {0.01084281599, -0.05260452356, -0.01912569414, 0.3610785228}, {-0.004985366175, 0.01653237837, 0.004542763613, 0.02669258061}, {0.007136002239, -0.03992586701, -0.01048538038, -0.02639727044}}}, {{{0.06098933517, -0.04769391984, 0.02260649766, 0.02146176028}, {0.03436085183, 0.02389026517, 0.001906571225, -0.004985366175}, {0.3779695688, -0.05949205516, 0.03609265716, 0.01563787413}, {-0.01981213775, -0.02037466052, -0.009569470285, -0.006351357742}}, {{-0.04769391984, 0.06753158829, 0.001906571225, -0.04427331646}, {0.02389026517, 0.02734654271, -0.00413917174, 0.01653237837}, {-0.05949205516, 0.3667725287, 0.02170775675, -0.06165318405}, {-0.02037466052, -0.01912569414, 0.004542763613, -0.01048538038}}, {{0.02260649766, 0.001906571225, 0.03607691782, -0.009569470285}, {0.001906571225, -0.00413917174, 0.02170775675, 0.004542763613}, {0.03609265716, 0.02170775675, 0.3271505501, -0.007371286467}, {-0.009569470285, 0.004542763613, -0.007371286467, 0.007174325754}}, {{0.02146176028, -0.04427331646, -0.009569470285, 0.04715367305}, {-0.004985366175, 0.01653237837, 0.004542763613, 0.02669258061}, {0.01563787413, -0.06165318405, -0.007371286467, 0.3370316114}, {-0.006351342485, -0.01048538038, 0.007174325754, -0.01264495921}}}, {{{0.02527471296, 0.01910077023, 0.02146176028, 0.002727953035}, {-0.09690947995, -0.03890828651, -0.04427331646, 0.007136002239}, {-0.01981213775, -0.02037466052, -0.009569470285, -0.006351357742}, {0.3874989977, -0.01483367042, 0.04715367305, 0.01070841286}}, {{0.01910077023, 0.01083201297, -0.004985366175, 0.007136002239}, {-0.03890828651, -0.05260452356, 0.01653237837, -0.03992586701}, {-0.02037466052, -0.01912569414, 0.004542763613, -0.01048538038}, {-0.01483367042, 0.3610785228, 0.02669293122, -0.02639727044}}, {{0.02146176028, -0.004985366175, 0.01563787413, -0.00632322063}, {-0.04427331646, 0.01653237837, -0.06165318405, -0.01048538038}, {-0.009569470285, 0.004542763613, -0.007371286467, 0.007174325754}, {0.04715367305, 0.02669293122, 0.3370316114, -0.01264495921}}, {{0.002727953035, 0.007136002239, -0.00632322063, 0.01070841286}, {0.007136002239, -0.03992586701, -0.01048538038, -0.02639727044}, {-0.006351342485, -0.01048538038, 0.007174325754, -0.01264495921}, {0.01070841286, -0.02639727044, -0.01264495921, 0.3316756103}}}}
0.45519     -0.100215   0.0611479   0.0252747     -0.100215   0.434605    0.0343609   -0.0969095    0.0611479   0.0343609   0.377991    -0.0198121    0.0252747   -0.0969095  -0.0198121  0.387499
-0.100215   -0.0212128  -0.0476939  0.0190993     -0.0212128  -0.0397758  0.0238915   -0.0389083    -0.0476939  0.0238915   -0.0594921  -0.0203747    0.0190993   -0.0389083  -0.0203747  -0.0148337
0.0609893   -0.0476939  0.0226065   0.0214618     -0.0476939  0.0675316   0.00190657  -0.0442733    0.0226065   0.00190657  0.0360769   -0.00956947   0.0214618   -0.0442733  -0.00956947 0.0471537
0.0252747   0.0191008   0.0214618   0.00272795    0.0191008   0.0108314   -0.00498537 0.007136      0.0214618   -0.00498537 0.0156379   -0.00632318   0.00272795  0.007136    -0.00632318 0.0107084

-0.100215   -0.0212128  -0.0476939  0.0190993     -0.0212128  -0.0397758  0.0238915   -0.0389083    -0.0476939  0.0238915   -0.0594921  -0.0203747    0.0190993   -0.0389083  -0.0203747  -0.0148337
0.434605    -0.0397758  0.0675316   0.0108428     -0.0397758  0.391682    0.0273465   -0.0526045    0.0675316   0.0273465   0.366773    -0.0191257    0.0108428   -0.0526045  -0.0191257  0.361079
0.0343609   0.0238903   0.00190657  -0.00498537   0.0238903   0.0273465   -0.00413917 0.0165324     0.00190657  -0.00413917 0.0217078   0.00454276    -0.00498537 0.0165324   0.00454276  0.0266926
-0.0969095  -0.0389083  -0.0442733  0.007136      -0.0389083  -0.0526045  0.0165324   -0.0399259    -0.0442733  0.0165324   -0.0616532  -0.0104854    0.007136    -0.0399259  -0.0104854  -0.0263973

0.0609893   -0.0476939  0.0226065   0.0214618     -0.0476939  0.0675316   0.00190657  -0.0442733    0.0226065   0.00190657  0.0360769   -0.00956947   0.0214618   -0.0442733  -0.00956947 0.0471537
0.0343609   0.0238903   0.00190657  -0.00498537   0.0238903   0.0273465   -0.00413917 0.0165324     0.00190657  -0.00413917 0.0217078   0.00454276    -0.00498537 0.0165324   0.00454276  0.0266926
0.37797     -0.0594921  0.0360927   0.0156379     -0.0594921  0.366773    0.0217078   -0.0616532    0.0360927   0.0217078   0.327151    -0.00737129   0.0156379   -0.0616532  -0.00737129 0.337032
-0.0198121  -0.0203747  -0.00956947 -0.00635136   -0.0203747  -0.0191257  0.00454276  -0.0104854    -0.00956947 0.00454276  -0.00737129 0.00717433    -0.00635134 -0.0104854  0.00717433  -0.012645

0.0252747   0.0191008   0.0214618   0.00272795    0.0191008   0.010832    -0.00498537 0.007136      0.0214618   -0.00498537 0.0156379   -0.00632322   0.00272795  0.007136    -0.00632322 0.0107084
-0.0969095  -0.0389083  -0.0442733  0.007136      -0.0389083  -0.0526045  0.0165324   -0.0399259    -0.0442733  0.0165324   -0.0616532  -0.0104854    0.007136    -0.0399259  -0.0104854  -0.0263973
-0.0198121  -0.0203747  -0.00956947 -0.00635136   -0.0203747  -0.0191257  0.00454276  -0.0104854    -0.00956947 0.00454276  -0.00737129 0.00717433    -0.00635134 -0.0104854  0.00717433  -0.012645
0.387499    -0.0148337  0.0471537   0.0107084     -0.0148337  0.361079    0.0266929   -0.0263973    0.0471537   0.0266929   0.337032    -0.012645     0.0107084   -0.0263973  -0.012645   0.331676


Energy:  {2.387370314}


Coefficients: {{0.9198483082, 0.3638052069, 0.02839716306, 0.1439390931}, {0.8467731312, -0.4357240279, -0.08420603756, 0.2933073115}, {0.8467731312, -0.4357240279, -0.08420603756, 0.2933073115}, {0.9198483082, 0.3638052069, 0.02839716306, 0.1439390931}}


r2: {3.419269294, 4.351485557, 4.351485557, 3.419269294}
r2f: {3.18284615}


r3: {7.784364991, 10.96192726, 10.96192726, 7.784364991}
r3f: {6.975440461}


alpha: {5.02185384, 7.071764561, 7.071764561, 5.02185384}
alphaf: {4.5}




~~~XDM (a1=0.65, a2=3.17474)~~~

M1^2: {3.738460158, 4.281618795, 4.281618795, 3.738460158}
M1f^2: {3.18284615}

M2^2: {19.35007931, 23.60360564, 23.60360564, 19.35007931}
M2f^2: {16.88418269}

M3^2: {173.963654, 240.6050844, 240.6050844, 173.963654}
M3f^2: {125.3927637}

C6XDM: {{9.38700025, 11.85774403, 11.85774403, 9.38700025}, {11.85774403, 15.13930003, 15.13930003, 11.85774403}, {11.85774403, 15.13930003, 15.13930003, 11.85774403}, {9.38700025, 11.85774403, 11.85774403, 9.38700025}}
C6XDMf: {7.161403837}

C8XDM: {{145.7599051, 190.1162498, 190.1162498, 145.7599051}, {190.1162498, 250.3787128, 250.3787128, 190.1162498}, {190.1162498, 250.3787128, 250.3787128, 190.1162498}, {145.7599051, 190.1162498, 190.1162498, 145.7599051}}
C8XDMf: {113.9682331}

C10XDM: {{2803.464268, 3857.311632, 3857.311632, 2803.464268}, {3857.311632, 5335.399505, 5335.399505, 3857.311632}, {3857.311632, 5335.399505, 5335.399505, 3857.311632}, {2803.464268, 3857.311632, 3857.311632, 2803.464268}}
C10XDMf: {1974.936028}

EXDMC6: {-2.338771343}
EXDMC8: {-14.71758707}
EXDMC10: {-118.7574749}

EXDMBJC6: {-0.001569806881}
EXDMBJC8: {-0.000725337991}
EXDMBJC10: {-0.0004218171679}

EXDM: {-135.8138333}
EXDMBJ: {-0.00271696204}




~~~TS (dTS=20, sR=0.62)~~~

C6TS: {{8.918694214, 12.5592874, 12.5592874, 8.918694214}, {12.5592874, 17.68596347, 17.68596347, 12.5592874}, {12.5592874, 17.68596347, 17.68596347, 12.5592874}, {8.918694214, 12.5592874, 12.5592874, 8.918694214}}
C6TSf: {7.161403837}

ETS: {-2.575462349}
ETSWY: {-0.0009051373985}




~~~MBD~~~

 alpha: {4.759100591, 4.743824722, 4.743824722, 4.759100591}
  C6ii: {9.391431368, 12.05682314, 12.05682314, 9.391431368}
 omega: {0.5528671131, 0.7143554441, 0.7143554441, 0.5528671131}
lambda: {0.9086782442, 0.9086782442, 0.5682897267, 0.5334976455, 0.424312319, 0.424312319, 0.3139257908, 0.2162183276, 0.1961903068, 0.1961903068, 0.1027506205, 0.1027506205}
Energy: {-0.1787763829}

~~~MBD@rsSCS (drsSCS=6, sR=0.62)~~~

 alpha: {4.524159024, 4.526264123, 4.526264123, 4.524159024}
  C6ii: {8.496877099, 11.0003524, 11.0003524, 8.496877099}
 omega: {0.5535060207, 0.7159217372, 0.7159217372, 0.5535060207}
lambda: {0.5361022862, 0.526338077, 0.526338077, 0.5007648082, 0.5007648082, 0.4970546186, 0.3257353289, 0.314037155, 0.314037155, 0.2966856574, 0.2966856574, 0.2789334638}
Energy: {-0.00202308889}




~~~MBDFree1~~~

 alpha: {4.820282555, 3.57647079, 3.57647079, 4.820282555}
  C6ii: {9.07149069, 6.594120092, 6.594120092, 9.07149069}
 omega: {0.5205619288, 0.6873631157, 0.6873631157, 0.5205619288}
lambda: {0.7993160534, 0.7993160534, 0.554940396, 0.4635684874, 0.3907189688, 0.3907189688, 0.289072495, 0.18311481, 0.18311481, 0.1793241705, 0.1137557168, 0.1137557168}
Energy: {-0.1459974504}

~~~MBDFree1@rsSCS (drsSCS=6, sR=0.62)~~~

 alpha: {4.552379055, 3.352421076, 3.352421076, 4.552379055}
  C6ii: {8.152446096, 5.871114026, 5.871114026, 8.152446096}
 omega: {0.5245052499, 0.6965336898, 0.6965336898, 0.5245052499}
lambda: {0.501675628, 0.4946905028, 0.4946905028, 0.4769009894, 0.4769009894, 0.4736133472, 0.2926044331, 0.2825819969, 0.2825819969, 0.2663563874, 0.2663563874, 0.2526364681}
Energy: {-0.001489999117}




~~~MBDFree2~~~

 alpha: {4.820282555, 3.57647079, 3.57647079, 4.820282555}
  C6ii: {10.62822029, 16.25545734, 16.25545734, 10.62822029}
 omega: {0.6098939017, 1.694449244, 1.694449244, 0.6098939017}
lambda: {4.359789139, 4.359789139, 3.343071726, 2.461165602, 1.617163179, 1.617163179, 0.40027261, 0.2817476853, 0.2800431653, 0.2800431653, 0.229262139, 0.229262139}
Energy: {-0.2649933863}

~~~MBDFree2@rsSCS (drsSCS=6, sR=0.62)~~~

 alpha: {4.552379055, 3.352421076, 3.352421076, 4.552379055}
  C6ii: {9.552473344, 14.96186636, 14.96186636, 9.552473344}
 omega: {0.6145790306, 1.77503689, 1.77503689, 0.6145790306}
lambda: {3.258018023, 3.205237022, 3.205237022, 3.097124954, 3.097124954, 3.047048308, 0.401732282, 0.3888698044, 0.3888698044, 0.3656949151, 0.3656949151, 0.3501280815}
Energy: {-0.002285008218}




~~~MBD@XDM1~~~

 alpha: {5.034944572, 4.43719897, 4.43719897, 5.034944572}
  C6ii: {10.3346042, 10.71099303, 10.71099303, 10.3346042}
 omega: {0.5435546275, 0.7253550956, 0.7253550956, 0.5435546275}
lambda: {0.9202933863, 0.9202933863, 0.5937090484, 0.5341569099, 0.4239670026, 0.4239670026, 0.3070490849, 0.2082682525, 0.1917607073, 0.1917607073, 0.1071621996, 0.1071621996}
Energy: {-0.1750862497}

~~~MBD@XDM1@rsSCS (drsSCS=6, sR=0.62)~~~

 alpha: {4.778201624, 4.214230141, 4.214230141, 4.778201624}
  C6ii: {9.325745244, 9.70017503, 9.70017503, 9.325745244}
 omega: {0.544619693, 0.7282522071, 0.7282522071, 0.544619693}
lambda: {0.5530476094, 0.5434610234, 0.5434610234, 0.5190031552, 0.5190031552, 0.5146742772, 0.3164130187, 0.3047502343, 0.3047502343, 0.2867093616, 0.2867093616, 0.2697888691}
Energy: {-0.002005617765}




~~~MBD@XDM2~~~

 alpha: {4.759100591, 4.743824722, 4.743824722, 4.759100591}
  C6ii: {10.2921676, 10.19248389, 10.19248389, 10.2921676}
 omega: {0.6058928365, 0.6038950953, 0.6038950953, 0.6058928365}
lambda: {0.7370537587, 0.7370537587, 0.4564275688, 0.4532335002, 0.4323900389, 0.4323900389, 0.3354820919, 0.2184476701, 0.207602663, 0.207602663, 0.08654437033, 0.08654437033}
Energy: {-0.1657569128}

~~~MBD@XDM2@rsSCS (drsSCS=6, sR=0.62)~~~

 alpha: {4.524159024, 4.526264123, 4.526264123, 4.524159024}
  C6ii: {9.302077297, 9.217721847, 9.217721847, 9.302077297}
 omega: {0.6059586045, 0.5999050938, 0.5999050938, 0.6059586045}
lambda: {0.3930918311, 0.3930918311, 0.3903975734, 0.3814278468, 0.376426882, 0.355581127, 0.355581127, 0.3538563725, 0.3538563725, 0.3516145732, 0.3516145732, 0.3058916017}
Energy: {-0.001971480334}




    ENERGY MATRIX: {Non-Interacting, Electron-Nuclear, Electron-Electron, Nuclear-Nuclear, Total Energy}
Oscillator 1 Energy: {0.7900082514, -1.407051027, 0.6278216893, 0.5729163086, 0.5836952225}
Oscillator 2 Energy: {0.8846407508, -1.423019466, 0.7433192351, 0.7812495117, 0.9861900317}
Oscillator 3 Energy: {0.8846407508, -2.007264156, 0.5882833918, 0.7812495117, 0.246909498}
Oscillator 4 Energy: {0.7900082514, -1.407051027, 0.4727857584, 0.5729163086, 0.4286592915}
Energy Totals: {3.349298004, -6.244385676, 2.432210075, 2.708331641, 2.245454044}


    COEFFICIENT MATRIX: {c1, c2, c5, c6, c11, c14}
Oscillator 1 Cs: {0.9198483082, 0.3638052069, 0.02839716306, 0.1439390931}
Oscillator 2 Cs: {0.8467731312, -0.4357240279, -0.08420603756, 0.2933073115}
Oscillator 3 Cs: {0.8467731312, -0.4357240279, -0.08420603756, 0.2933073115}
Oscillator 4 Cs: {0.9198483082, 0.3638052069, 0.02839716306, 0.1439390931}


    GENERAL RESULTS: {R, E, r2, r2f, r3, r3f, alpha, alphaf}
Oscillator 1 General Results: {1.600001, 2.387370314, 3.419269294, 3.18284615, 7.784364991, 6.975440461, 5.02185384, 4.5}
Oscillator 2 General Results: {1.600001, 2.387370314, 4.351485557, 3.18284615, 10.96192726, 6.975440461, 7.071764561, 4.5}
Oscillator 3 General Results: {1.600001, 2.387370314, 4.351485557, 3.18284615, 10.96192726, 6.975440461, 7.071764561, 4.5}
Oscillator 4 General Results: {1.600001, 2.387370314, 3.419269294, 3.18284615, 7.784364991, 6.975440461, 5.02185384, 4.5}


    XDM RESULTS: {M1^2, M1f^2, M2^2, M2f^2, M3^2, M3f^2, C6XDMii, C6XDMij, C6XDMf, C8XDMii, C8XDMij, C8XDMf, C10XDMii, C10XDMij, C10XDMf, EXDMC6, EXDMC8, EXDMC10, EXDMBJC6, EXDMBJC8, EXDMBJC10, EXDM, EXDMBJ}
Oscillator 1 XDM Results: {3.738460158, 3.18284615, 19.35007931, 16.88418269, 173.963654, 125.3927637, 9.38700025, {{9.38700025, 11.85774403, 11.85774403, 9.38700025}, {11.85774403, 15.13930003, 15.13930003, 11.85774403}, {11.85774403, 15.13930003, 15.13930003, 11.85774403}, {9.38700025, 11.85774403, 11.85774403, 9.38700025}}, 7.161403837, 145.7599051, {{145.7599051, 190.1162498, 190.1162498, 145.7599051}, {190.1162498, 250.3787128, 250.3787128, 190.1162498}, {190.1162498, 250.3787128, 250.3787128, 190.1162498}, {145.7599051, 190.1162498, 190.1162498, 145.7599051}}, 113.9682331, 2803.464268, {{2803.464268, 3857.311632, 3857.311632, 2803.464268}, {3857.311632, 5335.399505, 5335.399505, 3857.311632}, {3857.311632, 5335.399505, 5335.399505, 3857.311632}, {2803.464268, 3857.311632, 3857.311632, 2803.464268}}, 1974.936028, -2.338771343, -14.71758707, -118.7574749, -0.001569806881, -0.000725337991, -0.0004218171679, -135.8138333, -0.00271696204}
Oscillator 2 XDM Results: {4.281618795, 3.18284615, 23.60360564, 16.88418269, 240.6050844, 125.3927637, 15.13930003, {{9.38700025, 11.85774403, 11.85774403, 9.38700025}, {11.85774403, 15.13930003, 15.13930003, 11.85774403}, {11.85774403, 15.13930003, 15.13930003, 11.85774403}, {9.38700025, 11.85774403, 11.85774403, 9.38700025}}, 7.161403837, 250.3787128, {{145.7599051, 190.1162498, 190.1162498, 145.7599051}, {190.1162498, 250.3787128, 250.3787128, 190.1162498}, {190.1162498, 250.3787128, 250.3787128, 190.1162498}, {145.7599051, 190.1162498, 190.1162498, 145.7599051}}, 113.9682331, 5335.399505, {{2803.464268, 3857.311632, 3857.311632, 2803.464268}, {3857.311632, 5335.399505, 5335.399505, 3857.311632}, {3857.311632, 5335.399505, 5335.399505, 3857.311632}, {2803.464268, 3857.311632, 3857.311632, 2803.464268}}, 1974.936028, -2.338771343, -14.71758707, -118.7574749, -0.001569806881, -0.000725337991, -0.0004218171679, -135.8138333, -0.00271696204}
Oscillator 3 XDM Results: {4.281618795, 3.18284615, 23.60360564, 16.88418269, 240.6050844, 125.3927637, 15.13930003, {{9.38700025, 11.85774403, 11.85774403, 9.38700025}, {11.85774403, 15.13930003, 15.13930003, 11.85774403}, {11.85774403, 15.13930003, 15.13930003, 11.85774403}, {9.38700025, 11.85774403, 11.85774403, 9.38700025}}, 7.161403837, 250.3787128, {{145.7599051, 190.1162498, 190.1162498, 145.7599051}, {190.1162498, 250.3787128, 250.3787128, 190.1162498}, {190.1162498, 250.3787128, 250.3787128, 190.1162498}, {145.7599051, 190.1162498, 190.1162498, 145.7599051}}, 113.9682331, 5335.399505, {{2803.464268, 3857.311632, 3857.311632, 2803.464268}, {3857.311632, 5335.399505, 5335.399505, 3857.311632}, {3857.311632, 5335.399505, 5335.399505, 3857.311632}, {2803.464268, 3857.311632, 3857.311632, 2803.464268}}, 1974.936028, -2.338771343, -14.71758707, -118.7574749, -0.001569806881, -0.000725337991, -0.0004218171679, -135.8138333, -0.00271696204}
Oscillator 4 XDM Results: {3.738460158, 3.18284615, 19.35007931, 16.88418269, 173.963654, 125.3927637, 9.38700025, {{9.38700025, 11.85774403, 11.85774403, 9.38700025}, {11.85774403, 15.13930003, 15.13930003, 11.85774403}, {11.85774403, 15.13930003, 15.13930003, 11.85774403}, {9.38700025, 11.85774403, 11.85774403, 9.38700025}}, 7.161403837, 145.7599051, {{145.7599051, 190.1162498, 190.1162498, 145.7599051}, {190.1162498, 250.3787128, 250.3787128, 190.1162498}, {190.1162498, 250.3787128, 250.3787128, 190.1162498}, {145.7599051, 190.1162498, 190.1162498, 145.7599051}}, 113.9682331, 2803.464268, {{2803.464268, 3857.311632, 3857.311632, 2803.464268}, {3857.311632, 5335.399505, 5335.399505, 3857.311632}, {3857.311632, 5335.399505, 5335.399505, 3857.311632}, {2803.464268, 3857.311632, 3857.311632, 2803.464268}}, 1974.936028, -2.338771343, -14.71758707, -118.7574749, -0.001569806881, -0.000725337991, -0.0004218171679, -135.8138333, -0.00271696204}


    TS RESULTS: {C6TSii, C6TSij, C6TSf, ETS, ETSWY}
Oscillator 1 TS Results: {8.918694214, {{8.918694214, 12.5592874, 12.5592874, 8.918694214}, {12.5592874, 17.68596347, 17.68596347, 12.5592874}, {12.5592874, 17.68596347, 17.68596347, 12.5592874}, {8.918694214, 12.5592874, 12.5592874, 8.918694214}}, 7.161403837, -2.575462349, -0.0009051373985}
Oscillator 2 TS Results: {17.68596347, {{8.918694214, 12.5592874, 12.5592874, 8.918694214}, {12.5592874, 17.68596347, 17.68596347, 12.5592874}, {12.5592874, 17.68596347, 17.68596347, 12.5592874}, {8.918694214, 12.5592874, 12.5592874, 8.918694214}}, 7.161403837, -2.575462349, -0.0009051373985}
Oscillator 3 TS Results: {17.68596347, {{8.918694214, 12.5592874, 12.5592874, 8.918694214}, {12.5592874, 17.68596347, 17.68596347, 12.5592874}, {12.5592874, 17.68596347, 17.68596347, 12.5592874}, {8.918694214, 12.5592874, 12.5592874, 8.918694214}}, 7.161403837, -2.575462349, -0.0009051373985}
Oscillator 4 TS Results: {8.918694214, {{8.918694214, 12.5592874, 12.5592874, 8.918694214}, {12.5592874, 17.68596347, 17.68596347, 12.5592874}, {12.5592874, 17.68596347, 17.68596347, 12.5592874}, {8.918694214, 12.5592874, 12.5592874, 8.918694214}}, 7.161403837, -2.575462349, -0.0009051373985}


    MBD RESULTS: {MBD_alpha, MBD_C6, MBD_omega, MBD_Energy, MBDF1_alpha, MBDF1_C6, MBDF1_omega, MBDF1_Energy, MBDF2_alpha, MBDF2_C6, MBDF2_omega, MBDF2_Energy, MBDX1_alpha, MBDX1_C6, MBDX1_omega, MBDX1_Energy, MBDX2_alpha, MBDX2_C6, MBDX2_omega, MBDX2_Energy}
Oscillator 1 MBD Results: {4.759100591, 9.391431368, 0.5528671131, -0.1787763829, 4.820282555, 9.07149069, 0.5205619288, -0.1459974504, 4.820282555, 10.62822029, 0.6098939017, -0.2649933863, 5.034944572, 10.3346042, 0.5435546275, -0.1750862497, 4.759100591, 10.2921676, 0.6058928365, -0.1657569128}
Oscillator 2 MBD Results: {4.743824722, 12.05682314, 0.7143554441, -0.1787763829, 3.57647079, 6.594120092, 0.6873631157, -0.1459974504, 3.57647079, 16.25545734, 1.694449244, -0.2649933863, 4.43719897, 10.71099303, 0.7253550956, -0.1750862497, 4.743824722, 10.19248389, 0.6038950953, -0.1657569128}
Oscillator 3 MBD Results: {4.743824722, 12.05682314, 0.7143554441, -0.1787763829, 3.57647079, 6.594120092, 0.6873631157, -0.1459974504, 3.57647079, 16.25545734, 1.694449244, -0.2649933863, 4.43719897, 10.71099303, 0.7253550956, -0.1750862497, 4.743824722, 10.19248389, 0.6038950953, -0.1657569128}
Oscillator 4 MBD Results: {4.759100591, 9.391431368, 0.5528671131, -0.1787763829, 4.820282555, 9.07149069, 0.5205619288, -0.1459974504, 4.820282555, 10.62822029, 0.6098939017, -0.2649933863, 5.034944572, 10.3346042, 0.5435546275, -0.1750862497, 4.759100591, 10.2921676, 0.6058928365, -0.1657569128}


    MBDRSSCS RESULTS: {MBDrsSCS_alpha, MBDrsSCS_C6, MBDrsSCS_omega, MBDrsSCS_Energy, MBDF1rsSCS_alpha, MBDF1rsSCS_C6, MBDF1rsSCS_omega, MBDF1rsSCS_Energy, MBDF2rsSCS_alpha, MBDF2rsSCS_C6, MBDF2rsSCS_omega, MBDF2rsSCS_Energy, MBDX1rsSCS_alpha, MBDX1rsSCS_C6, MBDX1rsSCS_omega, MBDX1rsSCS_Energy, MBDX2rsSCS_alpha, MBDX2rsSCS_C6, MBDX2rsSCS_omega, MBDX2rsSCS_Energy}
Oscillator 1 MBDrsSCS Results: {4.524159024, 8.496877099, 0.5535060207, -0.00202308889, 4.552379055, 8.152446096, 0.5245052499, -0.001489999117, 4.552379055, 9.552473344, 0.6145790306, -0.002285008218, 4.778201624, 9.325745244, 0.544619693, -0.002005617765, 4.524159024, 9.302077297, 0.6059586045, -0.001971480334}
Oscillator 2 MBDrsSCS Results: {4.526264123, 11.0003524, 0.7159217372, -0.00202308889, 3.352421076, 5.871114026, 0.6965336898, -0.001489999117, 3.352421076, 14.96186636, 1.77503689, -0.002285008218, 4.214230141, 9.70017503, 0.7282522071, -0.002005617765, 4.526264123, 9.217721847, 0.5999050938, -0.001971480334}
Oscillator 3 MBDrsSCS Results: {4.526264123, 11.0003524, 0.7159217372, -0.00202308889, 3.352421076, 5.871114026, 0.6965336898, -0.001489999117, 3.352421076, 14.96186636, 1.77503689, -0.002285008218, 4.214230141, 9.70017503, 0.7282522071, -0.002005617765, 4.526264123, 9.217721847, 0.5999050938, -0.001971480334}
Oscillator 4 MBDrsSCS Results: {4.524159024, 8.496877099, 0.5535060207, -0.00202308889, 4.552379055, 8.152446096, 0.5245052499, -0.001489999117, 4.552379055, 9.552473344, 0.6145790306, -0.002285008218, 4.778201624, 9.325745244, 0.544619693, -0.002005617765, 4.524159024, 9.302077297, 0.6059586045, -0.001971480334}


         {R, Energy}
SUMMARY: {1.600001, 2.387370314}