Oscillators N=4 2022-12-24 w=0.471533 a=4.50000.nb ( N = 4, M = 4 )
~~~~~~~~~~~~~~~~~~~~~~~~~~~~~~~~~~~~~~
Run Commenced: Fri 30 Dec 2022 07:03:35
Run Completed: Fri 30 Dec 2022 09:28:24
Time Elapsed: 02:24:48

Oscillators Used: 4
Wavefunctions Used: 4
Internuclear Separation: 4.5
omega: 0.472
nu : 0.235638

For display purposes, the threshold of Hamiltonian matrix elements has been set to: 10^-6.


    Hamiltonian Matrix A:    < psi_{i,A} | H_k | psi_{j,A} >
    H_1 = T_kin,    H_2 = V_pot,    H_3 = V_1-B,    H_4 = V_1-C,    H_5 = V_A-B,    H_6 = V_A-C 

HijkA: {{{0.35364975, 0.35364975, -0.2222193969, -0.1111110866, -0.07407405752, 0.2222221728, 0.1111110864, 0.07407405761}, {0., 0., -0.05085199632, -0.01271633537, -0.005651704759, 0., 0., 0.}, {0.2887538117, -0.2887538117, -0.0000226669547, 0., 0., 0., 0., 0.}, {0., 0., -0.02012853413, -0.002520734953, -0.0007468844627, 0., 0., 0.}}, {{0., 0., -0.05085199632, -0.01271633537, -0.005651704759, 0., 0., 0.}, {0.58941625, 0.58941625, -0.2454433103, -0.1140217915, -0.07493649408, 0.2222221728, 0.1111110864, 0.07407405761}, {0., 0., 0.04142145454, 0.01038284453, 0.004614597599, 0., 0., 0.}, {0., 0., -0.07240068951, -0.01554903143, -0.00669698397, 0., 0., 0.}}, {{0.2887538117, -0.2887538117, -0.0000226669547, 0., 0., 0., 0., 0.}, {0., 0., 0.04142145454, 0.01038284453, 0.004614597599, 0., 0., 0.}, {0.82518275, 0.82518275, -0.2220335214, -0.1111110879, -0.07407405876, 0.2222221728, 0.1111110864, 0.07407405761}, {0., 0., 0.0326199751, 0.004116343105, 0.001219657217, 0., 0., 0.}}, {{0., 0., -0.02012853413, -0.002520734953, -0.0007468844627, 0., 0., 0.}, {0., 0., -0.07240068951, -0.01554903143, -0.00669698397, 0., 0., 0.}, {0., 0., 0.0326199751, 0.004116343105, 0.001219657217, 0., 0., 0.}, {0.82518275, 0.82518275, -0.255975611, -0.1143649048, -0.07498167162, 0.2222221728, 0.1111110864, 0.07407405761}}}
0.35365        0.             0.288754       0.
0.35365        0.             -0.288754      0.
-0.222219      -0.050852      -0.000022667   -0.0201285
-0.111111      -0.0127163     0.             -0.00252073
-0.0740741     -0.0056517     0.             -0.000746884
0.222222       0.             0.             0.
0.111111       0.             0.             0.
0.0740741      0.             0.             0.

0.             0.589416       0.             0.
0.             0.589416       0.             0.
-0.050852      -0.245443      0.0414215      -0.0724007
-0.0127163     -0.114022      0.0103828      -0.015549
-0.0056517     -0.0749365     0.0046146      -0.00669698
0.             0.222222       0.             0.
0.             0.111111       0.             0.
0.             0.0740741      0.             0.

0.288754       0.             0.825183       0.
-0.288754      0.             0.825183       0.
-0.000022667   0.0414215      -0.222034      0.03262
0.             0.0103828      -0.111111      0.00411634
0.             0.0046146      -0.0740741     0.00121966
0.             0.             0.222222       0.
0.             0.             0.111111       0.
0.             0.             0.0740741      0.

0.             0.             0.             0.825183
0.             0.             0.             0.825183
-0.0201285     -0.0724007     0.03262        -0.255976
-0.00252073    -0.015549      0.00411634     -0.114365
-0.000746884   -0.00669698    0.00121966     -0.0749817
0.             0.             0.             0.222222
0.             0.             0.             0.111111
0.             0.             0.             0.0740741


    Hamiltonian Matrix B:    < psi_{i,B} | H_k | psi_{j,B} >
    H_1 = T_kin,    H_2 = V_pot,    H_3 = V_2-A,    H_4 = V_2-C,    H_5 = V_B-A,    H_6 = V_B-C 

HijkB: {{{0.35364975, 0.35364975, -0.2222193969, -0.2222193969, -0.1111110866, 0.2222221728, 0.2222221728, 0.1111110864}, {0., 0., -0.05085199632, 0.05085199632, 0.01271633537, 0., 0., 0.}, {0.2887538117, -0.2887538117, -0.0000226669547, -0.0000226669547, 0., 0., 0., 0.}, {0., 0., -0.02012853413, -0.02012853413, -0.002520734953, 0., 0., 0.}}, {{0., 0., -0.05085199632, 0.05085199632, 0.01271633537, 0., 0., 0.}, {0.58941625, 0.58941625, -0.2454433103, -0.2454433103, -0.1140217915, 0.2222221728, 0.2222221728, 0.1111110864}, {0., 0., 0.04142145454, -0.04142145454, -0.01038284453, 0., 0., 0.}, {0., 0., -0.07240068951, 0.07240068951, 0.01554903143, 0., 0., 0.}}, {{0.2887538117, -0.2887538117, -0.0000226669547, -0.0000226669547, 0., 0., 0., 0.}, {0., 0., 0.04142145454, -0.04142145454, -0.01038284453, 0., 0., 0.}, {0.82518275, 0.82518275, -0.2220335214, -0.2220335214, -0.1111110879, 0.2222221728, 0.2222221728, 0.1111110864}, {0., 0., 0.0326199751, 0.0326199751, 0.004116343105, 0., 0., 0.}}, {{0., 0., -0.02012853413, -0.02012853413, -0.002520734953, 0., 0., 0.}, {0., 0., -0.07240068951, 0.07240068951, 0.01554903143, 0., 0., 0.}, {0., 0., 0.0326199751, 0.0326199751, 0.004116343105, 0., 0., 0.}, {0.82518275, 0.82518275, -0.255975611, -0.255975611, -0.1143649048, 0.2222221728, 0.2222221728, 0.1111110864}}}
0.35365        0.             0.288754       0.
0.35365        0.             -0.288754      0.
-0.222219      -0.050852      -0.000022667   -0.0201285
-0.222219      0.050852       -0.000022667   -0.0201285
-0.111111      0.0127163      0.             -0.00252073
0.222222       0.             0.             0.
0.222222       0.             0.             0.
0.111111       0.             0.             0.

0.             0.589416       0.             0.
0.             0.589416       0.             0.
-0.050852      -0.245443      0.0414215      -0.0724007
0.050852       -0.245443      -0.0414215     0.0724007
0.0127163      -0.114022      -0.0103828     0.015549
0.             0.222222       0.             0.
0.             0.222222       0.             0.
0.             0.111111       0.             0.

0.288754       0.             0.825183       0.
-0.288754      0.             0.825183       0.
-0.000022667   0.0414215      -0.222034      0.03262
-0.000022667   -0.0414215     -0.222034      0.03262
0.             -0.0103828     -0.111111      0.00411634
0.             0.             0.222222       0.
0.             0.             0.222222       0.
0.             0.             0.111111       0.

0.             0.             0.             0.825183
0.             0.             0.             0.825183
-0.0201285     -0.0724007     0.03262        -0.255976
-0.0201285     0.0724007      0.03262        -0.255976
-0.00252073    0.015549       0.00411634     -0.114365
0.             0.             0.             0.222222
0.             0.             0.             0.222222
0.             0.             0.             0.111111


    Hamiltonian Matrix C:    < psi_{i,C} | H_k | psi_{j,C} >
    H_1 = T_kin,    H_2 = V_pot,    H_3 = V_3-A,    H_4 = V_3-B,    H_5 = V_C-A,    H_6 = V_C-B 

HijkC: {{{0.35364975, 0.35364975, -0.1111110866, -0.2222193969, -0.2222193969, 0.1111110864, 0.2222221728, 0.2222221728}, {0., 0., 0.01271633537, 0.05085199632, -0.05085199632, 0., 0., 0.}, {0.2887538117, -0.2887538117, 0., -0.0000226669547, -0.0000226669547, 0., 0., 0.}, {0., 0., -0.002520734953, -0.02012853413, -0.02012853413, 0., 0., 0.}}, {{0., 0., 0.01271633537, 0.05085199632, -0.05085199632, 0., 0., 0.}, {0.58941625, 0.58941625, -0.1140217915, -0.2454433103, -0.2454433103, 0.1111110864, 0.2222221728, 0.2222221728}, {0., 0., -0.01038284453, -0.04142145454, 0.04142145454, 0., 0., 0.}, {0., 0., 0.01554903143, 0.07240068951, -0.07240068951, 0., 0., 0.}}, {{0.2887538117, -0.2887538117, 0., -0.0000226669547, -0.0000226669547, 0., 0., 0.}, {0., 0., -0.01038284453, -0.04142145454, 0.04142145454, 0., 0., 0.}, {0.82518275, 0.82518275, -0.1111110879, -0.2220335214, -0.2220335214, 0.1111110864, 0.2222221728, 0.2222221728}, {0., 0., 0.004116343105, 0.0326199751, 0.0326199751, 0., 0., 0.}}, {{0., 0., -0.002520734953, -0.02012853413, -0.02012853413, 0., 0., 0.}, {0., 0., 0.01554903143, 0.07240068951, -0.07240068951, 0., 0., 0.}, {0., 0., 0.004116343105, 0.0326199751, 0.0326199751, 0., 0., 0.}, {0.82518275, 0.82518275, -0.1143649048, -0.255975611, -0.255975611, 0.1111110864, 0.2222221728, 0.2222221728}}}
0.35365        0.             0.288754       0.
0.35365        0.             -0.288754      0.
-0.111111      0.0127163      0.             -0.00252073
-0.222219      0.050852       -0.000022667   -0.0201285
-0.222219      -0.050852      -0.000022667   -0.0201285
0.111111       0.             0.             0.
0.222222       0.             0.             0.
0.222222       0.             0.             0.

0.             0.589416       0.             0.
0.             0.589416       0.             0.
0.0127163      -0.114022      -0.0103828     0.015549
0.050852       -0.245443      -0.0414215     0.0724007
-0.050852      -0.245443      0.0414215      -0.0724007
0.             0.111111       0.             0.
0.             0.222222       0.             0.
0.             0.222222       0.             0.

0.288754       0.             0.825183       0.
-0.288754      0.             0.825183       0.
0.             -0.0103828     -0.111111      0.00411634
-0.000022667   -0.0414215     -0.222034      0.03262
-0.000022667   0.0414215      -0.222034      0.03262
0.             0.             0.111111       0.
0.             0.             0.222222       0.
0.             0.             0.222222       0.

0.             0.             0.             0.825183
0.             0.             0.             0.825183
-0.00252073    0.015549       0.00411634     -0.114365
-0.0201285     0.0724007      0.03262        -0.255976
-0.0201285     -0.0724007     0.03262        -0.255976
0.             0.             0.             0.111111
0.             0.             0.             0.222222
0.             0.             0.             0.222222


    Hamiltonian Matrix AB:    < psi_{i1,A} <psi_{i2,B} | V_e-e | psi_{i3,A} <psi_{i4,B} >

HijkAB: {{{{0.2217983817, 0.04973519051, 0.0009212570893, 0.01839833451}, {0.04973519051, 0.02046623345, 0.002060983252, 0.009735909367}, {0.0009219521281, 0.002060983252, -0.001262481461, 0.002588490361}, {0.01839833451, 0.009735909367, 0.002588490361, 0.005181666175}}, {{0.04973519051, 0.2422718654, -0.03856439031, 0.06719635927}, {0.02046623345, 0.05927049459, -0.01263788836, 0.02748158579}, {0.002060983252, 0.004960710511, -0.003587989943, 0.006900046971}, {0.009735909367, 0.02229803459, -0.003444593112, 0.01212569188}}, {{0.0009212570893, -0.03856439031, 0.2190061653, -0.02742299498}, {0.002060983252, -0.01263788836, 0.04445108816, -0.01134199729}, {-0.001262481461, -0.003587989943, 0.003375030912, -0.005598131781}, {0.002588490361, -0.003444593112, 0.01279555565, -0.004003197879}}, {{0.01839833451, 0.06719635927, -0.02742299498, 0.2467054416}, {0.009735909367, 0.02748158579, -0.01134199729, 0.05861582739}, {0.002588490361, 0.006900046971, -0.005598131781, 0.01033468746}, {0.005181666175, 0.01212569188, -0.004003197879, 0.02054409425}}}, {{{0.04973519051, 0.02046623345, 0.002060983252, 0.009735909367}, {0.2422718654, 0.05927049459, 0.004960710511, 0.02228971704}, {-0.03856439031, -0.01263982542, -0.003587989943, -0.003444593112}, {0.06719635927, 0.02748158579, 0.006900046971, 0.01212569188}}, {{0.02046623345, 0.05927049459, -0.01263788794, 0.02748158579}, {0.05927049459, 0.2636862099, -0.03957498208, 0.07542071209}, {-0.01263982585, -0.03957498208, 0.005174274174, -0.01159062777}, {0.02748158579, 0.07542071209, -0.01159062777, 0.03246960433}}, {{0.002060983252, -0.01263788836, 0.04445108816, -0.01134199729}, {0.004960710511, -0.03957498208, 0.2309699908, -0.02738755464}, {-0.003587989943, 0.005174274174, -0.0318118315, 0.001892058237}, {0.006900046971, -0.01159062777, 0.05367490584, -0.01023820726}}, {{0.009735909367, 0.02748158579, -0.01134199729, 0.05861582739}, {0.0222900922, 0.07542071209, -0.02738755464, 0.2612165697}, {-0.003444593112, -0.01159062777, 0.001892058237, -0.03298176652}, {0.01212569188, 0.03246960433, -0.01023820726, 0.06864453272}}}, {{{0.0009219521281, 0.002060983252, -0.001262481461, 0.002588490361}, {-0.03856439031, -0.01263982542, -0.003587989943, -0.003444593112}, {0.2190058232, 0.04445108816, 0.003374250259, 0.01279555565}, {-0.02742299498, -0.01134199729, -0.005598131781, -0.004004010999}}, {{0.002060983252, 0.004960710511, -0.003587989943, 0.006900046971}, {-0.01263982542, -0.03957498208, 0.005174274174, -0.01159062777}, {0.04445108816, 0.2309699908, -0.0318118315, 0.05367490584}, {-0.01134199729, -0.02738755464, 0.001892058237, -0.01023820726}}, {{-0.001262481461, -0.003587989943, 0.003375030912, -0.005598131781}, {-0.003587989943, 0.005174274174, -0.0318118315, 0.001892058237}, {0.003374250259, -0.0318118315, 0.2127016953, -0.01800681641}, {-0.005598131781, 0.001892058237, -0.01800681641, 0.00168836551}}, {{0.002588490361, 0.006900046971, -0.005598131781, 0.01033468746}, {-0.003444593112, -0.01159062777, 0.001892058237, -0.03298176652}, {0.01279555565, 0.05367490584, -0.01800681641, 0.2285515217}, {-0.004004011371, -0.01023820726, 0.00168836551, -0.02089448855}}}, {{{0.01839833451, 0.009735909367, 0.002588490361, 0.005181666175}, {0.06719635927, 0.02748158579, 0.006900046971, 0.01212569188}, {-0.02742299498, -0.01134199729, -0.005598131781, -0.004004010999}, {0.2467054416, 0.05861582739, 0.01033468746, 0.02054409425}}, {{0.009735909367, 0.02229803459, -0.003444593112, 0.01212569188}, {0.02748158579, 0.07542071209, -0.01159062777, 0.03246960433}, {-0.01134199729, -0.02738755464, 0.001892058237, -0.01023820726}, {0.05861582739, 0.2612165697, -0.03298176652, 0.06864453272}}, {{0.002588490361, -0.003444593112, 0.01279555565, -0.00400392151}, {0.006900046971, -0.01159062777, 0.05367490584, -0.01023820726}, {-0.005598131781, 0.001892058237, -0.01800681641, 0.00168836551}, {0.01033468746, -0.03298176652, 0.2285515217, -0.02089448855}}, {{0.005181666175, 0.01212569188, -0.00400392151, 0.02054409425}, {0.01212569188, 0.03246960433, -0.01023820726, 0.06864453272}, {-0.004004011371, -0.01023820726, 0.00168836551, -0.02089448855}, {0.02054409425, 0.06864453272, -0.02089448855, 0.2516768161}}}}
0.221798    0.0497352   0.000921257 0.0183983     0.0497352   0.242272    -0.0385644  0.0671964     0.000921257 -0.0385644  0.219006    -0.027423     0.0183983   0.0671964   -0.027423   0.246705
0.0497352   0.0204662   0.00206098  0.00973591    0.0204662   0.0592705   -0.0126379  0.0274816     0.00206098  -0.0126379  0.0444511   -0.011342     0.00973591  0.0274816   -0.011342   0.0586158
0.000921952 0.00206098  -0.00126248 0.00258849    0.00206098  0.00496071  -0.00358799 0.00690005    -0.00126248 -0.00358799 0.00337503  -0.00559813   0.00258849  0.00690005  -0.00559813 0.0103347
0.0183983   0.00973591  0.00258849  0.00518167    0.00973591  0.022298    -0.00344459 0.0121257     0.00258849  -0.00344459 0.0127956   -0.0040032    0.00518167  0.0121257   -0.0040032  0.0205441

0.0497352   0.0204662   0.00206098  0.00973591    0.0204662   0.0592705   -0.0126379  0.0274816     0.00206098  -0.0126379  0.0444511   -0.011342     0.00973591  0.0274816   -0.011342   0.0586158
0.242272    0.0592705   0.00496071  0.0222897     0.0592705   0.263686    -0.039575   0.0754207     0.00496071  -0.039575   0.23097     -0.0273876    0.0222901   0.0754207   -0.0273876  0.261217
-0.0385644  -0.0126398  -0.00358799 -0.00344459   -0.0126398  -0.039575   0.00517427  -0.0115906    -0.00358799 0.00517427  -0.0318118  0.00189206    -0.00344459 -0.0115906  0.00189206  -0.0329818
0.0671964   0.0274816   0.00690005  0.0121257     0.0274816   0.0754207   -0.0115906  0.0324696     0.00690005  -0.0115906  0.0536749   -0.0102382    0.0121257   0.0324696   -0.0102382  0.0686445

0.000921952 0.00206098  -0.00126248 0.00258849    0.00206098  0.00496071  -0.00358799 0.00690005    -0.00126248 -0.00358799 0.00337503  -0.00559813   0.00258849  0.00690005  -0.00559813 0.0103347
-0.0385644  -0.0126398  -0.00358799 -0.00344459   -0.0126398  -0.039575   0.00517427  -0.0115906    -0.00358799 0.00517427  -0.0318118  0.00189206    -0.00344459 -0.0115906  0.00189206  -0.0329818
0.219006    0.0444511   0.00337425  0.0127956     0.0444511   0.23097     -0.0318118  0.0536749     0.00337425  -0.0318118  0.212702    -0.0180068    0.0127956   0.0536749   -0.0180068  0.228552
-0.027423   -0.011342   -0.00559813 -0.00400401   -0.011342   -0.0273876  0.00189206  -0.0102382    -0.00559813 0.00189206  -0.0180068  0.00168837    -0.00400401 -0.0102382  0.00168837  -0.0208945

0.0183983   0.00973591  0.00258849  0.00518167    0.00973591  0.022298    -0.00344459 0.0121257     0.00258849  -0.00344459 0.0127956   -0.00400392   0.00518167  0.0121257   -0.00400392 0.0205441
0.0671964   0.0274816   0.00690005  0.0121257     0.0274816   0.0754207   -0.0115906  0.0324696     0.00690005  -0.0115906  0.0536749   -0.0102382    0.0121257   0.0324696   -0.0102382  0.0686445
-0.027423   -0.011342   -0.00559813 -0.00400401   -0.011342   -0.0273876  0.00189206  -0.0102382    -0.00559813 0.00189206  -0.0180068  0.00168837    -0.00400401 -0.0102382  0.00168837  -0.0208945
0.246705    0.0586158   0.0103347   0.0205441     0.0586158   0.261217    -0.0329818  0.0686445     0.0103347   -0.0329818  0.228552    -0.0208945    0.0205441   0.0686445   -0.0208945  0.251677


    Hamiltonian Matrix AC:    < psi_{i1,A} <psi_{i2,C} | V_e-e | psi_{i3,A} <psi_{i4,C} >

HijkAC: {{{{0.111111094, -0.01271624441, 0.00000007072231926, 0.002520841146}, {0.01271624441, -0.002910869393, -0.0000001233616318, 0.0008653238739}, {0.00000007107929448, 0.0000001233616318, 0.0000002043640795, -0.0000000197787785}, {0.002520841146, -0.0008653238739, -0.00000001977877851, 0.0003433263363}}, {{-0.01271624441, 0.1140222287, 0.01038285239, -0.01554829844}, {-0.002910869393, 0.0137159277, 0.002376877125, -0.00375749332}, {0.0000001233616318, 0.0000004000584652, -0.0000002577847964, 0.00000001290070081}, {-0.0008653238739, 0.002917285601, 0.0007060080646, -0.001196551365}}, {{0.00000007072231926, 0.01038285239, 0.1111111886, -0.004116148214}, {-0.0000001233616318, 0.002376877125, 0.01271648813, -0.001413279185}, {0.0000002043640795, -0.0000002577847963, -0.000008284764945, 0.0000002663565006}, {-0.00000001977877851, 0.0007060080646, 0.002519258832, -0.0005603687468}}, {{0.002520841146, -0.01554829844, -0.004116148214, 0.1143658967}, {0.0008653238739, -0.00375749332, -0.001413279185, 0.01391211102}, {-0.0000000197787785, 0.00000001290070081, 0.0000002663565006, 0.0000003899087691}, {0.0003433263363, -0.001196551365, -0.0005603687468, 0.003033957786}}}, {{{0.01271624441, -0.002910869393, -0.0000001233616318, 0.0008653238739}, {0.1140222287, -0.0137159277, 0.0000004000584652, 0.002917283021}, {-0.01038285239, 0.002376878994, 0.0000002577847964, -0.0007060080646}, {0.01554829844, -0.00375749332, -0.0000000129007008, 0.001196551365}}, {{-0.002910869393, 0.0137159277, 0.002376878363, -0.00375749332}, {-0.0137159277, 0.11739245, 0.01119881375, -0.01692894242}, {0.002376877779, -0.01119881375, -0.001940475989, 0.003067905045}, {-0.00375749332, 0.01692894242, 0.003067905045, -0.004931246019}}, {{-0.0000001233616318, 0.002376877125, 0.01271648813, -0.001413279185}, {0.0000004000584652, 0.01119881375, 0.1140220423, -0.004763818722}, {0.0000002577847964, -0.001940475989, -0.01038278662, 0.001154037568}, {-0.0000000129007008, 0.003067905045, 0.01554872258, -0.001950544158}}, {{0.0008653238739, -0.00375749332, -0.001413279185, 0.01391211102}, {0.002917272743, -0.01692894242, -0.004763818722, 0.1178710516}, {-0.0007060080646, 0.003067905045, 0.001154037568, -0.01135919275}, {0.001196551365, -0.004931246019, -0.001950544158, 0.01724974647}}}, {{{0.00000007107929448, 0.0000001233616318, 0.0000002043640795, -0.0000000197787785}, {-0.01038285239, 0.002376878994, 0.0000002577847964, -0.0007060080646}, {0.1111112108, -0.01271648813, -0.000008277882167, 0.002519258832}, {-0.004116148214, 0.001413279185, 0.0000002663565006, -0.000560376375}}, {{0.0000001233616318, 0.0000004000584652, -0.0000002577847964, 0.00000001290070081}, {0.002376878994, -0.01119881375, -0.001940475989, 0.003067905045}, {-0.01271648813, 0.1140220423, 0.01038278662, -0.01554872258}, {0.001413279185, -0.004763818722, -0.001154037568, 0.001950544158}}, {{0.0000002043640795, -0.0000002577847963, -0.000008284764945, 0.0000002663565006}, {0.0000002577847964, -0.001940475989, -0.01038278662, 0.001154037568}, {-0.000008277882167, 0.01038278662, 0.1111112531, -0.004115517829}, {0.0000002663565006, -0.001154037568, -0.004115517829, 0.0009184049637}}, {{-0.0000000197787785, 0.00000001290070081, 0.0000002663565006, 0.0000003899087689}, {-0.0007060080646, 0.003067905045, 0.001154037568, -0.01135919275}, {0.002519258832, -0.01554872258, -0.004115517829, 0.1143652429}, {-0.000560376375, 0.001950544158, 0.0009184049637, -0.004953637006}}}, {{{0.002520841146, -0.0008653238739, -0.00000001977877851, 0.0003433263363}, {0.01554829844, -0.00375749332, -0.0000000129007008, 0.001196551365}, {-0.004116148214, 0.001413279185, 0.0000002663565006, -0.000560376375}, {0.1143658967, -0.01391211102, 0.0000003899087691, 0.003033957786}}, {{-0.0008653238739, 0.002917312163, 0.0007060080646, -0.001196551365}, {-0.00375749332, 0.01692894242, 0.003067905045, -0.004931246019}, {0.001413279185, -0.004763818722, -0.001154037568, 0.001950544158}, {-0.01391211102, 0.1178710516, 0.01135919275, -0.01724974647}}, {{-0.00000001977877851, 0.0007060080646, 0.002519258832, -0.000560368752}, {-0.0000000129007008, 0.003067905045, 0.01554872258, -0.001950544158}, {0.0000002663565006, -0.001154037568, -0.004115517829, 0.0009184049637}, {0.000000389908769, 0.01135919275, 0.1143652429, -0.004953637006}}, {{0.0003433263363, -0.001196551365, -0.000560368752, 0.003033957786}, {0.001196551365, -0.004931246019, -0.001950544158, 0.01724974647}, {-0.000560376375, 0.001950544158, 0.0009184049637, -0.004953637006}, {0.003033957786, -0.01724974647, -0.004953637006, 0.1184259871}}}}
0.111111     -0.0127162   0.           0.00252084     -0.0127162   0.114022     0.0103829    -0.0155483     0.           0.0103829    0.111111     -0.00411615    0.00252084   -0.0155483   -0.00411615  0.114366
0.0127162    -0.00291087  0.           0.000865324    -0.00291087  0.0137159    0.00237688   -0.00375749    0.           0.00237688   0.0127165    -0.00141328    0.000865324  -0.00375749  -0.00141328  0.0139121
0.           0.           0.           0.             0.           0.           0.           0.             0.           0.           0.           0.             0.           0.           0.           0.
0.00252084   -0.000865324 0.           0.000343326    -0.000865324 0.00291729   0.000706008  -0.00119655    0.           0.000706008  0.00251926   -0.000560369   0.000343326  -0.00119655  -0.000560369 0.00303396

0.0127162    -0.00291087  0.           0.000865324    -0.00291087  0.0137159    0.00237688   -0.00375749    0.           0.00237688   0.0127165    -0.00141328    0.000865324  -0.00375749  -0.00141328  0.0139121
0.114022     -0.0137159   0.           0.00291728     -0.0137159   0.117392     0.0111988    -0.0169289     0.           0.0111988    0.114022     -0.00476382    0.00291727   -0.0169289   -0.00476382  0.117871
-0.0103829   0.00237688   0.           -0.000706008   0.00237688   -0.0111988   -0.00194048  0.00306791     0.           -0.00194048  -0.0103828   0.00115404     -0.000706008 0.00306791   0.00115404   -0.0113592
0.0155483    -0.00375749  0.           0.00119655     -0.00375749  0.0169289    0.00306791   -0.00493125    0.           0.00306791   0.0155487    -0.00195054    0.00119655   -0.00493125  -0.00195054  0.0172497

0.           0.           0.           0.             0.           0.           0.           0.             0.           0.           0.           0.             0.           0.           0.           0.
-0.0103829   0.00237688   0.           -0.000706008   0.00237688   -0.0111988   -0.00194048  0.00306791     0.           -0.00194048  -0.0103828   0.00115404     -0.000706008 0.00306791   0.00115404   -0.0113592
0.111111     -0.0127165   0.           0.00251926     -0.0127165   0.114022     0.0103828    -0.0155487     0.           0.0103828    0.111111     -0.00411552    0.00251926   -0.0155487   -0.00411552  0.114365
-0.00411615  0.00141328   0.           -0.000560376   0.00141328   -0.00476382  -0.00115404  0.00195054     0.           -0.00115404  -0.00411552  0.000918405    -0.000560376 0.00195054   0.000918405  -0.00495364

0.00252084   -0.000865324 0.           0.000343326    -0.000865324 0.00291731   0.000706008  -0.00119655    0.           0.000706008  0.00251926   -0.000560369   0.000343326  -0.00119655  -0.000560369 0.00303396
0.0155483    -0.00375749  0.           0.00119655     -0.00375749  0.0169289    0.00306791   -0.00493125    0.           0.00306791   0.0155487    -0.00195054    0.00119655   -0.00493125  -0.00195054  0.0172497
-0.00411615  0.00141328   0.           -0.000560376   0.00141328   -0.00476382  -0.00115404  0.00195054     0.           -0.00115404  -0.00411552  0.000918405    -0.000560376 0.00195054   0.000918405  -0.00495364
0.114366     -0.0139121   0.           0.00303396     -0.0139121   0.117871     0.0113592    -0.0172497     0.           0.0113592    0.114365     -0.00495364    0.00303396   -0.0172497   -0.00495364  0.118426


    Hamiltonian Matrix BA:    < psi_{i1,B} <psi_{i2,A} | V_e-e | psi_{i3,B} <psi_{i4,A} >

HijkBA: {{{{0.2217983817, 0.04973519051, 0.0009212570893, 0.01839833451}, {0.04973519051, 0.02046623345, 0.002060983252, 0.009735909367}, {0.0009219521281, 0.002060983252, -0.001262481461, 0.002588490361}, {0.01839833451, 0.009735909367, 0.002588490361, 0.005181666175}}, {{0.04973519051, 0.2422718654, -0.03856439031, 0.06719635927}, {0.02046623345, 0.05927049459, -0.01263788836, 0.02748158579}, {0.002060983252, 0.004960710511, -0.003587989943, 0.006900046971}, {0.009735909367, 0.02229803459, -0.003444593112, 0.01212569188}}, {{0.0009212570893, -0.03856439031, 0.2190061653, -0.02742299498}, {0.002060983252, -0.01263788836, 0.04445108816, -0.01134199729}, {-0.001262481461, -0.003587989943, 0.003375030912, -0.005598131781}, {0.002588490361, -0.003444593112, 0.01279555565, -0.004003197879}}, {{0.01839833451, 0.06719635927, -0.02742299498, 0.2467054416}, {0.009735909367, 0.02748158579, -0.01134199729, 0.05861582739}, {0.002588490361, 0.006900046971, -0.005598131781, 0.01033468746}, {0.005181666175, 0.01212569188, -0.004003197879, 0.02054409425}}}, {{{0.04973519051, 0.02046623345, 0.002060983252, 0.009735909367}, {0.2422718654, 0.05927049459, 0.004960710511, 0.02228971704}, {-0.03856439031, -0.01263982542, -0.003587989943, -0.003444593112}, {0.06719635927, 0.02748158579, 0.006900046971, 0.01212569188}}, {{0.02046623345, 0.05927049459, -0.01263788794, 0.02748158579}, {0.05927049459, 0.2636862099, -0.03957498208, 0.07542071209}, {-0.01263982585, -0.03957498208, 0.005174274174, -0.01159062777}, {0.02748158579, 0.07542071209, -0.01159062777, 0.03246960433}}, {{0.002060983252, -0.01263788836, 0.04445108816, -0.01134199729}, {0.004960710511, -0.03957498208, 0.2309699908, -0.02738755464}, {-0.003587989943, 0.005174274174, -0.0318118315, 0.001892058237}, {0.006900046971, -0.01159062777, 0.05367490584, -0.01023820726}}, {{0.009735909367, 0.02748158579, -0.01134199729, 0.05861582739}, {0.0222900922, 0.07542071209, -0.02738755464, 0.2612165697}, {-0.003444593112, -0.01159062777, 0.001892058237, -0.03298176652}, {0.01212569188, 0.03246960433, -0.01023820726, 0.06864453272}}}, {{{0.0009219521281, 0.002060983252, -0.001262481461, 0.002588490361}, {-0.03856439031, -0.01263982542, -0.003587989943, -0.003444593112}, {0.2190058232, 0.04445108816, 0.003374250259, 0.01279555565}, {-0.02742299498, -0.01134199729, -0.005598131781, -0.004004010999}}, {{0.002060983252, 0.004960710511, -0.003587989943, 0.006900046971}, {-0.01263982542, -0.03957498208, 0.005174274174, -0.01159062777}, {0.04445108816, 0.2309699908, -0.0318118315, 0.05367490584}, {-0.01134199729, -0.02738755464, 0.001892058237, -0.01023820726}}, {{-0.001262481461, -0.003587989943, 0.003375030912, -0.005598131781}, {-0.003587989943, 0.005174274174, -0.0318118315, 0.001892058237}, {0.003374250259, -0.0318118315, 0.2127016953, -0.01800681641}, {-0.005598131781, 0.001892058237, -0.01800681641, 0.00168836551}}, {{0.002588490361, 0.006900046971, -0.005598131781, 0.01033468746}, {-0.003444593112, -0.01159062777, 0.001892058237, -0.03298176652}, {0.01279555565, 0.05367490584, -0.01800681641, 0.2285515217}, {-0.004004011371, -0.01023820726, 0.00168836551, -0.02089448855}}}, {{{0.01839833451, 0.009735909367, 0.002588490361, 0.005181666175}, {0.06719635927, 0.02748158579, 0.006900046971, 0.01212569188}, {-0.02742299498, -0.01134199729, -0.005598131781, -0.004004010999}, {0.2467054416, 0.05861582739, 0.01033468746, 0.02054409425}}, {{0.009735909367, 0.02229803459, -0.003444593112, 0.01212569188}, {0.02748158579, 0.07542071209, -0.01159062777, 0.03246960433}, {-0.01134199729, -0.02738755464, 0.001892058237, -0.01023820726}, {0.05861582739, 0.2612165697, -0.03298176652, 0.06864453272}}, {{0.002588490361, -0.003444593112, 0.01279555565, -0.00400392151}, {0.006900046971, -0.01159062777, 0.05367490584, -0.01023820726}, {-0.005598131781, 0.001892058237, -0.01800681641, 0.00168836551}, {0.01033468746, -0.03298176652, 0.2285515217, -0.02089448855}}, {{0.005181666175, 0.01212569188, -0.00400392151, 0.02054409425}, {0.01212569188, 0.03246960433, -0.01023820726, 0.06864453272}, {-0.004004011371, -0.01023820726, 0.00168836551, -0.02089448855}, {0.02054409425, 0.06864453272, -0.02089448855, 0.2516768161}}}}
0.221798    0.0497352   0.000921257 0.0183983     0.0497352   0.242272    -0.0385644  0.0671964     0.000921257 -0.0385644  0.219006    -0.027423     0.0183983   0.0671964   -0.027423   0.246705
0.0497352   0.0204662   0.00206098  0.00973591    0.0204662   0.0592705   -0.0126379  0.0274816     0.00206098  -0.0126379  0.0444511   -0.011342     0.00973591  0.0274816   -0.011342   0.0586158
0.000921952 0.00206098  -0.00126248 0.00258849    0.00206098  0.00496071  -0.00358799 0.00690005    -0.00126248 -0.00358799 0.00337503  -0.00559813   0.00258849  0.00690005  -0.00559813 0.0103347
0.0183983   0.00973591  0.00258849  0.00518167    0.00973591  0.022298    -0.00344459 0.0121257     0.00258849  -0.00344459 0.0127956   -0.0040032    0.00518167  0.0121257   -0.0040032  0.0205441

0.0497352   0.0204662   0.00206098  0.00973591    0.0204662   0.0592705   -0.0126379  0.0274816     0.00206098  -0.0126379  0.0444511   -0.011342     0.00973591  0.0274816   -0.011342   0.0586158
0.242272    0.0592705   0.00496071  0.0222897     0.0592705   0.263686    -0.039575   0.0754207     0.00496071  -0.039575   0.23097     -0.0273876    0.0222901   0.0754207   -0.0273876  0.261217
-0.0385644  -0.0126398  -0.00358799 -0.00344459   -0.0126398  -0.039575   0.00517427  -0.0115906    -0.00358799 0.00517427  -0.0318118  0.00189206    -0.00344459 -0.0115906  0.00189206  -0.0329818
0.0671964   0.0274816   0.00690005  0.0121257     0.0274816   0.0754207   -0.0115906  0.0324696     0.00690005  -0.0115906  0.0536749   -0.0102382    0.0121257   0.0324696   -0.0102382  0.0686445

0.000921952 0.00206098  -0.00126248 0.00258849    0.00206098  0.00496071  -0.00358799 0.00690005    -0.00126248 -0.00358799 0.00337503  -0.00559813   0.00258849  0.00690005  -0.00559813 0.0103347
-0.0385644  -0.0126398  -0.00358799 -0.00344459   -0.0126398  -0.039575   0.00517427  -0.0115906    -0.00358799 0.00517427  -0.0318118  0.00189206    -0.00344459 -0.0115906  0.00189206  -0.0329818
0.219006    0.0444511   0.00337425  0.0127956     0.0444511   0.23097     -0.0318118  0.0536749     0.00337425  -0.0318118  0.212702    -0.0180068    0.0127956   0.0536749   -0.0180068  0.228552
-0.027423   -0.011342   -0.00559813 -0.00400401   -0.011342   -0.0273876  0.00189206  -0.0102382    -0.00559813 0.00189206  -0.0180068  0.00168837    -0.00400401 -0.0102382  0.00168837  -0.0208945

0.0183983   0.00973591  0.00258849  0.00518167    0.00973591  0.022298    -0.00344459 0.0121257     0.00258849  -0.00344459 0.0127956   -0.00400392   0.00518167  0.0121257   -0.00400392 0.0205441
0.0671964   0.0274816   0.00690005  0.0121257     0.0274816   0.0754207   -0.0115906  0.0324696     0.00690005  -0.0115906  0.0536749   -0.0102382    0.0121257   0.0324696   -0.0102382  0.0686445
-0.027423   -0.011342   -0.00559813 -0.00400401   -0.011342   -0.0273876  0.00189206  -0.0102382    -0.00559813 0.00189206  -0.0180068  0.00168837    -0.00400401 -0.0102382  0.00168837  -0.0208945
0.246705    0.0586158   0.0103347   0.0205441     0.0586158   0.261217    -0.0329818  0.0686445     0.0103347   -0.0329818  0.228552    -0.0208945    0.0205441   0.0686445   -0.0208945  0.251677


    Hamiltonian Matrix BC:    < psi_{i1,B} <psi_{i2,C} | V_e-e | psi_{i3,B} <psi_{i4,C} >

HijkBC: {{{{0.2217983817, -0.04973519051, 0.00092128775, 0.01839833451}, {-0.04973519051, 0.02046623345, -0.002060983252, -0.009735909367}, {0.0009219521281, -0.002060983252, -0.001262481461, 0.002588490361}, {0.01839833451, -0.009735909367, 0.002588490361, 0.005181666175}}, {{-0.04973519051, 0.2422718654, 0.03856439031, -0.06719635927}, {0.02046623345, -0.05927049459, -0.01263788851, 0.02748155661}, {-0.002060983252, 0.004960710511, 0.003587989943, -0.006900046971}, {-0.009735909367, 0.02229764581, 0.003444593112, -0.01212569188}}, {{0.00092128775, 0.03856439031, 0.219009752, -0.02742299498}, {-0.002060983252, -0.01263788851, -0.04445108816, 0.01134199729}, {-0.001262481461, 0.003587989943, 0.003375082898, -0.005598131781}, {0.002588490361, 0.003444593112, 0.01279555565, -0.004006605328}}, {{0.01839833451, -0.06719635927, -0.02742299498, 0.2467054416}, {-0.009735909367, 0.02748155661, 0.01134199729, -0.05861582739}, {0.002588490361, -0.006900046971, -0.005598131781, 0.01033468746}, {0.005181666175, -0.01212569188, -0.004006605328, 0.02054409425}}}, {{{-0.04973519051, 0.02046623345, -0.002060983252, -0.009735909367}, {0.2422718654, -0.05927049459, 0.004960710511, 0.02229036664}, {0.03856439031, -0.01263982528, 0.003587989943, 0.003444593112}, {-0.06719635927, 0.02748155661, -0.006900046971, -0.01212569188}}, {{0.02046623345, -0.05927049459, -0.01263788836, 0.02748155661}, {-0.05927049459, 0.2636862099, 0.03957498208, -0.07542071209}, {-0.01263982542, 0.03957498208, 0.005174274174, -0.01159062777}, {0.02748155661, -0.07542071209, -0.01159062777, 0.03246960433}}, {{-0.002060983252, -0.01263788851, -0.04445108816, 0.01134199729}, {0.004960710511, 0.03957498208, 0.2309699908, -0.02738755464}, {0.003587989943, 0.005174274174, 0.0318118315, -0.001892058237}, {-0.006900046971, -0.01159062777, -0.05367490584, 0.01023820726}}, {{-0.009735909367, 0.02748155661, 0.01134199729, -0.05861582739}, {0.02229036664, -0.07542071209, -0.02738755464, 0.2612165697}, {0.003444593112, -0.01159062777, -0.001892058237, 0.03298176652}, {-0.01212569188, 0.03246960433, 0.01023820726, -0.06864453272}}}, {{{0.0009219521281, -0.002060983252, -0.001262481461, 0.002588490361}, {0.03856439031, -0.01263982528, 0.003587989943, 0.003444593112}, {0.2190055525, -0.04445108816, 0.003374240654, 0.01279555565}, {-0.02742299498, 0.01134199729, -0.005598131781, -0.004006422737}}, {{-0.002060983252, 0.004960710511, 0.003587989943, -0.006900046971}, {-0.01263982528, 0.03957498208, 0.005174274174, -0.01159062777}, {-0.04445108816, 0.2309699908, 0.0318118315, -0.05367490584}, {0.01134199729, -0.02738755464, -0.001892058237, 0.01023820726}}, {{-0.001262481461, 0.003587989943, 0.003375082898, -0.005598131781}, {0.003587989943, 0.005174274174, 0.0318118315, -0.001892058237}, {0.003374240654, 0.0318118315, 0.2127016953, -0.01800681641}, {-0.005598131781, -0.001892058237, -0.01800681641, 0.00168836551}}, {{0.002588490361, -0.006900046971, -0.005598131781, 0.01033468746}, {0.003444593112, -0.01159062777, -0.001892058237, 0.03298176652}, {0.01279555565, -0.05367490584, -0.01800681641, 0.2285515217}, {-0.004003922255, 0.01023820726, 0.00168836551, -0.02089448855}}}, {{{0.01839833451, -0.009735909367, 0.002588490361, 0.005181666175}, {-0.06719635927, 0.02748155661, -0.006900046971, -0.01212569188}, {-0.02742299498, 0.01134199729, -0.005598131781, -0.004006422737}, {0.2467054416, -0.05861582739, 0.01033468746, 0.02054409425}}, {{-0.009735909367, 0.02229764581, 0.003444593112, -0.01212569188}, {0.02748155661, -0.07542071209, -0.01159062777, 0.03246960433}, {0.01134199729, -0.02738755464, -0.001892058237, 0.01023820726}, {-0.05861582739, 0.2612165697, 0.03298176652, -0.06864453272}}, {{0.002588490361, 0.003444593112, 0.01279555565, -0.004004010626}, {-0.006900046971, -0.01159062777, -0.05367490584, 0.01023820726}, {-0.005598131781, -0.001892058237, -0.01800681641, 0.00168836551}, {0.01033468746, 0.03298176652, 0.2285515217, -0.02089448855}}, {{0.005181666175, -0.01212569188, -0.004004010626, 0.02054409425}, {-0.01212569188, 0.03246960433, 0.01023820726, -0.06864453272}, {-0.004003922255, 0.01023820726, 0.00168836551, -0.02089448855}, {0.02054409425, -0.06864453272, -0.02089448855, 0.2516768161}}}}
0.221798    -0.0497352  0.000921288 0.0183983     -0.0497352  0.242272    0.0385644   -0.0671964    0.000921288 0.0385644   0.21901     -0.027423     0.0183983   -0.0671964  -0.027423   0.246705
-0.0497352  0.0204662   -0.00206098 -0.00973591   0.0204662   -0.0592705  -0.0126379  0.0274816     -0.00206098 -0.0126379  -0.0444511  0.011342      -0.00973591 0.0274816   0.011342    -0.0586158
0.000921952 -0.00206098 -0.00126248 0.00258849    -0.00206098 0.00496071  0.00358799  -0.00690005   -0.00126248 0.00358799  0.00337508  -0.00559813   0.00258849  -0.00690005 -0.00559813 0.0103347
0.0183983   -0.00973591 0.00258849  0.00518167    -0.00973591 0.0222976   0.00344459  -0.0121257    0.00258849  0.00344459  0.0127956   -0.00400661   0.00518167  -0.0121257  -0.00400661 0.0205441

-0.0497352  0.0204662   -0.00206098 -0.00973591   0.0204662   -0.0592705  -0.0126379  0.0274816     -0.00206098 -0.0126379  -0.0444511  0.011342      -0.00973591 0.0274816   0.011342    -0.0586158
0.242272    -0.0592705  0.00496071  0.0222904     -0.0592705  0.263686    0.039575    -0.0754207    0.00496071  0.039575    0.23097     -0.0273876    0.0222904   -0.0754207  -0.0273876  0.261217
0.0385644   -0.0126398  0.00358799  0.00344459    -0.0126398  0.039575    0.00517427  -0.0115906    0.00358799  0.00517427  0.0318118   -0.00189206   0.00344459  -0.0115906  -0.00189206 0.0329818
-0.0671964  0.0274816   -0.00690005 -0.0121257    0.0274816   -0.0754207  -0.0115906  0.0324696     -0.00690005 -0.0115906  -0.0536749  0.0102382     -0.0121257  0.0324696   0.0102382   -0.0686445

0.000921952 -0.00206098 -0.00126248 0.00258849    -0.00206098 0.00496071  0.00358799  -0.00690005   -0.00126248 0.00358799  0.00337508  -0.00559813   0.00258849  -0.00690005 -0.00559813 0.0103347
0.0385644   -0.0126398  0.00358799  0.00344459    -0.0126398  0.039575    0.00517427  -0.0115906    0.00358799  0.00517427  0.0318118   -0.00189206   0.00344459  -0.0115906  -0.00189206 0.0329818
0.219006    -0.0444511  0.00337424  0.0127956     -0.0444511  0.23097     0.0318118   -0.0536749    0.00337424  0.0318118   0.212702    -0.0180068    0.0127956   -0.0536749  -0.0180068  0.228552
-0.027423   0.011342    -0.00559813 -0.00400642   0.011342    -0.0273876  -0.00189206 0.0102382     -0.00559813 -0.00189206 -0.0180068  0.00168837    -0.00400392 0.0102382   0.00168837  -0.0208945

0.0183983   -0.00973591 0.00258849  0.00518167    -0.00973591 0.0222976   0.00344459  -0.0121257    0.00258849  0.00344459  0.0127956   -0.00400401   0.00518167  -0.0121257  -0.00400401 0.0205441
-0.0671964  0.0274816   -0.00690005 -0.0121257    0.0274816   -0.0754207  -0.0115906  0.0324696     -0.00690005 -0.0115906  -0.0536749  0.0102382     -0.0121257  0.0324696   0.0102382   -0.0686445
-0.027423   0.011342    -0.00559813 -0.00400642   0.011342    -0.0273876  -0.00189206 0.0102382     -0.00559813 -0.00189206 -0.0180068  0.00168837    -0.00400392 0.0102382   0.00168837  -0.0208945
0.246705    -0.0586158  0.0103347   0.0205441     -0.0586158  0.261217    0.0329818   -0.0686445    0.0103347   0.0329818   0.228552    -0.0208945    0.0205441   -0.0686445  -0.0208945  0.251677


    Hamiltonian Matrix CA:    < psi_{i1,C} <psi_{i2,A} | V_e-e | psi_{i3,C} <psi_{i4,A} >

HijkCA: {{{{0.111111094, -0.01271624441, 0.00000007072231926, 0.002520841146}, {0.01271624441, -0.002910869393, -0.0000001233616318, 0.0008653238739}, {0.00000007107929448, 0.0000001233616318, 0.0000002043640795, -0.0000000197787785}, {0.002520841146, -0.0008653238739, -0.00000001977877851, 0.0003433263363}}, {{-0.01271624441, 0.1140222287, 0.01038285239, -0.01554829844}, {-0.002910869393, 0.0137159277, 0.002376877125, -0.00375749332}, {0.0000001233616318, 0.0000004000584652, -0.0000002577847964, 0.00000001290070081}, {-0.0008653238739, 0.002917285601, 0.0007060080646, -0.001196551365}}, {{0.00000007072231926, 0.01038285239, 0.1111111886, -0.004116148214}, {-0.0000001233616318, 0.002376877125, 0.01271648813, -0.001413279185}, {0.0000002043640795, -0.0000002577847963, -0.000008284764945, 0.0000002663565006}, {-0.00000001977877851, 0.0007060080646, 0.002519258832, -0.0005603687468}}, {{0.002520841146, -0.01554829844, -0.004116148214, 0.1143658967}, {0.0008653238739, -0.00375749332, -0.001413279185, 0.01391211102}, {-0.0000000197787785, 0.00000001290070081, 0.0000002663565006, 0.0000003899087691}, {0.0003433263363, -0.001196551365, -0.0005603687468, 0.003033957786}}}, {{{0.01271624441, -0.002910869393, -0.0000001233616318, 0.0008653238739}, {0.1140222287, -0.0137159277, 0.0000004000584652, 0.002917283021}, {-0.01038285239, 0.002376878994, 0.0000002577847964, -0.0007060080646}, {0.01554829844, -0.00375749332, -0.0000000129007008, 0.001196551365}}, {{-0.002910869393, 0.0137159277, 0.002376878363, -0.00375749332}, {-0.0137159277, 0.11739245, 0.01119881375, -0.01692894242}, {0.002376877779, -0.01119881375, -0.001940475989, 0.003067905045}, {-0.00375749332, 0.01692894242, 0.003067905045, -0.004931246019}}, {{-0.0000001233616318, 0.002376877125, 0.01271648813, -0.001413279185}, {0.0000004000584652, 0.01119881375, 0.1140220423, -0.004763818722}, {0.0000002577847964, -0.001940475989, -0.01038278662, 0.001154037568}, {-0.0000000129007008, 0.003067905045, 0.01554872258, -0.001950544158}}, {{0.0008653238739, -0.00375749332, -0.001413279185, 0.01391211102}, {0.002917272743, -0.01692894242, -0.004763818722, 0.1178710516}, {-0.0007060080646, 0.003067905045, 0.001154037568, -0.01135919275}, {0.001196551365, -0.004931246019, -0.001950544158, 0.01724974647}}}, {{{0.00000007107929448, 0.0000001233616318, 0.0000002043640795, -0.0000000197787785}, {-0.01038285239, 0.002376878994, 0.0000002577847964, -0.0007060080646}, {0.1111112108, -0.01271648813, -0.000008277882167, 0.002519258832}, {-0.004116148214, 0.001413279185, 0.0000002663565006, -0.000560376375}}, {{0.0000001233616318, 0.0000004000584652, -0.0000002577847964, 0.00000001290070081}, {0.002376878994, -0.01119881375, -0.001940475989, 0.003067905045}, {-0.01271648813, 0.1140220423, 0.01038278662, -0.01554872258}, {0.001413279185, -0.004763818722, -0.001154037568, 0.001950544158}}, {{0.0000002043640795, -0.0000002577847963, -0.000008284764945, 0.0000002663565006}, {0.0000002577847964, -0.001940475989, -0.01038278662, 0.001154037568}, {-0.000008277882167, 0.01038278662, 0.1111112531, -0.004115517829}, {0.0000002663565006, -0.001154037568, -0.004115517829, 0.0009184049637}}, {{-0.0000000197787785, 0.00000001290070081, 0.0000002663565006, 0.0000003899087689}, {-0.0007060080646, 0.003067905045, 0.001154037568, -0.01135919275}, {0.002519258832, -0.01554872258, -0.004115517829, 0.1143652429}, {-0.000560376375, 0.001950544158, 0.0009184049637, -0.004953637006}}}, {{{0.002520841146, -0.0008653238739, -0.00000001977877851, 0.0003433263363}, {0.01554829844, -0.00375749332, -0.0000000129007008, 0.001196551365}, {-0.004116148214, 0.001413279185, 0.0000002663565006, -0.000560376375}, {0.1143658967, -0.01391211102, 0.0000003899087691, 0.003033957786}}, {{-0.0008653238739, 0.002917312163, 0.0007060080646, -0.001196551365}, {-0.00375749332, 0.01692894242, 0.003067905045, -0.004931246019}, {0.001413279185, -0.004763818722, -0.001154037568, 0.001950544158}, {-0.01391211102, 0.1178710516, 0.01135919275, -0.01724974647}}, {{-0.00000001977877851, 0.0007060080646, 0.002519258832, -0.000560368752}, {-0.0000000129007008, 0.003067905045, 0.01554872258, -0.001950544158}, {0.0000002663565006, -0.001154037568, -0.004115517829, 0.0009184049637}, {0.000000389908769, 0.01135919275, 0.1143652429, -0.004953637006}}, {{0.0003433263363, -0.001196551365, -0.000560368752, 0.003033957786}, {0.001196551365, -0.004931246019, -0.001950544158, 0.01724974647}, {-0.000560376375, 0.001950544158, 0.0009184049637, -0.004953637006}, {0.003033957786, -0.01724974647, -0.004953637006, 0.1184259871}}}}
0.111111     -0.0127162   0.           0.00252084     -0.0127162   0.114022     0.0103829    -0.0155483     0.           0.0103829    0.111111     -0.00411615    0.00252084   -0.0155483   -0.00411615  0.114366
0.0127162    -0.00291087  0.           0.000865324    -0.00291087  0.0137159    0.00237688   -0.00375749    0.           0.00237688   0.0127165    -0.00141328    0.000865324  -0.00375749  -0.00141328  0.0139121
0.           0.           0.           0.             0.           0.           0.           0.             0.           0.           0.           0.             0.           0.           0.           0.
0.00252084   -0.000865324 0.           0.000343326    -0.000865324 0.00291729   0.000706008  -0.00119655    0.           0.000706008  0.00251926   -0.000560369   0.000343326  -0.00119655  -0.000560369 0.00303396

0.0127162    -0.00291087  0.           0.000865324    -0.00291087  0.0137159    0.00237688   -0.00375749    0.           0.00237688   0.0127165    -0.00141328    0.000865324  -0.00375749  -0.00141328  0.0139121
0.114022     -0.0137159   0.           0.00291728     -0.0137159   0.117392     0.0111988    -0.0169289     0.           0.0111988    0.114022     -0.00476382    0.00291727   -0.0169289   -0.00476382  0.117871
-0.0103829   0.00237688   0.           -0.000706008   0.00237688   -0.0111988   -0.00194048  0.00306791     0.           -0.00194048  -0.0103828   0.00115404     -0.000706008 0.00306791   0.00115404   -0.0113592
0.0155483    -0.00375749  0.           0.00119655     -0.00375749  0.0169289    0.00306791   -0.00493125    0.           0.00306791   0.0155487    -0.00195054    0.00119655   -0.00493125  -0.00195054  0.0172497

0.           0.           0.           0.             0.           0.           0.           0.             0.           0.           0.           0.             0.           0.           0.           0.
-0.0103829   0.00237688   0.           -0.000706008   0.00237688   -0.0111988   -0.00194048  0.00306791     0.           -0.00194048  -0.0103828   0.00115404     -0.000706008 0.00306791   0.00115404   -0.0113592
0.111111     -0.0127165   0.           0.00251926     -0.0127165   0.114022     0.0103828    -0.0155487     0.           0.0103828    0.111111     -0.00411552    0.00251926   -0.0155487   -0.00411552  0.114365
-0.00411615  0.00141328   0.           -0.000560376   0.00141328   -0.00476382  -0.00115404  0.00195054     0.           -0.00115404  -0.00411552  0.000918405    -0.000560376 0.00195054   0.000918405  -0.00495364

0.00252084   -0.000865324 0.           0.000343326    -0.000865324 0.00291731   0.000706008  -0.00119655    0.           0.000706008  0.00251926   -0.000560369   0.000343326  -0.00119655  -0.000560369 0.00303396
0.0155483    -0.00375749  0.           0.00119655     -0.00375749  0.0169289    0.00306791   -0.00493125    0.           0.00306791   0.0155487    -0.00195054    0.00119655   -0.00493125  -0.00195054  0.0172497
-0.00411615  0.00141328   0.           -0.000560376   0.00141328   -0.00476382  -0.00115404  0.00195054     0.           -0.00115404  -0.00411552  0.000918405    -0.000560376 0.00195054   0.000918405  -0.00495364
0.114366     -0.0139121   0.           0.00303396     -0.0139121   0.117871     0.0113592    -0.0172497     0.           0.0113592    0.114365     -0.00495364    0.00303396   -0.0172497   -0.00495364  0.118426


    Hamiltonian Matrix CB:    < psi_{i1,C} <psi_{i2,B} | V_e-e | psi_{i3,C} <psi_{i4,B} >

HijkCB: {{{{0.2217983817, -0.04973519051, 0.00092128775, 0.01839833451}, {-0.04973519051, 0.02046623345, -0.002060983252, -0.009735909367}, {0.0009219521281, -0.002060983252, -0.001262481461, 0.002588490361}, {0.01839833451, -0.009735909367, 0.002588490361, 0.005181666175}}, {{-0.04973519051, 0.2422718654, 0.03856439031, -0.06719635927}, {0.02046623345, -0.05927049459, -0.01263788851, 0.02748155661}, {-0.002060983252, 0.004960710511, 0.003587989943, -0.006900046971}, {-0.009735909367, 0.02229764581, 0.003444593112, -0.01212569188}}, {{0.00092128775, 0.03856439031, 0.219009752, -0.02742299498}, {-0.002060983252, -0.01263788851, -0.04445108816, 0.01134199729}, {-0.001262481461, 0.003587989943, 0.003375082898, -0.005598131781}, {0.002588490361, 0.003444593112, 0.01279555565, -0.004006605328}}, {{0.01839833451, -0.06719635927, -0.02742299498, 0.2467054416}, {-0.009735909367, 0.02748155661, 0.01134199729, -0.05861582739}, {0.002588490361, -0.006900046971, -0.005598131781, 0.01033468746}, {0.005181666175, -0.01212569188, -0.004006605328, 0.02054409425}}}, {{{-0.04973519051, 0.02046623345, -0.002060983252, -0.009735909367}, {0.2422718654, -0.05927049459, 0.004960710511, 0.02229036664}, {0.03856439031, -0.01263982528, 0.003587989943, 0.003444593112}, {-0.06719635927, 0.02748155661, -0.006900046971, -0.01212569188}}, {{0.02046623345, -0.05927049459, -0.01263788836, 0.02748155661}, {-0.05927049459, 0.2636862099, 0.03957498208, -0.07542071209}, {-0.01263982542, 0.03957498208, 0.005174274174, -0.01159062777}, {0.02748155661, -0.07542071209, -0.01159062777, 0.03246960433}}, {{-0.002060983252, -0.01263788851, -0.04445108816, 0.01134199729}, {0.004960710511, 0.03957498208, 0.2309699908, -0.02738755464}, {0.003587989943, 0.005174274174, 0.0318118315, -0.001892058237}, {-0.006900046971, -0.01159062777, -0.05367490584, 0.01023820726}}, {{-0.009735909367, 0.02748155661, 0.01134199729, -0.05861582739}, {0.02229036664, -0.07542071209, -0.02738755464, 0.2612165697}, {0.003444593112, -0.01159062777, -0.001892058237, 0.03298176652}, {-0.01212569188, 0.03246960433, 0.01023820726, -0.06864453272}}}, {{{0.0009219521281, -0.002060983252, -0.001262481461, 0.002588490361}, {0.03856439031, -0.01263982528, 0.003587989943, 0.003444593112}, {0.2190055525, -0.04445108816, 0.003374240654, 0.01279555565}, {-0.02742299498, 0.01134199729, -0.005598131781, -0.004006422737}}, {{-0.002060983252, 0.004960710511, 0.003587989943, -0.006900046971}, {-0.01263982528, 0.03957498208, 0.005174274174, -0.01159062777}, {-0.04445108816, 0.2309699908, 0.0318118315, -0.05367490584}, {0.01134199729, -0.02738755464, -0.001892058237, 0.01023820726}}, {{-0.001262481461, 0.003587989943, 0.003375082898, -0.005598131781}, {0.003587989943, 0.005174274174, 0.0318118315, -0.001892058237}, {0.003374240654, 0.0318118315, 0.2127016953, -0.01800681641}, {-0.005598131781, -0.001892058237, -0.01800681641, 0.00168836551}}, {{0.002588490361, -0.006900046971, -0.005598131781, 0.01033468746}, {0.003444593112, -0.01159062777, -0.001892058237, 0.03298176652}, {0.01279555565, -0.05367490584, -0.01800681641, 0.2285515217}, {-0.004003922255, 0.01023820726, 0.00168836551, -0.02089448855}}}, {{{0.01839833451, -0.009735909367, 0.002588490361, 0.005181666175}, {-0.06719635927, 0.02748155661, -0.006900046971, -0.01212569188}, {-0.02742299498, 0.01134199729, -0.005598131781, -0.004006422737}, {0.2467054416, -0.05861582739, 0.01033468746, 0.02054409425}}, {{-0.009735909367, 0.02229764581, 0.003444593112, -0.01212569188}, {0.02748155661, -0.07542071209, -0.01159062777, 0.03246960433}, {0.01134199729, -0.02738755464, -0.001892058237, 0.01023820726}, {-0.05861582739, 0.2612165697, 0.03298176652, -0.06864453272}}, {{0.002588490361, 0.003444593112, 0.01279555565, -0.004004010626}, {-0.006900046971, -0.01159062777, -0.05367490584, 0.01023820726}, {-0.005598131781, -0.001892058237, -0.01800681641, 0.00168836551}, {0.01033468746, 0.03298176652, 0.2285515217, -0.02089448855}}, {{0.005181666175, -0.01212569188, -0.004004010626, 0.02054409425}, {-0.01212569188, 0.03246960433, 0.01023820726, -0.06864453272}, {-0.004003922255, 0.01023820726, 0.00168836551, -0.02089448855}, {0.02054409425, -0.06864453272, -0.02089448855, 0.2516768161}}}}
0.221798    -0.0497352  0.000921288 0.0183983     -0.0497352  0.242272    0.0385644   -0.0671964    0.000921288 0.0385644   0.21901     -0.027423     0.0183983   -0.0671964  -0.027423   0.246705
-0.0497352  0.0204662   -0.00206098 -0.00973591   0.0204662   -0.0592705  -0.0126379  0.0274816     -0.00206098 -0.0126379  -0.0444511  0.011342      -0.00973591 0.0274816   0.011342    -0.0586158
0.000921952 -0.00206098 -0.00126248 0.00258849    -0.00206098 0.00496071  0.00358799  -0.00690005   -0.00126248 0.00358799  0.00337508  -0.00559813   0.00258849  -0.00690005 -0.00559813 0.0103347
0.0183983   -0.00973591 0.00258849  0.00518167    -0.00973591 0.0222976   0.00344459  -0.0121257    0.00258849  0.00344459  0.0127956   -0.00400661   0.00518167  -0.0121257  -0.00400661 0.0205441

-0.0497352  0.0204662   -0.00206098 -0.00973591   0.0204662   -0.0592705  -0.0126379  0.0274816     -0.00206098 -0.0126379  -0.0444511  0.011342      -0.00973591 0.0274816   0.011342    -0.0586158
0.242272    -0.0592705  0.00496071  0.0222904     -0.0592705  0.263686    0.039575    -0.0754207    0.00496071  0.039575    0.23097     -0.0273876    0.0222904   -0.0754207  -0.0273876  0.261217
0.0385644   -0.0126398  0.00358799  0.00344459    -0.0126398  0.039575    0.00517427  -0.0115906    0.00358799  0.00517427  0.0318118   -0.00189206   0.00344459  -0.0115906  -0.00189206 0.0329818
-0.0671964  0.0274816   -0.00690005 -0.0121257    0.0274816   -0.0754207  -0.0115906  0.0324696     -0.00690005 -0.0115906  -0.0536749  0.0102382     -0.0121257  0.0324696   0.0102382   -0.0686445

0.000921952 -0.00206098 -0.00126248 0.00258849    -0.00206098 0.00496071  0.00358799  -0.00690005   -0.00126248 0.00358799  0.00337508  -0.00559813   0.00258849  -0.00690005 -0.00559813 0.0103347
0.0385644   -0.0126398  0.00358799  0.00344459    -0.0126398  0.039575    0.00517427  -0.0115906    0.00358799  0.00517427  0.0318118   -0.00189206   0.00344459  -0.0115906  -0.00189206 0.0329818
0.219006    -0.0444511  0.00337424  0.0127956     -0.0444511  0.23097     0.0318118   -0.0536749    0.00337424  0.0318118   0.212702    -0.0180068    0.0127956   -0.0536749  -0.0180068  0.228552
-0.027423   0.011342    -0.00559813 -0.00400642   0.011342    -0.0273876  -0.00189206 0.0102382     -0.00559813 -0.00189206 -0.0180068  0.00168837    -0.00400392 0.0102382   0.00168837  -0.0208945

0.0183983   -0.00973591 0.00258849  0.00518167    -0.00973591 0.0222976   0.00344459  -0.0121257    0.00258849  0.00344459  0.0127956   -0.00400401   0.00518167  -0.0121257  -0.00400401 0.0205441
-0.0671964  0.0274816   -0.00690005 -0.0121257    0.0274816   -0.0754207  -0.0115906  0.0324696     -0.00690005 -0.0115906  -0.0536749  0.0102382     -0.0121257  0.0324696   0.0102382   -0.0686445
-0.027423   0.011342    -0.00559813 -0.00400642   0.011342    -0.0273876  -0.00189206 0.0102382     -0.00559813 -0.00189206 -0.0180068  0.00168837    -0.00400392 0.0102382   0.00168837  -0.0208945
0.246705    -0.0586158  0.0103347   0.0205441     -0.0586158  0.261217    0.0329818   -0.0686445    0.0103347   0.0329818   0.228552    -0.0208945    0.0205441   -0.0686445  -0.0208945  0.251677


Energy:  {2.826332903}


Coefficients: {{0.9994977598, 0.03150558457, -0.001339466701, 0.003135630541}, {0.9996187099, -0.02733774529, -0.002560809863, 0.002919723136}, {0.9996187099, -0.02733774529, -0.002560809863, 0.002919723136}, {0.9994977598, 0.03150558457, -0.001339466701, 0.003135630541}}


r2: {3.191960159, 3.197800865, 3.197800865, 3.191960159}
r2f: {3.18284615}


r3: {7.005421463, 7.024636756, 7.024636756, 7.005421463}
r3f: {6.975440461}


alpha: {4.519341361, 4.531737541, 4.531737541, 4.519341361}
alphaf: {4.5}




~~~XDM (a1=0.65, a2=3.17474)~~~

M1^2: {3.185018373, 3.18450544, 3.18450544, 3.185018373}
M1f^2: {3.18284615}

M2^2: {16.90700618, 16.90181249, 16.90181249, 16.90700618}
M2f^2: {16.88418269}

M3^2: {125.650398, 125.5927534, 125.5927534, 125.650398}
M3f^2: {125.3927637}

C6XDM: {{7.197092634, 7.206368466, 7.206368466, 7.197092634}, {7.206368466, 7.215671427, 7.215671427, 7.206368466}, {7.206368466, 7.215671427, 7.215671427, 7.206368466}, {7.197092634, 7.206368466, 7.206368466, 7.197092634}}
C6XDMf: {7.161403837}

C8XDM: {{114.6127985, 114.7521277, 114.7521277, 114.6127985}, {114.7521277, 114.8918673, 114.8918673, 114.7521277}, {114.7521277, 114.8918673, 114.8918673, 114.7521277}, {114.6127985, 114.7521277, 114.7521277, 114.6127985}}
C8XDMf: {113.9682331}

C10XDM: {{1987.471494, 1989.739037, 1989.739037, 1987.471494}, {1989.739037, 1992.01333, 1992.01333, 1989.739037}, {1989.739037, 1992.01333, 1992.01333, 1989.739037}, {1987.471494, 1989.739037, 1989.739037, 1987.471494}}
C10XDMf: {1974.936028}

EXDMC6: {-0.002632956151}
EXDMC8: {-0.002053564696}
EXDMC10: {-0.001754856865}

EXDMBJC6: {-0.000483158098}
EXDMBJC8: {-0.0002359321767}
EXDMBJC10: {-0.0001246225531}

EXDM: {-0.006441377712}
EXDMBJ: {-0.0008437128278}




~~~TS (dTS=20, sR=0.62)~~~

C6TS: {{7.223096708, 7.242909067, 7.242909067, 7.223096708}, {7.242909067, 7.262775769, 7.262775769, 7.242909067}, {7.242909067, 7.262775769, 7.262775769, 7.242909067}, {7.223096708, 7.242909067, 7.242909067, 7.223096708}}
C6TSf: {7.161403837}

ETS: {-0.002647571562}
ETSWY: {-0.002560109275}




~~~MBD~~~

 alpha: {4.578444377, 4.615686323, 4.615686323, 4.578444377}
  C6ii: {7.34078133, 7.430799495, 7.430799495, 7.34078133}
 omega: {0.4669228624, 0.4650522026, 0.4650522026, 0.4669228624}
lambda: {0.2498101587, 0.2359029933, 0.2359029933, 0.2328859164, 0.2228480417, 0.2228480417, 0.2097422983, 0.2097422983, 0.2070951298, 0.2000876879, 0.2000876879, 0.1787898163}
Energy: {-0.00271838011}

~~~MBD@rsSCS (drsSCS=6, sR=0.62)~~~

 alpha: {4.522415036, 4.536294839, 4.536294839, 4.522415036}
  C6ii: {7.229345872, 7.272122768, 7.272122768, 7.229345872}
 omega: {0.4712994218, 0.4711914382, 0.4711914382, 0.4712994218}
lambda: {0.2460234598, 0.2365277077, 0.2365277077, 0.2340313311, 0.2255813469, 0.2255813469, 0.2161213434, 0.2161213434, 0.2151301258, 0.210058635, 0.210058635, 0.1931041162}
Energy: {-0.001450958502}




~~~MBDFree1~~~

 alpha: {4.558093286, 4.582339974, 4.582339974, 4.558093286}
  C6ii: {7.276573321, 7.325029449, 7.325029449, 7.276573321}
 omega: {0.4669810184, 0.4651290847, 0.4651290847, 0.4669810184}
lambda: {0.2496778985, 0.2358537451, 0.2358537451, 0.2328692954, 0.222880364, 0.222880364, 0.2098403855, 0.2098403855, 0.2072031823, 0.2002581792, 0.2002581792, 0.1790822976}
Energy: {-0.002684918629}

~~~MBDFree1@rsSCS (drsSCS=6, sR=0.62)~~~

 alpha: {4.503025521, 4.504478277, 4.504478277, 4.503025521}
  C6ii: {7.167526239, 7.170518912, 7.170518912, 7.167526239}
 omega: {0.4713019227, 0.4711946258, 0.4711946258, 0.4713019227}
lambda: {0.2458749047, 0.2364414994, 0.2364414994, 0.2339726414, 0.2255665478, 0.2255665478, 0.2161544902, 0.2161544902, 0.2151671967, 0.210137218, 0.210137218, 0.1932850126}
Energy: {-0.001433218915}




~~~MBDFree2~~~

 alpha: {4.558093286, 4.582339974, 4.582339974, 4.558093286}
  C6ii: {7.339495283, 7.428550291, 7.428550291, 7.339495283}
 omega: {0.4710190951, 0.4717025128, 0.4717025128, 0.4710190951}
lambda: {0.2560518123, 0.2417477382, 0.2417477382, 0.2376832722, 0.2273659422, 0.2273659422, 0.2142088404, 0.2142088404, 0.2114056669, 0.2054019763, 0.2054019763, 0.1835837457}
Energy: {-0.002717928192}

~~~MBDFree2@rsSCS (drsSCS=6, sR=0.62)~~~

 alpha: {4.503025521, 4.504478277, 4.504478277, 4.503025521}
  C6ii: {7.229284497, 7.272011514, 7.272011514, 7.229284497}
 omega: {0.4753628476, 0.4778639854, 0.4778639854, 0.4753628476}
lambda: {0.2522257885, 0.2424130503, 0.2424130503, 0.2388673645, 0.2301765836, 0.2301765836, 0.2205931202, 0.2205931202, 0.2194627272, 0.2154648966, 0.2154648966, 0.1980917705}
Energy: {-0.001450821702}




~~~MBD@XDM1~~~

 alpha: {4.569848749, 4.60022931, 4.60022931, 4.569848749}
  C6ii: {7.313660139, 7.381667331, 7.381667331, 7.313660139}
 omega: {0.4669494404, 0.4650870468, 0.4650870468, 0.4669494404}
lambda: {0.2497497199, 0.2358805956, 0.2358805956, 0.2328796157, 0.2228632506, 0.2228632506, 0.2097862845, 0.2097862845, 0.2071433571, 0.2001653511, 0.2001653511, 0.1789227892}
Energy: {-0.002703172278}

~~~MBD@XDM1@rsSCS (drsSCS=6, sR=0.62)~~~

 alpha: {4.514250992, 4.521538897, 4.521538897, 4.514250992}
  C6ii: {7.203285541, 7.22491141, 7.22491141, 7.203285541}
 omega: {0.471300568, 0.4711928811, 0.4711928811, 0.471300568}
lambda: {0.24595564, 0.2364885275, 0.2364885275, 0.2340055975, 0.2255749415, 0.2255749415, 0.216135942, 0.216135942, 0.2151463424, 0.2100945021, 0.2100945021, 0.1931863333}
Energy: {-0.001442897259}




~~~MBD@XDM2~~~

 alpha: {4.578444377, 4.615686323, 4.615686323, 4.578444377}
  C6ii: {7.314226662, 7.38269412, 7.38269412, 7.314226662}
 omega: {0.4652338076, 0.4620415561, 0.4620415561, 0.4652338076}
lambda: {0.2469842055, 0.2333173238, 0.2333173238, 0.2308255062, 0.2209582579, 0.2209582579, 0.2078181176, 0.2078181176, 0.2052682212, 0.1977560914, 0.1977560914, 0.1767718578}
Energy: {-0.002703370525}

~~~MBD@XDM2@rsSCS (drsSCS=6, sR=0.62)~~~

 alpha: {4.522415036, 4.536294839, 4.536294839, 4.522415036}
  C6ii: {7.203312536, 7.224962228, 7.224962228, 7.203312536}
 omega: {0.4696022426, 0.4681357084, 0.4681357084, 0.4696022426}
lambda: {0.2432107496, 0.2339146165, 0.2339146165, 0.2319390348, 0.2236553677, 0.2236553677, 0.2141596208, 0.2141596208, 0.2132604173, 0.2076250104, 0.2076250104, 0.1909444136}
Energy: {-0.001442956395}




    ENERGY MATRIX: {Non-Interacting, Electron-Nuclear, Electron-Electron, Nuclear-Nuclear, Total Energy}
Oscillator 1 Energy: {0.7077785089, -0.4119615256, 0.2049296729, 0.2037036584, 0.7044503147}
Oscillator 2 Energy: {0.7076661251, -0.555034838, 0.2813135887, 0.277777716, 0.7117225919}
Oscillator 3 Energy: {0.7076661251, -0.5625681667, 0.2798091164, 0.277777716, 0.7026847909}
Oscillator 4 Energy: {0.7077785089, -0.4119615256, 0.2034252006, 0.2037036584, 0.7029458424}
Energy Totals: {2.830889268, -1.941526056, 0.9694775787, 0.962962749, 2.82180354}


    COEFFICIENT MATRIX: {c1, c2, c5, c6, c11, c14}
Oscillator 1 Cs: {0.9994977598, 0.03150558457, -0.001339466701, 0.003135630541}
Oscillator 2 Cs: {0.9996187099, -0.02733774529, -0.002560809863, 0.002919723136}
Oscillator 3 Cs: {0.9996187099, -0.02733774529, -0.002560809863, 0.002919723136}
Oscillator 4 Cs: {0.9994977598, 0.03150558457, -0.001339466701, 0.003135630541}


    GENERAL RESULTS: {R, E, r2, r2f, r3, r3f, alpha, alphaf}
Oscillator 1 General Results: {4.500001, 2.826332903, 3.191960159, 3.18284615, 7.005421463, 6.975440461, 4.519341361, 4.5}
Oscillator 2 General Results: {4.500001, 2.826332903, 3.197800865, 3.18284615, 7.024636756, 6.975440461, 4.531737541, 4.5}
Oscillator 3 General Results: {4.500001, 2.826332903, 3.197800865, 3.18284615, 7.024636756, 6.975440461, 4.531737541, 4.5}
Oscillator 4 General Results: {4.500001, 2.826332903, 3.191960159, 3.18284615, 7.005421463, 6.975440461, 4.519341361, 4.5}


    XDM RESULTS: {M1^2, M1f^2, M2^2, M2f^2, M3^2, M3f^2, C6XDMii, C6XDMij, C6XDMf, C8XDMii, C8XDMij, C8XDMf, C10XDMii, C10XDMij, C10XDMf, EXDMC6, EXDMC8, EXDMC10, EXDMBJC6, EXDMBJC8, EXDMBJC10, EXDM, EXDMBJ}
Oscillator 1 XDM Results: {3.185018373, 3.18284615, 16.90700618, 16.88418269, 125.650398, 125.3927637, 7.197092634, {{7.197092634, 7.206368466, 7.206368466, 7.197092634}, {7.206368466, 7.215671427, 7.215671427, 7.206368466}, {7.206368466, 7.215671427, 7.215671427, 7.206368466}, {7.197092634, 7.206368466, 7.206368466, 7.197092634}}, 7.161403837, 114.6127985, {{114.6127985, 114.7521277, 114.7521277, 114.6127985}, {114.7521277, 114.8918673, 114.8918673, 114.7521277}, {114.7521277, 114.8918673, 114.8918673, 114.7521277}, {114.6127985, 114.7521277, 114.7521277, 114.6127985}}, 113.9682331, 1987.471494, {{1987.471494, 1989.739037, 1989.739037, 1987.471494}, {1989.739037, 1992.01333, 1992.01333, 1989.739037}, {1989.739037, 1992.01333, 1992.01333, 1989.739037}, {1987.471494, 1989.739037, 1989.739037, 1987.471494}}, 1974.936028, -0.002632956151, -0.002053564696, -0.001754856865, -0.000483158098, -0.0002359321767, -0.0001246225531, -0.006441377712, -0.0008437128278}
Oscillator 2 XDM Results: {3.18450544, 3.18284615, 16.90181249, 16.88418269, 125.5927534, 125.3927637, 7.215671427, {{7.197092634, 7.206368466, 7.206368466, 7.197092634}, {7.206368466, 7.215671427, 7.215671427, 7.206368466}, {7.206368466, 7.215671427, 7.215671427, 7.206368466}, {7.197092634, 7.206368466, 7.206368466, 7.197092634}}, 7.161403837, 114.8918673, {{114.6127985, 114.7521277, 114.7521277, 114.6127985}, {114.7521277, 114.8918673, 114.8918673, 114.7521277}, {114.7521277, 114.8918673, 114.8918673, 114.7521277}, {114.6127985, 114.7521277, 114.7521277, 114.6127985}}, 113.9682331, 1992.01333, {{1987.471494, 1989.739037, 1989.739037, 1987.471494}, {1989.739037, 1992.01333, 1992.01333, 1989.739037}, {1989.739037, 1992.01333, 1992.01333, 1989.739037}, {1987.471494, 1989.739037, 1989.739037, 1987.471494}}, 1974.936028, -0.002632956151, -0.002053564696, -0.001754856865, -0.000483158098, -0.0002359321767, -0.0001246225531, -0.006441377712, -0.0008437128278}
Oscillator 3 XDM Results: {3.18450544, 3.18284615, 16.90181249, 16.88418269, 125.5927534, 125.3927637, 7.215671427, {{7.197092634, 7.206368466, 7.206368466, 7.197092634}, {7.206368466, 7.215671427, 7.215671427, 7.206368466}, {7.206368466, 7.215671427, 7.215671427, 7.206368466}, {7.197092634, 7.206368466, 7.206368466, 7.197092634}}, 7.161403837, 114.8918673, {{114.6127985, 114.7521277, 114.7521277, 114.6127985}, {114.7521277, 114.8918673, 114.8918673, 114.7521277}, {114.7521277, 114.8918673, 114.8918673, 114.7521277}, {114.6127985, 114.7521277, 114.7521277, 114.6127985}}, 113.9682331, 1992.01333, {{1987.471494, 1989.739037, 1989.739037, 1987.471494}, {1989.739037, 1992.01333, 1992.01333, 1989.739037}, {1989.739037, 1992.01333, 1992.01333, 1989.739037}, {1987.471494, 1989.739037, 1989.739037, 1987.471494}}, 1974.936028, -0.002632956151, -0.002053564696, -0.001754856865, -0.000483158098, -0.0002359321767, -0.0001246225531, -0.006441377712, -0.0008437128278}
Oscillator 4 XDM Results: {3.185018373, 3.18284615, 16.90700618, 16.88418269, 125.650398, 125.3927637, 7.197092634, {{7.197092634, 7.206368466, 7.206368466, 7.197092634}, {7.206368466, 7.215671427, 7.215671427, 7.206368466}, {7.206368466, 7.215671427, 7.215671427, 7.206368466}, {7.197092634, 7.206368466, 7.206368466, 7.197092634}}, 7.161403837, 114.6127985, {{114.6127985, 114.7521277, 114.7521277, 114.6127985}, {114.7521277, 114.8918673, 114.8918673, 114.7521277}, {114.7521277, 114.8918673, 114.8918673, 114.7521277}, {114.6127985, 114.7521277, 114.7521277, 114.6127985}}, 113.9682331, 1987.471494, {{1987.471494, 1989.739037, 1989.739037, 1987.471494}, {1989.739037, 1992.01333, 1992.01333, 1989.739037}, {1989.739037, 1992.01333, 1992.01333, 1989.739037}, {1987.471494, 1989.739037, 1989.739037, 1987.471494}}, 1974.936028, -0.002632956151, -0.002053564696, -0.001754856865, -0.000483158098, -0.0002359321767, -0.0001246225531, -0.006441377712, -0.0008437128278}


    TS RESULTS: {C6TSii, C6TSij, C6TSf, ETS, ETSWY}
Oscillator 1 TS Results: {7.223096708, {{7.223096708, 7.242909067, 7.242909067, 7.223096708}, {7.242909067, 7.262775769, 7.262775769, 7.242909067}, {7.242909067, 7.262775769, 7.262775769, 7.242909067}, {7.223096708, 7.242909067, 7.242909067, 7.223096708}}, 7.161403837, -0.002647571562, -0.002560109275}
Oscillator 2 TS Results: {7.262775769, {{7.223096708, 7.242909067, 7.242909067, 7.223096708}, {7.242909067, 7.262775769, 7.262775769, 7.242909067}, {7.242909067, 7.262775769, 7.262775769, 7.242909067}, {7.223096708, 7.242909067, 7.242909067, 7.223096708}}, 7.161403837, -0.002647571562, -0.002560109275}
Oscillator 3 TS Results: {7.262775769, {{7.223096708, 7.242909067, 7.242909067, 7.223096708}, {7.242909067, 7.262775769, 7.262775769, 7.242909067}, {7.242909067, 7.262775769, 7.262775769, 7.242909067}, {7.223096708, 7.242909067, 7.242909067, 7.223096708}}, 7.161403837, -0.002647571562, -0.002560109275}
Oscillator 4 TS Results: {7.223096708, {{7.223096708, 7.242909067, 7.242909067, 7.223096708}, {7.242909067, 7.262775769, 7.262775769, 7.242909067}, {7.242909067, 7.262775769, 7.262775769, 7.242909067}, {7.223096708, 7.242909067, 7.242909067, 7.223096708}}, 7.161403837, -0.002647571562, -0.002560109275}


    MBD RESULTS: {MBD_alpha, MBD_C6, MBD_omega, MBD_Energy, MBDF1_alpha, MBDF1_C6, MBDF1_omega, MBDF1_Energy, MBDF2_alpha, MBDF2_C6, MBDF2_omega, MBDF2_Energy, MBDX1_alpha, MBDX1_C6, MBDX1_omega, MBDX1_Energy, MBDX2_alpha, MBDX2_C6, MBDX2_omega, MBDX2_Energy}
Oscillator 1 MBD Results: {4.578444377, 7.34078133, 0.4669228624, -0.00271838011, 4.558093286, 7.276573321, 0.4669810184, -0.002684918629, 4.558093286, 7.339495283, 0.4710190951, -0.002717928192, 4.569848749, 7.313660139, 0.4669494404, -0.002703172278, 4.578444377, 7.314226662, 0.4652338076, -0.002703370525}
Oscillator 2 MBD Results: {4.615686323, 7.430799495, 0.4650522026, -0.00271838011, 4.582339974, 7.325029449, 0.4651290847, -0.002684918629, 4.582339974, 7.428550291, 0.4717025128, -0.002717928192, 4.60022931, 7.381667331, 0.4650870468, -0.002703172278, 4.615686323, 7.38269412, 0.4620415561, -0.002703370525}
Oscillator 3 MBD Results: {4.615686323, 7.430799495, 0.4650522026, -0.00271838011, 4.582339974, 7.325029449, 0.4651290847, -0.002684918629, 4.582339974, 7.428550291, 0.4717025128, -0.002717928192, 4.60022931, 7.381667331, 0.4650870468, -0.002703172278, 4.615686323, 7.38269412, 0.4620415561, -0.002703370525}
Oscillator 4 MBD Results: {4.578444377, 7.34078133, 0.4669228624, -0.00271838011, 4.558093286, 7.276573321, 0.4669810184, -0.002684918629, 4.558093286, 7.339495283, 0.4710190951, -0.002717928192, 4.569848749, 7.313660139, 0.4669494404, -0.002703172278, 4.578444377, 7.314226662, 0.4652338076, -0.002703370525}


    MBDRSSCS RESULTS: {MBDrsSCS_alpha, MBDrsSCS_C6, MBDrsSCS_omega, MBDrsSCS_Energy, MBDF1rsSCS_alpha, MBDF1rsSCS_C6, MBDF1rsSCS_omega, MBDF1rsSCS_Energy, MBDF2rsSCS_alpha, MBDF2rsSCS_C6, MBDF2rsSCS_omega, MBDF2rsSCS_Energy, MBDX1rsSCS_alpha, MBDX1rsSCS_C6, MBDX1rsSCS_omega, MBDX1rsSCS_Energy, MBDX2rsSCS_alpha, MBDX2rsSCS_C6, MBDX2rsSCS_omega, MBDX2rsSCS_Energy}
Oscillator 1 MBDrsSCS Results: {4.522415036, 7.229345872, 0.4712994218, -0.001450958502, 4.503025521, 7.167526239, 0.4713019227, -0.001433218915, 4.503025521, 7.229284497, 0.4753628476, -0.001450821702, 4.514250992, 7.203285541, 0.471300568, -0.001442897259, 4.522415036, 7.203312536, 0.4696022426, -0.001442956395}
Oscillator 2 MBDrsSCS Results: {4.536294839, 7.272122768, 0.4711914382, -0.001450958502, 4.504478277, 7.170518912, 0.4711946258, -0.001433218915, 4.504478277, 7.272011514, 0.4778639854, -0.001450821702, 4.521538897, 7.22491141, 0.4711928811, -0.001442897259, 4.536294839, 7.224962228, 0.4681357084, -0.001442956395}
Oscillator 3 MBDrsSCS Results: {4.536294839, 7.272122768, 0.4711914382, -0.001450958502, 4.504478277, 7.170518912, 0.4711946258, -0.001433218915, 4.504478277, 7.272011514, 0.4778639854, -0.001450821702, 4.521538897, 7.22491141, 0.4711928811, -0.001442897259, 4.536294839, 7.224962228, 0.4681357084, -0.001442956395}
Oscillator 4 MBDrsSCS Results: {4.522415036, 7.229345872, 0.4712994218, -0.001450958502, 4.503025521, 7.167526239, 0.4713019227, -0.001433218915, 4.503025521, 7.229284497, 0.4753628476, -0.001450821702, 4.514250992, 7.203285541, 0.471300568, -0.001442897259, 4.522415036, 7.203312536, 0.4696022426, -0.001442956395}


         {R, Energy}
SUMMARY: {4.500001, 2.826332903}