Oscillators N=4 2022-12-24 w=0.471533 a=4.50000.nb ( N = 4, M = 4 )
~~~~~~~~~~~~~~~~~~~~~~~~~~~~~~~~~~~~~~
Run Commenced: Sat 31 Dec 2022 04:53:23
Run Completed: Sat 31 Dec 2022 06:34:41
Time Elapsed: 01:41:18

Oscillators Used: 4
Wavefunctions Used: 4
Internuclear Separation: 0.6
omega: 0.472
nu : 0.235638

For display purposes, the threshold of Hamiltonian matrix elements has been set to: 10^-6.


    Hamiltonian Matrix A:    < psi_{i,A} | H_k | psi_{j,A} >
    H_1 = T_kin,    H_2 = V_pot,    H_3 = V_1-B,    H_4 = V_1-C,    H_5 = V_A-B,    H_6 = V_A-C 

HijkA: {{{0.35364975, 0.35364975, -0.732962212, -0.6299908546, -0.5108077617, 1.666663889, 0.8333319444, 0.5555546296}, {0., 0., -0.1359870797, -0.203444508, -0.1960242047, 0., 0., 0.}, {0.2887538117, -0.2887538117, -0.2668915878, -0.1604307194, -0.06868714721, 0., 0., 0.}, {0., 0., -0.02690465643, -0.07557940054, -0.09714897279, 0., 0., 0.}}, {{0., 0., -0.1359870797, -0.203444508, -0.1960242047, 0., 0., 0.}, {0.58941625, 0.58941625, -0.5461129584, -0.5862715371, -0.5669029054, 1.666663889, 0.8333319444, 0.5555546296}, {0., 0., -0.04443451323, -0.02079385546, 0.04001987545, 0., 0., 0.}, {0., 0., -0.07572203888, -0.1652141381, -0.2233725768, 0., 0., 0.}}, {{0.2887538117, -0.2887538117, -0.2668915878, -0.1604307194, -0.06868714721, 0., 0., 0.}, {0., 0., -0.04443451323, -0.02079385546, 0.04001987545, 0., 0., 0.}, {0.82518275, 0.82518275, -0.5870325815, -0.4755995652, -0.3971312465, 1.666663889, 0.8333319444, 0.5555546296}, {0., 0., -0.008350679273, -0.002297073096, 0.03753726051, 0., 0., 0.}}, {{0., 0., -0.02690465643, -0.07557940054, -0.09714897279, 0., 0., 0.}, {0., 0., -0.07572203888, -0.1652141381, -0.2233725768, 0., 0., 0.}, {0., 0., -0.008350679273, -0.002297073096, 0.03753726051, 0., 0., 0.}, {0.82518275, 0.82518275, -0.4245104033, -0.4632050122, -0.5018977184, 1.666663889, 0.8333319444, 0.5555546296}}}
0.35365       0.            0.288754      0.
0.35365       0.            -0.288754     0.
-0.732962     -0.135987     -0.266892     -0.0269047
-0.629991     -0.203445     -0.160431     -0.0755794
-0.510808     -0.196024     -0.0686871    -0.097149
1.66666       0.            0.            0.
0.833332      0.            0.            0.
0.555555      0.            0.            0.

0.            0.589416      0.            0.
0.            0.589416      0.            0.
-0.135987     -0.546113     -0.0444345    -0.075722
-0.203445     -0.586272     -0.0207939    -0.165214
-0.196024     -0.566903     0.0400199     -0.223373
0.            1.66666       0.            0.
0.            0.833332      0.            0.
0.            0.555555      0.            0.

0.288754      0.            0.825183      0.
-0.288754     0.            0.825183      0.
-0.266892     -0.0444345    -0.587033     -0.00835068
-0.160431     -0.0207939    -0.4756       -0.00229707
-0.0686871    0.0400199     -0.397131     0.0375373
0.            0.            1.66666       0.
0.            0.            0.833332      0.
0.            0.            0.555555      0.

0.            0.            0.            0.825183
0.            0.            0.            0.825183
-0.0269047    -0.075722     -0.00835068   -0.42451
-0.0755794    -0.165214     -0.00229707   -0.463205
-0.097149     -0.223373     0.0375373     -0.501898
0.            0.            0.            1.66666
0.            0.            0.            0.833332
0.            0.            0.            0.555555


    Hamiltonian Matrix B:    < psi_{i,B} | H_k | psi_{j,B} >
    H_1 = T_kin,    H_2 = V_pot,    H_3 = V_2-A,    H_4 = V_2-C,    H_5 = V_B-A,    H_6 = V_B-C 

HijkB: {{{0.35364975, 0.35364975, -0.732962212, -0.732962212, -0.6299908546, 1.666663889, 1.666663889, 0.8333319444}, {0., 0., -0.1359870797, 0.1359870797, 0.203444508, 0., 0., 0.}, {0.2887538117, -0.2887538117, -0.2668915878, -0.2668915878, -0.1604307194, 0., 0., 0.}, {0., 0., -0.02690465643, -0.02690465643, -0.07557940054, 0., 0., 0.}}, {{0., 0., -0.1359870797, 0.1359870797, 0.203444508, 0., 0., 0.}, {0.58941625, 0.58941625, -0.5461129584, -0.5461129584, -0.5862715371, 1.666663889, 1.666663889, 0.8333319444}, {0., 0., -0.04443451323, 0.04443451323, 0.02079385546, 0., 0., 0.}, {0., 0., -0.07572203888, 0.07572203888, 0.1652141381, 0., 0., 0.}}, {{0.2887538117, -0.2887538117, -0.2668915878, -0.2668915878, -0.1604307194, 0., 0., 0.}, {0., 0., -0.04443451323, 0.04443451323, 0.02079385546, 0., 0., 0.}, {0.82518275, 0.82518275, -0.5870325815, -0.5870325815, -0.4755995652, 1.666663889, 1.666663889, 0.8333319444}, {0., 0., -0.008350679273, -0.008350679273, -0.002297073096, 0., 0., 0.}}, {{0., 0., -0.02690465643, -0.02690465643, -0.07557940054, 0., 0., 0.}, {0., 0., -0.07572203888, 0.07572203888, 0.1652141381, 0., 0., 0.}, {0., 0., -0.008350679273, -0.008350679273, -0.002297073096, 0., 0., 0.}, {0.82518275, 0.82518275, -0.4245104033, -0.4245104033, -0.4632050122, 1.666663889, 1.666663889, 0.8333319444}}}
0.35365       0.            0.288754      0.
0.35365       0.            -0.288754     0.
-0.732962     -0.135987     -0.266892     -0.0269047
-0.732962     0.135987      -0.266892     -0.0269047
-0.629991     0.203445      -0.160431     -0.0755794
1.66666       0.            0.            0.
1.66666       0.            0.            0.
0.833332      0.            0.            0.

0.            0.589416      0.            0.
0.            0.589416      0.            0.
-0.135987     -0.546113     -0.0444345    -0.075722
0.135987      -0.546113     0.0444345     0.075722
0.203445      -0.586272     0.0207939     0.165214
0.            1.66666       0.            0.
0.            1.66666       0.            0.
0.            0.833332      0.            0.

0.288754      0.            0.825183      0.
-0.288754     0.            0.825183      0.
-0.266892     -0.0444345    -0.587033     -0.00835068
-0.266892     0.0444345     -0.587033     -0.00835068
-0.160431     0.0207939     -0.4756       -0.00229707
0.            0.            1.66666       0.
0.            0.            1.66666       0.
0.            0.            0.833332      0.

0.            0.            0.            0.825183
0.            0.            0.            0.825183
-0.0269047    -0.075722     -0.00835068   -0.42451
-0.0269047    0.075722      -0.00835068   -0.42451
-0.0755794    0.165214      -0.00229707   -0.463205
0.            0.            0.            1.66666
0.            0.            0.            1.66666
0.            0.            0.            0.833332


    Hamiltonian Matrix C:    < psi_{i,C} | H_k | psi_{j,C} >
    H_1 = T_kin,    H_2 = V_pot,    H_3 = V_3-A,    H_4 = V_3-B,    H_5 = V_C-A,    H_6 = V_C-B 

HijkC: {{{0.35364975, 0.35364975, -0.6299908546, -0.732962212, -0.732962212, 0.8333319444, 1.666663889, 1.666663889}, {0., 0., 0.203444508, 0.1359870797, -0.1359870797, 0., 0., 0.}, {0.2887538117, -0.2887538117, -0.1604307194, -0.2668915878, -0.2668915878, 0., 0., 0.}, {0., 0., -0.07557940054, -0.02690465643, -0.02690465643, 0., 0., 0.}}, {{0., 0., 0.203444508, 0.1359870797, -0.1359870797, 0., 0., 0.}, {0.58941625, 0.58941625, -0.5862715371, -0.5461129584, -0.5461129584, 0.8333319444, 1.666663889, 1.666663889}, {0., 0., 0.02079385546, 0.04443451323, -0.04443451323, 0., 0., 0.}, {0., 0., 0.1652141381, 0.07572203888, -0.07572203888, 0., 0., 0.}}, {{0.2887538117, -0.2887538117, -0.1604307194, -0.2668915878, -0.2668915878, 0., 0., 0.}, {0., 0., 0.02079385546, 0.04443451323, -0.04443451323, 0., 0., 0.}, {0.82518275, 0.82518275, -0.4755995652, -0.5870325815, -0.5870325815, 0.8333319444, 1.666663889, 1.666663889}, {0., 0., -0.002297073096, -0.008350679273, -0.008350679273, 0., 0., 0.}}, {{0., 0., -0.07557940054, -0.02690465643, -0.02690465643, 0., 0., 0.}, {0., 0., 0.1652141381, 0.07572203888, -0.07572203888, 0., 0., 0.}, {0., 0., -0.002297073096, -0.008350679273, -0.008350679273, 0., 0., 0.}, {0.82518275, 0.82518275, -0.4632050122, -0.4245104033, -0.4245104033, 0.8333319444, 1.666663889, 1.666663889}}}
0.35365       0.            0.288754      0.
0.35365       0.            -0.288754     0.
-0.629991     0.203445      -0.160431     -0.0755794
-0.732962     0.135987      -0.266892     -0.0269047
-0.732962     -0.135987     -0.266892     -0.0269047
0.833332      0.            0.            0.
1.66666       0.            0.            0.
1.66666       0.            0.            0.

0.            0.589416      0.            0.
0.            0.589416      0.            0.
0.203445      -0.586272     0.0207939     0.165214
0.135987      -0.546113     0.0444345     0.075722
-0.135987     -0.546113     -0.0444345    -0.075722
0.            0.833332      0.            0.
0.            1.66666       0.            0.
0.            1.66666       0.            0.

0.288754      0.            0.825183      0.
-0.288754     0.            0.825183      0.
-0.160431     0.0207939     -0.4756       -0.00229707
-0.266892     0.0444345     -0.587033     -0.00835068
-0.266892     -0.0444345    -0.587033     -0.00835068
0.            0.            0.833332      0.
0.            0.            1.66666       0.
0.            0.            1.66666       0.

0.            0.            0.            0.825183
0.            0.            0.            0.825183
-0.0755794    0.165214      -0.00229707   -0.463205
-0.0269047    0.075722      -0.00835068   -0.42451
-0.0269047    -0.075722     -0.00835068   -0.42451
0.            0.            0.            0.833332
0.            0.            0.            1.66666
0.            0.            0.            1.66666


    Hamiltonian Matrix AB:    < psi_{i1,A} <psi_{i2,B} | V_e-e | psi_{i3,A} <psi_{i4,B} >

HijkAB: {{{{0.534085024, 0.05052033935, 0.1028535814, 0.005118437505}, {0.05052033935, -0.078689411, 0.0302736332, -0.01637981924}, {0.1027137297, 0.0302736332, 0.05983927454, 0.005214316433}, {0.005118437505, -0.01637981924, 0.005214316433, 0.02207794911}}, {{0.05052033935, 0.4551761261, -0.01138762518, 0.04214063109}, {-0.078689411, 0.007312063211, 0.02162582005, -0.06957870664}, {0.0302736332, 0.05076374216, 0.005148594729, 0.01879414969}, {-0.01637981924, 0.02643695748, -0.002590613245, -0.0009647549268}}, {{0.1028535814, -0.01138762518, 0.4254061461, -0.003157441331}, {0.0302736332, 0.02162582005, 0.03118002727, 0.01111813211}, {0.05983927454, 0.005148594729, 0.06247511277, -0.001205982415}, {0.005214316433, -0.002590613245, 0.003490277344, -0.01545964009}}, {{0.005118437505, 0.04214063109, -0.003157441331, 0.3934149}, {-0.01637981924, -0.06957870664, 0.01111813211, 0.0008565296468}, {0.005214316433, 0.01879414969, -0.001205982415, 0.03160837869}, {0.02207794911, -0.0009647549268, -0.01545964009, 0.01900588762}}}, {{{0.05052033935, -0.078689411, 0.0302736332, -0.01637981924}, {0.4551761261, 0.007312063211, 0.05076374216, 0.02641723453}, {-0.01138762518, 0.02161798065, 0.005148594729, -0.002590613245}, {0.04214063109, -0.06957870664, 0.01879414969, -0.0009647549268}}, {{-0.078689411, 0.007312063211, 0.02162582782, -0.06957870664}, {0.007312063211, 0.4366545455, -0.01848269536, 0.02590146781}, {0.02161797288, -0.01848269536, -0.02153310762, 0.02461761442}, {-0.06957870664, 0.02590146781, 0.02461761442, -0.0763018754}}, {{0.0302736332, 0.02162582005, 0.03118002727, 0.01111813211}, {0.05076374216, -0.01848269536, 0.3781220958, -0.02013145385}, {0.005148594729, -0.02153310762, -0.002692927996, -0.004762807276}, {0.01879414969, 0.02461761442, 0.02422194101, 0.007503942694}}, {{-0.01637981924, -0.06957870664, 0.01111813211, 0.0008565296468}, {0.02641723558, 0.02590146781, -0.02013145385, 0.3896763083}, {-0.002590613245, 0.02461761442, -0.004762807276, -0.01302400785}, {-0.0009647549268, -0.0763018754, 0.007503942694, 0.006392649697}}}, {{{0.1027137297, 0.0302736332, 0.05983927454, 0.005214316433}, {-0.01138762518, 0.02161798065, 0.005148594729, -0.002590613245}, {0.4247381957, 0.03118002727, 0.06247347685, 0.003490277344}, {-0.003157441331, 0.01111813211, -0.001205982415, -0.01545553261}}, {{0.0302736332, 0.05076374216, 0.005148594729, 0.01879414969}, {0.02161798065, -0.01848269536, -0.02153310762, 0.02461761442}, {0.03118002727, 0.3781220958, -0.002692927996, 0.02422194101}, {0.01111813211, -0.02013145385, -0.004762807276, 0.007503942694}}, {{0.05983927454, 0.005148594729, 0.06247511277, -0.001205982415}, {0.005148594729, -0.02153310762, -0.002692927996, -0.004762807276}, {0.06247347685, -0.002692927996, 0.3657224276, -0.0002260009553}, {-0.001205982415, -0.004762807276, -0.0002260009553, 0.01879099303}}, {{0.005214316433, 0.01879414969, -0.001205982415, 0.03160837869}, {-0.002590613245, 0.02461761442, -0.004762807276, -0.01302400785}, {0.003490277344, 0.02422194101, -0.0002260009553, 0.3415809092}, {-0.01545553018, 0.007503942694, 0.01879099303, -0.01579875534}}}, {{{0.005118437505, -0.01637981924, 0.005214316433, 0.02207794911}, {0.04214063109, -0.06957870664, 0.01879414969, -0.0009647549268}, {-0.003157441331, 0.01111813211, -0.001205982415, -0.01545553261}, {0.3934149, 0.0008565296468, 0.03160837869, 0.01900588762}}, {{-0.01637981924, 0.02643695748, -0.002590613245, -0.0009647549268}, {-0.06957870664, 0.02590146781, 0.02461761442, -0.0763018754}, {0.01111813211, -0.02013145385, -0.004762807276, 0.007503942694}, {0.0008565296468, 0.3896763083, -0.01302400785, 0.006392649697}}, {{0.005214316433, -0.002590613245, 0.003490277344, -0.01545966429}, {0.01879414969, 0.02461761442, 0.02422194101, 0.007503942694}, {-0.001205982415, -0.004762807276, -0.0002260009553, 0.01879099303}, {0.03160837869, -0.01302400785, 0.3415809092, -0.01579875534}}, {{0.02207794911, -0.0009647549268, -0.01545966429, 0.01900588762}, {-0.0009647549268, -0.0763018754, 0.007503942694, 0.006392649697}, {-0.01545553018, 0.007503942694, 0.01879099303, -0.01579875534}, {0.01900588762, 0.006392649697, -0.01579875534, 0.3660981541}}}}
0.534085     0.0505203    0.102854     0.00511844     0.0505203    0.455176     -0.0113876   0.0421406      0.102854     -0.0113876   0.425406     -0.00315744    0.00511844   0.0421406    -0.00315744  0.393415
0.0505203    -0.0786894   0.0302736    -0.0163798     -0.0786894   0.00731206   0.0216258    -0.0695787     0.0302736    0.0216258    0.03118      0.0111181      -0.0163798   -0.0695787   0.0111181    0.00085653
0.102714     0.0302736    0.0598393    0.00521432     0.0302736    0.0507637    0.00514859   0.0187941      0.0598393    0.00514859   0.0624751    -0.00120598    0.00521432   0.0187941    -0.00120598  0.0316084
0.00511844   -0.0163798   0.00521432   0.0220779      -0.0163798   0.026437     -0.00259061  -0.000964755   0.00521432   -0.00259061  0.00349028   -0.0154596     0.0220779    -0.000964755 -0.0154596   0.0190059

0.0505203    -0.0786894   0.0302736    -0.0163798     -0.0786894   0.00731206   0.0216258    -0.0695787     0.0302736    0.0216258    0.03118      0.0111181      -0.0163798   -0.0695787   0.0111181    0.00085653
0.455176     0.00731206   0.0507637    0.0264172      0.00731206   0.436655     -0.0184827   0.0259015      0.0507637    -0.0184827   0.378122     -0.0201315     0.0264172    0.0259015    -0.0201315   0.389676
-0.0113876   0.021618     0.00514859   -0.00259061    0.021618     -0.0184827   -0.0215331   0.0246176      0.00514859   -0.0215331   -0.00269293  -0.00476281    -0.00259061  0.0246176    -0.00476281  -0.013024
0.0421406    -0.0695787   0.0187941    -0.000964755   -0.0695787   0.0259015    0.0246176    -0.0763019     0.0187941    0.0246176    0.0242219    0.00750394     -0.000964755 -0.0763019   0.00750394   0.00639265

0.102714     0.0302736    0.0598393    0.00521432     0.0302736    0.0507637    0.00514859   0.0187941      0.0598393    0.00514859   0.0624751    -0.00120598    0.00521432   0.0187941    -0.00120598  0.0316084
-0.0113876   0.021618     0.00514859   -0.00259061    0.021618     -0.0184827   -0.0215331   0.0246176      0.00514859   -0.0215331   -0.00269293  -0.00476281    -0.00259061  0.0246176    -0.00476281  -0.013024
0.424738     0.03118      0.0624735    0.00349028     0.03118      0.378122     -0.00269293  0.0242219      0.0624735    -0.00269293  0.365722     -0.000226001   0.00349028   0.0242219    -0.000226001 0.341581
-0.00315744  0.0111181    -0.00120598  -0.0154555     0.0111181    -0.0201315   -0.00476281  0.00750394     -0.00120598  -0.00476281  -0.000226001 0.018791       -0.0154555   0.00750394   0.018791     -0.0157988

0.00511844   -0.0163798   0.00521432   0.0220779      -0.0163798   0.026437     -0.00259061  -0.000964755   0.00521432   -0.00259061  0.00349028   -0.0154597     0.0220779    -0.000964755 -0.0154597   0.0190059
0.0421406    -0.0695787   0.0187941    -0.000964755   -0.0695787   0.0259015    0.0246176    -0.0763019     0.0187941    0.0246176    0.0242219    0.00750394     -0.000964755 -0.0763019   0.00750394   0.00639265
-0.00315744  0.0111181    -0.00120598  -0.0154555     0.0111181    -0.0201315   -0.00476281  0.00750394     -0.00120598  -0.00476281  -0.000226001 0.018791       -0.0154555   0.00750394   0.018791     -0.0157988
0.393415     0.00085653   0.0316084    0.0190059      0.00085653   0.389676     -0.013024    0.00639265     0.0316084    -0.013024    0.341581     -0.0157988     0.0190059    0.00639265   -0.0157988   0.366098


    Hamiltonian Matrix AC:    < psi_{i1,A} <psi_{i2,C} | V_e-e | psi_{i3,A} <psi_{i4,C} >

HijkAC: {{{{0.4925461013, -0.08754311593, 0.07942837056, 0.0170566823}, {0.08754311593, 0.04588977039, 0.04676780143, -0.02236689926}, {0.07964890545, -0.04676838973, 0.03827004166, 0.01577391435}, {0.01705787683, 0.02236689926, 0.01577391435, 0.009743790792}}, {{-0.08754311593, 0.4465183624, 0.02482580735, -0.07902439523}, {0.04588977039, 0.02365413971, -0.02452412904, 0.05437456314}, {-0.04676838973, 0.06659447566, -0.003133507141, -0.03614814289}, {0.02236689926, 0.01552842856, -0.0002500134527, 0.004673073134}}, {{0.07942837056, 0.02482580735, 0.3999833743, -0.01246572482}, {0.04676780143, -0.02452412904, 0.05246111009, 0.01858847311}, {0.03827004166, -0.003133507141, 0.04681768575, -0.005541253914}, {0.01577391435, -0.0002500134527, 0.0116718932, -0.01096984923}}, {{0.0170566823, -0.07902439523, -0.01246572482, 0.3914969095}, {-0.02236689926, 0.05437456314, 0.01858847311, 0.006310878359}, {0.01577391435, -0.03614814289, -0.005541253914, 0.04079018381}, {0.009743790792, 0.004673073134, -0.01096984923, 0.01430114179}}}, {{{0.08754311593, 0.04588977039, 0.04676780143, -0.02236689926}, {0.4465183624, -0.02365413971, 0.06659447566, 0.01554925437}, {-0.02482580735, -0.02452039112, 0.003133507141, 0.0002500134527}, {0.0790240724, 0.05437456314, 0.03614814289, -0.004673073134}}, {{0.04588977039, 0.02365413971, -0.02452412792, 0.05437456314}, {-0.02365413971, 0.4095756639, 0.02715049595, -0.04379204798}, {-0.02452039224, -0.02715049595, 0.009690574419, -0.01855178694}, {0.05437456314, 0.04379204798, -0.01855178694, 0.05514311433}}, {{0.04676780143, -0.02452412904, 0.05246111009, 0.01858847311}, {0.06659447566, 0.02715049595, 0.3752340909, -0.02043907074}, {0.003133507141, 0.009690574419, -0.01287863042, -0.005483029148}, {0.03614814289, -0.01855178694, 0.04825396693, 0.01059619782}}, {{-0.02236689926, 0.05437456314, 0.01858847311, 0.006310878359}, {0.01554925437, -0.04379204798, -0.02043907074, 0.3746412899}, {0.0002500134527, -0.01855178694, -0.005483029148, -0.02339008724}, {-0.004673073134, 0.05514311433, 0.01059619782, 0.01747989569}}}, {{{0.07964890545, -0.04676838973, 0.03827004166, 0.01577391435}, {-0.02482580735, -0.02452039112, 0.003133507141, 0.0002500134527}, {0.3999851284, -0.05246111009, 0.04682942239, 0.0116718932}, {-0.01246572482, -0.01858847311, -0.005541253914, -0.01098558981}}, {{-0.04676838973, 0.06659447566, -0.003133507141, -0.03614814289}, {-0.02452039112, -0.02715049595, 0.009690574419, -0.01855178694}, {-0.05246111009, 0.3752340909, 0.01287863042, -0.04825396693}, {-0.01858847311, -0.02043885121, 0.005483174564, -0.01059619782}}, {{0.03827004166, -0.003133507141, 0.04681768575, -0.005541253914}, {0.003133507141, 0.009690574419, -0.01287863042, -0.005483029148}, {0.04682942239, 0.01287863042, 0.3434005475, -0.002497799755}, {-0.005541253914, 0.005483174564, -0.002497799755, 0.01129308317}}, {{0.01577391435, -0.03614814289, -0.005541253914, 0.04079018381}, {0.0002500134527, -0.01855178694, -0.005483029148, -0.02339008724}, {0.0116718932, -0.04825396693, -0.002497799755, 0.3401716503}, {-0.01098349534, -0.01059619782, 0.01129308317, -0.01315158411}}}, {{{0.01705707079, 0.02236689926, 0.01577391435, 0.009743790792}, {0.0790240724, 0.05437456314, 0.03614814289, -0.004673073134}, {-0.01246572482, -0.01858847311, -0.005541253914, -0.01098558981}, {0.3914967655, -0.006310878359, 0.04079018381, 0.01430114179}}, {{0.02236689926, 0.01553075536, -0.0002500134527, 0.004673073134}, {0.05437456314, 0.04379204798, -0.01855178694, 0.05514311433}, {-0.01858847311, -0.02043885121, 0.005483174564, -0.01059619782}, {-0.006310878359, 0.3745939514, 0.02339194629, -0.01747989569}}, {{0.01577391435, -0.0002500134527, 0.0116718932, -0.01096280755}, {0.03614814289, -0.01855178694, 0.04825396693, 0.01059619782}, {-0.005541253914, 0.005483174564, -0.002497799755, 0.01129308317}, {0.04079018381, 0.02339194629, 0.3401716503, -0.01315158411}}, {{0.009743790792, 0.004673073134, -0.01096280755, 0.01430114179}, {-0.004673073134, 0.05514311433, 0.01059619782, 0.01747989569}, {-0.01098349534, -0.01059619782, 0.01129308317, -0.01315158411}, {0.01430114179, -0.01747989569, -0.01315158411, 0.3467593236}}}}
0.492546     -0.0875431   0.0794284    0.0170567      -0.0875431   0.446518     0.0248258    -0.0790244     0.0794284    0.0248258    0.399983     -0.0124657     0.0170567    -0.0790244   -0.0124657   0.391497
0.0875431    0.0458898    0.0467678    -0.0223669     0.0458898    0.0236541    -0.0245241   0.0543746      0.0467678    -0.0245241   0.0524611    0.0185885      -0.0223669   0.0543746    0.0185885    0.00631088
0.0796489    -0.0467684   0.03827      0.0157739      -0.0467684   0.0665945    -0.00313351  -0.0361481     0.03827      -0.00313351  0.0468177    -0.00554125    0.0157739    -0.0361481   -0.00554125  0.0407902
0.0170579    0.0223669    0.0157739    0.00974379     0.0223669    0.0155284    -0.000250013 0.00467307     0.0157739    -0.000250013 0.0116719    -0.0109698     0.00974379   0.00467307   -0.0109698   0.0143011

0.0875431    0.0458898    0.0467678    -0.0223669     0.0458898    0.0236541    -0.0245241   0.0543746      0.0467678    -0.0245241   0.0524611    0.0185885      -0.0223669   0.0543746    0.0185885    0.00631088
0.446518     -0.0236541   0.0665945    0.0155493      -0.0236541   0.409576     0.0271505    -0.043792      0.0665945    0.0271505    0.375234     -0.0204391     0.0155493    -0.043792    -0.0204391   0.374641
-0.0248258   -0.0245204   0.00313351   0.000250013    -0.0245204   -0.0271505   0.00969057   -0.0185518     0.00313351   0.00969057   -0.0128786   -0.00548303    0.000250013  -0.0185518   -0.00548303  -0.0233901
0.0790241    0.0543746    0.0361481    -0.00467307    0.0543746    0.043792     -0.0185518   0.0551431      0.0361481    -0.0185518   0.048254     0.0105962      -0.00467307  0.0551431    0.0105962    0.0174799

0.0796489    -0.0467684   0.03827      0.0157739      -0.0467684   0.0665945    -0.00313351  -0.0361481     0.03827      -0.00313351  0.0468177    -0.00554125    0.0157739    -0.0361481   -0.00554125  0.0407902
-0.0248258   -0.0245204   0.00313351   0.000250013    -0.0245204   -0.0271505   0.00969057   -0.0185518     0.00313351   0.00969057   -0.0128786   -0.00548303    0.000250013  -0.0185518   -0.00548303  -0.0233901
0.399985     -0.0524611   0.0468294    0.0116719      -0.0524611   0.375234     0.0128786    -0.048254      0.0468294    0.0128786    0.343401     -0.0024978     0.0116719    -0.048254    -0.0024978   0.340172
-0.0124657   -0.0185885   -0.00554125  -0.0109856     -0.0185885   -0.0204389   0.00548317   -0.0105962     -0.00554125  0.00548317   -0.0024978   0.0112931      -0.0109835   -0.0105962   0.0112931    -0.0131516

0.0170571    0.0223669    0.0157739    0.00974379     0.0223669    0.0155308    -0.000250013 0.00467307     0.0157739    -0.000250013 0.0116719    -0.0109628     0.00974379   0.00467307   -0.0109628   0.0143011
0.0790241    0.0543746    0.0361481    -0.00467307    0.0543746    0.043792     -0.0185518   0.0551431      0.0361481    -0.0185518   0.048254     0.0105962      -0.00467307  0.0551431    0.0105962    0.0174799
-0.0124657   -0.0185885   -0.00554125  -0.0109856     -0.0185885   -0.0204389   0.00548317   -0.0105962     -0.00554125  0.00548317   -0.0024978   0.0112931      -0.0109835   -0.0105962   0.0112931    -0.0131516
0.391497     -0.00631088  0.0407902    0.0143011      -0.00631088  0.374594     0.0233919    -0.0174799     0.0407902    0.0233919    0.340172     -0.0131516     0.0143011    -0.0174799   -0.0131516   0.346759


    Hamiltonian Matrix BA:    < psi_{i1,B} <psi_{i2,A} | V_e-e | psi_{i3,B} <psi_{i4,A} >

HijkBA: {{{{0.534085024, 0.05052033935, 0.1028535814, 0.005118437505}, {0.05052033935, -0.078689411, 0.0302736332, -0.01637981924}, {0.1027137297, 0.0302736332, 0.05983927454, 0.005214316433}, {0.005118437505, -0.01637981924, 0.005214316433, 0.02207794911}}, {{0.05052033935, 0.4551761261, -0.01138762518, 0.04214063109}, {-0.078689411, 0.007312063211, 0.02162582005, -0.06957870664}, {0.0302736332, 0.05076374216, 0.005148594729, 0.01879414969}, {-0.01637981924, 0.02643695748, -0.002590613245, -0.0009647549268}}, {{0.1028535814, -0.01138762518, 0.4254061461, -0.003157441331}, {0.0302736332, 0.02162582005, 0.03118002727, 0.01111813211}, {0.05983927454, 0.005148594729, 0.06247511277, -0.001205982415}, {0.005214316433, -0.002590613245, 0.003490277344, -0.01545964009}}, {{0.005118437505, 0.04214063109, -0.003157441331, 0.3934149}, {-0.01637981924, -0.06957870664, 0.01111813211, 0.0008565296468}, {0.005214316433, 0.01879414969, -0.001205982415, 0.03160837869}, {0.02207794911, -0.0009647549268, -0.01545964009, 0.01900588762}}}, {{{0.05052033935, -0.078689411, 0.0302736332, -0.01637981924}, {0.4551761261, 0.007312063211, 0.05076374216, 0.02641723453}, {-0.01138762518, 0.02161798065, 0.005148594729, -0.002590613245}, {0.04214063109, -0.06957870664, 0.01879414969, -0.0009647549268}}, {{-0.078689411, 0.007312063211, 0.02162582782, -0.06957870664}, {0.007312063211, 0.4366545455, -0.01848269536, 0.02590146781}, {0.02161797288, -0.01848269536, -0.02153310762, 0.02461761442}, {-0.06957870664, 0.02590146781, 0.02461761442, -0.0763018754}}, {{0.0302736332, 0.02162582005, 0.03118002727, 0.01111813211}, {0.05076374216, -0.01848269536, 0.3781220958, -0.02013145385}, {0.005148594729, -0.02153310762, -0.002692927996, -0.004762807276}, {0.01879414969, 0.02461761442, 0.02422194101, 0.007503942694}}, {{-0.01637981924, -0.06957870664, 0.01111813211, 0.0008565296468}, {0.02641723558, 0.02590146781, -0.02013145385, 0.3896763083}, {-0.002590613245, 0.02461761442, -0.004762807276, -0.01302400785}, {-0.0009647549268, -0.0763018754, 0.007503942694, 0.006392649697}}}, {{{0.1027137297, 0.0302736332, 0.05983927454, 0.005214316433}, {-0.01138762518, 0.02161798065, 0.005148594729, -0.002590613245}, {0.4247381957, 0.03118002727, 0.06247347685, 0.003490277344}, {-0.003157441331, 0.01111813211, -0.001205982415, -0.01545553261}}, {{0.0302736332, 0.05076374216, 0.005148594729, 0.01879414969}, {0.02161798065, -0.01848269536, -0.02153310762, 0.02461761442}, {0.03118002727, 0.3781220958, -0.002692927996, 0.02422194101}, {0.01111813211, -0.02013145385, -0.004762807276, 0.007503942694}}, {{0.05983927454, 0.005148594729, 0.06247511277, -0.001205982415}, {0.005148594729, -0.02153310762, -0.002692927996, -0.004762807276}, {0.06247347685, -0.002692927996, 0.3657224276, -0.0002260009553}, {-0.001205982415, -0.004762807276, -0.0002260009553, 0.01879099303}}, {{0.005214316433, 0.01879414969, -0.001205982415, 0.03160837869}, {-0.002590613245, 0.02461761442, -0.004762807276, -0.01302400785}, {0.003490277344, 0.02422194101, -0.0002260009553, 0.3415809092}, {-0.01545553018, 0.007503942694, 0.01879099303, -0.01579875534}}}, {{{0.005118437505, -0.01637981924, 0.005214316433, 0.02207794911}, {0.04214063109, -0.06957870664, 0.01879414969, -0.0009647549268}, {-0.003157441331, 0.01111813211, -0.001205982415, -0.01545553261}, {0.3934149, 0.0008565296468, 0.03160837869, 0.01900588762}}, {{-0.01637981924, 0.02643695748, -0.002590613245, -0.0009647549268}, {-0.06957870664, 0.02590146781, 0.02461761442, -0.0763018754}, {0.01111813211, -0.02013145385, -0.004762807276, 0.007503942694}, {0.0008565296468, 0.3896763083, -0.01302400785, 0.006392649697}}, {{0.005214316433, -0.002590613245, 0.003490277344, -0.01545966429}, {0.01879414969, 0.02461761442, 0.02422194101, 0.007503942694}, {-0.001205982415, -0.004762807276, -0.0002260009553, 0.01879099303}, {0.03160837869, -0.01302400785, 0.3415809092, -0.01579875534}}, {{0.02207794911, -0.0009647549268, -0.01545966429, 0.01900588762}, {-0.0009647549268, -0.0763018754, 0.007503942694, 0.006392649697}, {-0.01545553018, 0.007503942694, 0.01879099303, -0.01579875534}, {0.01900588762, 0.006392649697, -0.01579875534, 0.3660981541}}}}
0.534085     0.0505203    0.102854     0.00511844     0.0505203    0.455176     -0.0113876   0.0421406      0.102854     -0.0113876   0.425406     -0.00315744    0.00511844   0.0421406    -0.00315744  0.393415
0.0505203    -0.0786894   0.0302736    -0.0163798     -0.0786894   0.00731206   0.0216258    -0.0695787     0.0302736    0.0216258    0.03118      0.0111181      -0.0163798   -0.0695787   0.0111181    0.00085653
0.102714     0.0302736    0.0598393    0.00521432     0.0302736    0.0507637    0.00514859   0.0187941      0.0598393    0.00514859   0.0624751    -0.00120598    0.00521432   0.0187941    -0.00120598  0.0316084
0.00511844   -0.0163798   0.00521432   0.0220779      -0.0163798   0.026437     -0.00259061  -0.000964755   0.00521432   -0.00259061  0.00349028   -0.0154596     0.0220779    -0.000964755 -0.0154596   0.0190059

0.0505203    -0.0786894   0.0302736    -0.0163798     -0.0786894   0.00731206   0.0216258    -0.0695787     0.0302736    0.0216258    0.03118      0.0111181      -0.0163798   -0.0695787   0.0111181    0.00085653
0.455176     0.00731206   0.0507637    0.0264172      0.00731206   0.436655     -0.0184827   0.0259015      0.0507637    -0.0184827   0.378122     -0.0201315     0.0264172    0.0259015    -0.0201315   0.389676
-0.0113876   0.021618     0.00514859   -0.00259061    0.021618     -0.0184827   -0.0215331   0.0246176      0.00514859   -0.0215331   -0.00269293  -0.00476281    -0.00259061  0.0246176    -0.00476281  -0.013024
0.0421406    -0.0695787   0.0187941    -0.000964755   -0.0695787   0.0259015    0.0246176    -0.0763019     0.0187941    0.0246176    0.0242219    0.00750394     -0.000964755 -0.0763019   0.00750394   0.00639265

0.102714     0.0302736    0.0598393    0.00521432     0.0302736    0.0507637    0.00514859   0.0187941      0.0598393    0.00514859   0.0624751    -0.00120598    0.00521432   0.0187941    -0.00120598  0.0316084
-0.0113876   0.021618     0.00514859   -0.00259061    0.021618     -0.0184827   -0.0215331   0.0246176      0.00514859   -0.0215331   -0.00269293  -0.00476281    -0.00259061  0.0246176    -0.00476281  -0.013024
0.424738     0.03118      0.0624735    0.00349028     0.03118      0.378122     -0.00269293  0.0242219      0.0624735    -0.00269293  0.365722     -0.000226001   0.00349028   0.0242219    -0.000226001 0.341581
-0.00315744  0.0111181    -0.00120598  -0.0154555     0.0111181    -0.0201315   -0.00476281  0.00750394     -0.00120598  -0.00476281  -0.000226001 0.018791       -0.0154555   0.00750394   0.018791     -0.0157988

0.00511844   -0.0163798   0.00521432   0.0220779      -0.0163798   0.026437     -0.00259061  -0.000964755   0.00521432   -0.00259061  0.00349028   -0.0154597     0.0220779    -0.000964755 -0.0154597   0.0190059
0.0421406    -0.0695787   0.0187941    -0.000964755   -0.0695787   0.0259015    0.0246176    -0.0763019     0.0187941    0.0246176    0.0242219    0.00750394     -0.000964755 -0.0763019   0.00750394   0.00639265
-0.00315744  0.0111181    -0.00120598  -0.0154555     0.0111181    -0.0201315   -0.00476281  0.00750394     -0.00120598  -0.00476281  -0.000226001 0.018791       -0.0154555   0.00750394   0.018791     -0.0157988
0.393415     0.00085653   0.0316084    0.0190059      0.00085653   0.389676     -0.013024    0.00639265     0.0316084    -0.013024    0.341581     -0.0157988     0.0190059    0.00639265   -0.0157988   0.366098


    Hamiltonian Matrix BC:    < psi_{i1,B} <psi_{i2,C} | V_e-e | psi_{i3,B} <psi_{i4,C} >

HijkBC: {{{{0.534085024, -0.05052033935, 0.1028535814, 0.005118437505}, {-0.05052033935, -0.078689411, -0.0302736332, 0.01637981924}, {0.1027137297, -0.0302736332, 0.05983927454, 0.005214316433}, {0.005118437505, 0.01637981924, 0.005214316433, 0.02207794911}}, {{-0.05052033935, 0.4551761261, 0.01138762518, -0.04214063109}, {-0.078689411, -0.007312063211, 0.02162582005, -0.06957870664}, {-0.0302736332, 0.05076374216, -0.005148594729, -0.01879414969}, {0.01637981924, 0.02643515778, 0.002590613245, 0.0009647549268}}, {{0.1028535814, 0.01138762518, 0.4254061461, -0.003157441331}, {-0.0302736332, 0.02162582005, -0.03118002727, -0.01111813211}, {0.05983927454, -0.005148594729, 0.06247511277, -0.001205982415}, {0.005214316433, 0.002590613245, 0.003490277344, -0.01545960788}}, {{0.005118437505, -0.04214063109, -0.003157441331, 0.3934149}, {0.01637981924, -0.06957870664, -0.01111813211, -0.0008565296468}, {0.005214316433, -0.01879414969, -0.001205982415, 0.03160837869}, {0.02207794911, 0.0009647549268, -0.01545960788, 0.01900588762}}}, {{{-0.05052033935, -0.078689411, -0.0302736332, 0.01637981924}, {0.4551761261, -0.007312063211, 0.05076374216, 0.02641723558}, {0.01138762518, 0.02161798065, -0.005148594729, 0.002590613245}, {-0.04214063109, -0.06957870664, -0.01879414969, 0.0009647549268}}, {{-0.078689411, -0.007312063211, 0.02162582782, -0.06957870664}, {-0.007312063211, 0.4366545455, 0.01848269536, -0.02590146781}, {0.02161797288, 0.01848269536, -0.02153310762, 0.02461761442}, {-0.06957870664, -0.02590146781, 0.02461761442, -0.0763018754}}, {{-0.0302736332, 0.02162582005, -0.03118002727, -0.01111813211}, {0.05076374216, 0.01848269536, 0.3781220958, -0.02013145385}, {-0.005148594729, -0.02153310762, 0.002692927996, 0.004762807276}, {-0.01879414969, 0.02461761442, -0.02422194101, -0.007503942694}}, {{0.01637981924, -0.06957870664, -0.01111813211, -0.0008565296468}, {0.02641723558, -0.02590146781, -0.02013145385, 0.3896763083}, {0.002590613245, 0.02461761442, 0.004762807276, 0.01302400785}, {0.0009647549268, -0.0763018754, -0.007503942694, -0.006392649697}}}, {{{0.1027137297, -0.0302736332, 0.05983927454, 0.005214316433}, {0.01138762518, 0.02161798065, -0.005148594729, 0.002590613245}, {0.4247381957, -0.03118002727, 0.06247347685, 0.003490277344}, {-0.003157441331, -0.01111813211, -0.001205982415, -0.01545556482}}, {{-0.0302736332, 0.05076374216, -0.005148594729, -0.01879414969}, {0.02161798065, 0.01848269536, -0.02153310762, 0.02461761442}, {-0.03118002727, 0.3781220958, 0.002692927996, -0.02422194101}, {-0.01111813211, -0.02013145385, 0.004762807276, -0.007503942694}}, {{0.05983927454, -0.005148594729, 0.06247511277, -0.001205982415}, {-0.005148594729, -0.02153310762, 0.002692927996, 0.004762807276}, {0.06247347685, 0.002692927996, 0.3657224276, -0.0002260009553}, {-0.001205982415, 0.004762807276, -0.0002260009553, 0.01879099303}}, {{0.005214316433, -0.01879414969, -0.001205982415, 0.03160837869}, {0.002590613245, 0.02461761442, 0.004762807276, 0.01302400785}, {0.003490277344, -0.02422194101, -0.0002260009553, 0.3415809092}, {-0.01545553655, -0.007503942694, 0.01879099303, -0.01579875534}}}, {{{0.005118437505, 0.01637981924, 0.005214316433, 0.02207794911}, {-0.04214063109, -0.06957870664, -0.01879414969, 0.0009647549268}, {-0.003157441331, -0.01111813211, -0.001205982415, -0.01545556482}, {0.3934149, -0.0008565296468, 0.03160837869, 0.01900588762}}, {{0.01637981924, 0.02643756941, 0.002590613245, 0.0009647549268}, {-0.06957870664, -0.02590146781, 0.02461761442, -0.0763018754}, {-0.01111813211, -0.02013145385, 0.004762807276, -0.007503942694}, {-0.0008565296468, 0.3896763083, 0.01302400785, -0.006392649697}}, {{0.005214316433, 0.002590613245, 0.003490277344, -0.01545965792}, {-0.01879414969, 0.02461761442, -0.02422194101, -0.007503942694}, {-0.001205982415, 0.004762807276, -0.0002260009553, 0.01879099303}, {0.03160837869, 0.01302400785, 0.3415809092, -0.01579875534}}, {{0.02207794911, 0.0009647549268, -0.01545965792, 0.01900588762}, {0.0009647549268, -0.0763018754, -0.007503942694, -0.006392649697}, {-0.01545553655, -0.007503942694, 0.01879099303, -0.01579875534}, {0.01900588762, -0.006392649697, -0.01579875534, 0.3660981541}}}}
0.534085     -0.0505203   0.102854     0.00511844     -0.0505203   0.455176     0.0113876    -0.0421406     0.102854     0.0113876    0.425406     -0.00315744    0.00511844   -0.0421406   -0.00315744  0.393415
-0.0505203   -0.0786894   -0.0302736   0.0163798      -0.0786894   -0.00731206  0.0216258    -0.0695787     -0.0302736   0.0216258    -0.03118     -0.0111181     0.0163798    -0.0695787   -0.0111181   -0.00085653
0.102714     -0.0302736   0.0598393    0.00521432     -0.0302736   0.0507637    -0.00514859  -0.0187941     0.0598393    -0.00514859  0.0624751    -0.00120598    0.00521432   -0.0187941   -0.00120598  0.0316084
0.00511844   0.0163798    0.00521432   0.0220779      0.0163798    0.0264352    0.00259061   0.000964755    0.00521432   0.00259061   0.00349028   -0.0154596     0.0220779    0.000964755  -0.0154596   0.0190059

-0.0505203   -0.0786894   -0.0302736   0.0163798      -0.0786894   -0.00731206  0.0216258    -0.0695787     -0.0302736   0.0216258    -0.03118     -0.0111181     0.0163798    -0.0695787   -0.0111181   -0.00085653
0.455176     -0.00731206  0.0507637    0.0264172      -0.00731206  0.436655     0.0184827    -0.0259015     0.0507637    0.0184827    0.378122     -0.0201315     0.0264172    -0.0259015   -0.0201315   0.389676
0.0113876    0.021618     -0.00514859  0.00259061     0.021618     0.0184827    -0.0215331   0.0246176      -0.00514859  -0.0215331   0.00269293   0.00476281     0.00259061   0.0246176    0.00476281   0.013024
-0.0421406   -0.0695787   -0.0187941   0.000964755    -0.0695787   -0.0259015   0.0246176    -0.0763019     -0.0187941   0.0246176    -0.0242219   -0.00750394    0.000964755  -0.0763019   -0.00750394  -0.00639265

0.102714     -0.0302736   0.0598393    0.00521432     -0.0302736   0.0507637    -0.00514859  -0.0187941     0.0598393    -0.00514859  0.0624751    -0.00120598    0.00521432   -0.0187941   -0.00120598  0.0316084
0.0113876    0.021618     -0.00514859  0.00259061     0.021618     0.0184827    -0.0215331   0.0246176      -0.00514859  -0.0215331   0.00269293   0.00476281     0.00259061   0.0246176    0.00476281   0.013024
0.424738     -0.03118     0.0624735    0.00349028     -0.03118     0.378122     0.00269293   -0.0242219     0.0624735    0.00269293   0.365722     -0.000226001   0.00349028   -0.0242219   -0.000226001 0.341581
-0.00315744  -0.0111181   -0.00120598  -0.0154556     -0.0111181   -0.0201315   0.00476281   -0.00750394    -0.00120598  0.00476281   -0.000226001 0.018791       -0.0154555   -0.00750394  0.018791     -0.0157988

0.00511844   0.0163798    0.00521432   0.0220779      0.0163798    0.0264376    0.00259061   0.000964755    0.00521432   0.00259061   0.00349028   -0.0154597     0.0220779    0.000964755  -0.0154597   0.0190059
-0.0421406   -0.0695787   -0.0187941   0.000964755    -0.0695787   -0.0259015   0.0246176    -0.0763019     -0.0187941   0.0246176    -0.0242219   -0.00750394    0.000964755  -0.0763019   -0.00750394  -0.00639265
-0.00315744  -0.0111181   -0.00120598  -0.0154556     -0.0111181   -0.0201315   0.00476281   -0.00750394    -0.00120598  0.00476281   -0.000226001 0.018791       -0.0154555   -0.00750394  0.018791     -0.0157988
0.393415     -0.00085653  0.0316084    0.0190059      -0.00085653  0.389676     0.013024     -0.00639265    0.0316084    0.013024     0.341581     -0.0157988     0.0190059    -0.00639265  -0.0157988   0.366098


    Hamiltonian Matrix CA:    < psi_{i1,C} <psi_{i2,A} | V_e-e | psi_{i3,C} <psi_{i4,A} >

HijkCA: {{{{0.4925461013, -0.08754311593, 0.07942837056, 0.0170566823}, {0.08754311593, 0.04588977039, 0.04676780143, -0.02236689926}, {0.07964890545, -0.04676838973, 0.03827004166, 0.01577391435}, {0.01705787683, 0.02236689926, 0.01577391435, 0.009743790792}}, {{-0.08754311593, 0.4465183624, 0.02482580735, -0.07902439523}, {0.04588977039, 0.02365413971, -0.02452412904, 0.05437456314}, {-0.04676838973, 0.06659447566, -0.003133507141, -0.03614814289}, {0.02236689926, 0.01552842856, -0.0002500134527, 0.004673073134}}, {{0.07942837056, 0.02482580735, 0.3999833743, -0.01246572482}, {0.04676780143, -0.02452412904, 0.05246111009, 0.01858847311}, {0.03827004166, -0.003133507141, 0.04681768575, -0.005541253914}, {0.01577391435, -0.0002500134527, 0.0116718932, -0.01096984923}}, {{0.0170566823, -0.07902439523, -0.01246572482, 0.3914969095}, {-0.02236689926, 0.05437456314, 0.01858847311, 0.006310878359}, {0.01577391435, -0.03614814289, -0.005541253914, 0.04079018381}, {0.009743790792, 0.004673073134, -0.01096984923, 0.01430114179}}}, {{{0.08754311593, 0.04588977039, 0.04676780143, -0.02236689926}, {0.4465183624, -0.02365413971, 0.06659447566, 0.01554925437}, {-0.02482580735, -0.02452039112, 0.003133507141, 0.0002500134527}, {0.0790240724, 0.05437456314, 0.03614814289, -0.004673073134}}, {{0.04588977039, 0.02365413971, -0.02452412792, 0.05437456314}, {-0.02365413971, 0.4095756639, 0.02715049595, -0.04379204798}, {-0.02452039224, -0.02715049595, 0.009690574419, -0.01855178694}, {0.05437456314, 0.04379204798, -0.01855178694, 0.05514311433}}, {{0.04676780143, -0.02452412904, 0.05246111009, 0.01858847311}, {0.06659447566, 0.02715049595, 0.3752340909, -0.02043907074}, {0.003133507141, 0.009690574419, -0.01287863042, -0.005483029148}, {0.03614814289, -0.01855178694, 0.04825396693, 0.01059619782}}, {{-0.02236689926, 0.05437456314, 0.01858847311, 0.006310878359}, {0.01554925437, -0.04379204798, -0.02043907074, 0.3746412899}, {0.0002500134527, -0.01855178694, -0.005483029148, -0.02339008724}, {-0.004673073134, 0.05514311433, 0.01059619782, 0.01747989569}}}, {{{0.07964890545, -0.04676838973, 0.03827004166, 0.01577391435}, {-0.02482580735, -0.02452039112, 0.003133507141, 0.0002500134527}, {0.3999851284, -0.05246111009, 0.04682942239, 0.0116718932}, {-0.01246572482, -0.01858847311, -0.005541253914, -0.01098558981}}, {{-0.04676838973, 0.06659447566, -0.003133507141, -0.03614814289}, {-0.02452039112, -0.02715049595, 0.009690574419, -0.01855178694}, {-0.05246111009, 0.3752340909, 0.01287863042, -0.04825396693}, {-0.01858847311, -0.02043885121, 0.005483174564, -0.01059619782}}, {{0.03827004166, -0.003133507141, 0.04681768575, -0.005541253914}, {0.003133507141, 0.009690574419, -0.01287863042, -0.005483029148}, {0.04682942239, 0.01287863042, 0.3434005475, -0.002497799755}, {-0.005541253914, 0.005483174564, -0.002497799755, 0.01129308317}}, {{0.01577391435, -0.03614814289, -0.005541253914, 0.04079018381}, {0.0002500134527, -0.01855178694, -0.005483029148, -0.02339008724}, {0.0116718932, -0.04825396693, -0.002497799755, 0.3401716503}, {-0.01098349534, -0.01059619782, 0.01129308317, -0.01315158411}}}, {{{0.01705707079, 0.02236689926, 0.01577391435, 0.009743790792}, {0.0790240724, 0.05437456314, 0.03614814289, -0.004673073134}, {-0.01246572482, -0.01858847311, -0.005541253914, -0.01098558981}, {0.3914967655, -0.006310878359, 0.04079018381, 0.01430114179}}, {{0.02236689926, 0.01553075536, -0.0002500134527, 0.004673073134}, {0.05437456314, 0.04379204798, -0.01855178694, 0.05514311433}, {-0.01858847311, -0.02043885121, 0.005483174564, -0.01059619782}, {-0.006310878359, 0.3745939514, 0.02339194629, -0.01747989569}}, {{0.01577391435, -0.0002500134527, 0.0116718932, -0.01096280755}, {0.03614814289, -0.01855178694, 0.04825396693, 0.01059619782}, {-0.005541253914, 0.005483174564, -0.002497799755, 0.01129308317}, {0.04079018381, 0.02339194629, 0.3401716503, -0.01315158411}}, {{0.009743790792, 0.004673073134, -0.01096280755, 0.01430114179}, {-0.004673073134, 0.05514311433, 0.01059619782, 0.01747989569}, {-0.01098349534, -0.01059619782, 0.01129308317, -0.01315158411}, {0.01430114179, -0.01747989569, -0.01315158411, 0.3467593236}}}}
0.492546     -0.0875431   0.0794284    0.0170567      -0.0875431   0.446518     0.0248258    -0.0790244     0.0794284    0.0248258    0.399983     -0.0124657     0.0170567    -0.0790244   -0.0124657   0.391497
0.0875431    0.0458898    0.0467678    -0.0223669     0.0458898    0.0236541    -0.0245241   0.0543746      0.0467678    -0.0245241   0.0524611    0.0185885      -0.0223669   0.0543746    0.0185885    0.00631088
0.0796489    -0.0467684   0.03827      0.0157739      -0.0467684   0.0665945    -0.00313351  -0.0361481     0.03827      -0.00313351  0.0468177    -0.00554125    0.0157739    -0.0361481   -0.00554125  0.0407902
0.0170579    0.0223669    0.0157739    0.00974379     0.0223669    0.0155284    -0.000250013 0.00467307     0.0157739    -0.000250013 0.0116719    -0.0109698     0.00974379   0.00467307   -0.0109698   0.0143011

0.0875431    0.0458898    0.0467678    -0.0223669     0.0458898    0.0236541    -0.0245241   0.0543746      0.0467678    -0.0245241   0.0524611    0.0185885      -0.0223669   0.0543746    0.0185885    0.00631088
0.446518     -0.0236541   0.0665945    0.0155493      -0.0236541   0.409576     0.0271505    -0.043792      0.0665945    0.0271505    0.375234     -0.0204391     0.0155493    -0.043792    -0.0204391   0.374641
-0.0248258   -0.0245204   0.00313351   0.000250013    -0.0245204   -0.0271505   0.00969057   -0.0185518     0.00313351   0.00969057   -0.0128786   -0.00548303    0.000250013  -0.0185518   -0.00548303  -0.0233901
0.0790241    0.0543746    0.0361481    -0.00467307    0.0543746    0.043792     -0.0185518   0.0551431      0.0361481    -0.0185518   0.048254     0.0105962      -0.00467307  0.0551431    0.0105962    0.0174799

0.0796489    -0.0467684   0.03827      0.0157739      -0.0467684   0.0665945    -0.00313351  -0.0361481     0.03827      -0.00313351  0.0468177    -0.00554125    0.0157739    -0.0361481   -0.00554125  0.0407902
-0.0248258   -0.0245204   0.00313351   0.000250013    -0.0245204   -0.0271505   0.00969057   -0.0185518     0.00313351   0.00969057   -0.0128786   -0.00548303    0.000250013  -0.0185518   -0.00548303  -0.0233901
0.399985     -0.0524611   0.0468294    0.0116719      -0.0524611   0.375234     0.0128786    -0.048254      0.0468294    0.0128786    0.343401     -0.0024978     0.0116719    -0.048254    -0.0024978   0.340172
-0.0124657   -0.0185885   -0.00554125  -0.0109856     -0.0185885   -0.0204389   0.00548317   -0.0105962     -0.00554125  0.00548317   -0.0024978   0.0112931      -0.0109835   -0.0105962   0.0112931    -0.0131516

0.0170571    0.0223669    0.0157739    0.00974379     0.0223669    0.0155308    -0.000250013 0.00467307     0.0157739    -0.000250013 0.0116719    -0.0109628     0.00974379   0.00467307   -0.0109628   0.0143011
0.0790241    0.0543746    0.0361481    -0.00467307    0.0543746    0.043792     -0.0185518   0.0551431      0.0361481    -0.0185518   0.048254     0.0105962      -0.00467307  0.0551431    0.0105962    0.0174799
-0.0124657   -0.0185885   -0.00554125  -0.0109856     -0.0185885   -0.0204389   0.00548317   -0.0105962     -0.00554125  0.00548317   -0.0024978   0.0112931      -0.0109835   -0.0105962   0.0112931    -0.0131516
0.391497     -0.00631088  0.0407902    0.0143011      -0.00631088  0.374594     0.0233919    -0.0174799     0.0407902    0.0233919    0.340172     -0.0131516     0.0143011    -0.0174799   -0.0131516   0.346759


    Hamiltonian Matrix CB:    < psi_{i1,C} <psi_{i2,B} | V_e-e | psi_{i3,C} <psi_{i4,B} >

HijkCB: {{{{0.534085024, -0.05052033935, 0.1028535814, 0.005118437505}, {-0.05052033935, -0.078689411, -0.0302736332, 0.01637981924}, {0.1027137297, -0.0302736332, 0.05983927454, 0.005214316433}, {0.005118437505, 0.01637981924, 0.005214316433, 0.02207794911}}, {{-0.05052033935, 0.4551761261, 0.01138762518, -0.04214063109}, {-0.078689411, -0.007312063211, 0.02162582005, -0.06957870664}, {-0.0302736332, 0.05076374216, -0.005148594729, -0.01879414969}, {0.01637981924, 0.02643515778, 0.002590613245, 0.0009647549268}}, {{0.1028535814, 0.01138762518, 0.4254061461, -0.003157441331}, {-0.0302736332, 0.02162582005, -0.03118002727, -0.01111813211}, {0.05983927454, -0.005148594729, 0.06247511277, -0.001205982415}, {0.005214316433, 0.002590613245, 0.003490277344, -0.01545960788}}, {{0.005118437505, -0.04214063109, -0.003157441331, 0.3934149}, {0.01637981924, -0.06957870664, -0.01111813211, -0.0008565296468}, {0.005214316433, -0.01879414969, -0.001205982415, 0.03160837869}, {0.02207794911, 0.0009647549268, -0.01545960788, 0.01900588762}}}, {{{-0.05052033935, -0.078689411, -0.0302736332, 0.01637981924}, {0.4551761261, -0.007312063211, 0.05076374216, 0.02641723558}, {0.01138762518, 0.02161798065, -0.005148594729, 0.002590613245}, {-0.04214063109, -0.06957870664, -0.01879414969, 0.0009647549268}}, {{-0.078689411, -0.007312063211, 0.02162582782, -0.06957870664}, {-0.007312063211, 0.4366545455, 0.01848269536, -0.02590146781}, {0.02161797288, 0.01848269536, -0.02153310762, 0.02461761442}, {-0.06957870664, -0.02590146781, 0.02461761442, -0.0763018754}}, {{-0.0302736332, 0.02162582005, -0.03118002727, -0.01111813211}, {0.05076374216, 0.01848269536, 0.3781220958, -0.02013145385}, {-0.005148594729, -0.02153310762, 0.002692927996, 0.004762807276}, {-0.01879414969, 0.02461761442, -0.02422194101, -0.007503942694}}, {{0.01637981924, -0.06957870664, -0.01111813211, -0.0008565296468}, {0.02641723558, -0.02590146781, -0.02013145385, 0.3896763083}, {0.002590613245, 0.02461761442, 0.004762807276, 0.01302400785}, {0.0009647549268, -0.0763018754, -0.007503942694, -0.006392649697}}}, {{{0.1027137297, -0.0302736332, 0.05983927454, 0.005214316433}, {0.01138762518, 0.02161798065, -0.005148594729, 0.002590613245}, {0.4247381957, -0.03118002727, 0.06247347685, 0.003490277344}, {-0.003157441331, -0.01111813211, -0.001205982415, -0.01545556482}}, {{-0.0302736332, 0.05076374216, -0.005148594729, -0.01879414969}, {0.02161798065, 0.01848269536, -0.02153310762, 0.02461761442}, {-0.03118002727, 0.3781220958, 0.002692927996, -0.02422194101}, {-0.01111813211, -0.02013145385, 0.004762807276, -0.007503942694}}, {{0.05983927454, -0.005148594729, 0.06247511277, -0.001205982415}, {-0.005148594729, -0.02153310762, 0.002692927996, 0.004762807276}, {0.06247347685, 0.002692927996, 0.3657224276, -0.0002260009553}, {-0.001205982415, 0.004762807276, -0.0002260009553, 0.01879099303}}, {{0.005214316433, -0.01879414969, -0.001205982415, 0.03160837869}, {0.002590613245, 0.02461761442, 0.004762807276, 0.01302400785}, {0.003490277344, -0.02422194101, -0.0002260009553, 0.3415809092}, {-0.01545553655, -0.007503942694, 0.01879099303, -0.01579875534}}}, {{{0.005118437505, 0.01637981924, 0.005214316433, 0.02207794911}, {-0.04214063109, -0.06957870664, -0.01879414969, 0.0009647549268}, {-0.003157441331, -0.01111813211, -0.001205982415, -0.01545556482}, {0.3934149, -0.0008565296468, 0.03160837869, 0.01900588762}}, {{0.01637981924, 0.02643756941, 0.002590613245, 0.0009647549268}, {-0.06957870664, -0.02590146781, 0.02461761442, -0.0763018754}, {-0.01111813211, -0.02013145385, 0.004762807276, -0.007503942694}, {-0.0008565296468, 0.3896763083, 0.01302400785, -0.006392649697}}, {{0.005214316433, 0.002590613245, 0.003490277344, -0.01545965792}, {-0.01879414969, 0.02461761442, -0.02422194101, -0.007503942694}, {-0.001205982415, 0.004762807276, -0.0002260009553, 0.01879099303}, {0.03160837869, 0.01302400785, 0.3415809092, -0.01579875534}}, {{0.02207794911, 0.0009647549268, -0.01545965792, 0.01900588762}, {0.0009647549268, -0.0763018754, -0.007503942694, -0.006392649697}, {-0.01545553655, -0.007503942694, 0.01879099303, -0.01579875534}, {0.01900588762, -0.006392649697, -0.01579875534, 0.3660981541}}}}
0.534085     -0.0505203   0.102854     0.00511844     -0.0505203   0.455176     0.0113876    -0.0421406     0.102854     0.0113876    0.425406     -0.00315744    0.00511844   -0.0421406   -0.00315744  0.393415
-0.0505203   -0.0786894   -0.0302736   0.0163798      -0.0786894   -0.00731206  0.0216258    -0.0695787     -0.0302736   0.0216258    -0.03118     -0.0111181     0.0163798    -0.0695787   -0.0111181   -0.00085653
0.102714     -0.0302736   0.0598393    0.00521432     -0.0302736   0.0507637    -0.00514859  -0.0187941     0.0598393    -0.00514859  0.0624751    -0.00120598    0.00521432   -0.0187941   -0.00120598  0.0316084
0.00511844   0.0163798    0.00521432   0.0220779      0.0163798    0.0264352    0.00259061   0.000964755    0.00521432   0.00259061   0.00349028   -0.0154596     0.0220779    0.000964755  -0.0154596   0.0190059

-0.0505203   -0.0786894   -0.0302736   0.0163798      -0.0786894   -0.00731206  0.0216258    -0.0695787     -0.0302736   0.0216258    -0.03118     -0.0111181     0.0163798    -0.0695787   -0.0111181   -0.00085653
0.455176     -0.00731206  0.0507637    0.0264172      -0.00731206  0.436655     0.0184827    -0.0259015     0.0507637    0.0184827    0.378122     -0.0201315     0.0264172    -0.0259015   -0.0201315   0.389676
0.0113876    0.021618     -0.00514859  0.00259061     0.021618     0.0184827    -0.0215331   0.0246176      -0.00514859  -0.0215331   0.00269293   0.00476281     0.00259061   0.0246176    0.00476281   0.013024
-0.0421406   -0.0695787   -0.0187941   0.000964755    -0.0695787   -0.0259015   0.0246176    -0.0763019     -0.0187941   0.0246176    -0.0242219   -0.00750394    0.000964755  -0.0763019   -0.00750394  -0.00639265

0.102714     -0.0302736   0.0598393    0.00521432     -0.0302736   0.0507637    -0.00514859  -0.0187941     0.0598393    -0.00514859  0.0624751    -0.00120598    0.00521432   -0.0187941   -0.00120598  0.0316084
0.0113876    0.021618     -0.00514859  0.00259061     0.021618     0.0184827    -0.0215331   0.0246176      -0.00514859  -0.0215331   0.00269293   0.00476281     0.00259061   0.0246176    0.00476281   0.013024
0.424738     -0.03118     0.0624735    0.00349028     -0.03118     0.378122     0.00269293   -0.0242219     0.0624735    0.00269293   0.365722     -0.000226001   0.00349028   -0.0242219   -0.000226001 0.341581
-0.00315744  -0.0111181   -0.00120598  -0.0154556     -0.0111181   -0.0201315   0.00476281   -0.00750394    -0.00120598  0.00476281   -0.000226001 0.018791       -0.0154555   -0.00750394  0.018791     -0.0157988

0.00511844   0.0163798    0.00521432   0.0220779      0.0163798    0.0264376    0.00259061   0.000964755    0.00521432   0.00259061   0.00349028   -0.0154597     0.0220779    0.000964755  -0.0154597   0.0190059
-0.0421406   -0.0695787   -0.0187941   0.000964755    -0.0695787   -0.0259015   0.0246176    -0.0763019     -0.0187941   0.0246176    -0.0242219   -0.00750394    0.000964755  -0.0763019   -0.00750394  -0.00639265
-0.00315744  -0.0111181   -0.00120598  -0.0154556     -0.0111181   -0.0201315   0.00476281   -0.00750394    -0.00120598  0.00476281   -0.000226001 0.018791       -0.0154555   -0.00750394  0.018791     -0.0157988
0.393415     -0.00085653  0.0316084    0.0190059      -0.00085653  0.389676     0.013024     -0.00639265    0.0316084    0.013024     0.341581     -0.0157988     0.0190059    -0.00639265  -0.0157988   0.366098


Energy:  {4.168636201}


Coefficients: {{0.8132029854, 0.5235332947, 0.1234267755, 0.2222152671}, {0.9269468727, -0.2452572572, 0.265470584, 0.1007161461}, {0.9269468727, -0.2452572572, 0.265470584, 0.1007161461}, {0.8132029854, 0.5235332947, 0.1234267755, 0.2222152671}}


r2: {3.51695356, 2.373606388, 2.373606388, 3.51695356}
r2f: {3.18284615}


r3: {8.195793198, 4.575125355, 4.575125355, 8.195793198}
r3f: {6.975440461}


alpha: {5.287274632, 2.951507395, 2.951507395, 5.287274632}
alphaf: {4.5}




~~~XDM (a1=0.65, a2=3.17474)~~~

M1^2: {4.498754593, 3.690893877, 3.690893877, 4.498754593}
M1f^2: {3.18284615}

M2^2: {23.03814508, 23.22472989, 23.22472989, 23.03814508}
M2f^2: {16.88418269}

M3^2: {244.2932681, 218.2970553, 218.2970553, 244.2932681}
M3f^2: {125.3927637}

C6XDM: {{11.89307552, 7.901691791, 7.901691791, 11.89307552}, {7.901691791, 5.446850285, 5.446850285, 7.901691791}, {7.901691791, 5.446850285, 5.446850285, 7.901691791}, {11.89307552, 7.901691791, 7.901691791, 11.89307552}}
C6XDMf: {7.161403837}

C8XDM: {{182.7135, 135.278293, 135.278293, 182.7135}, {135.278293, 102.821943, 102.821943, 135.278293}, {135.278293, 102.821943, 102.821943, 135.278293}, {182.7135, 135.278293, 135.278293, 182.7135}}
C8XDMf: {113.9682331}

C10XDM: {{3893.238662, 2862.25808, 2862.25808, 3893.238662}, {2862.25808, 2194.412079, 2194.412079, 2862.25808}, {2862.25808, 2194.412079, 2194.412079, 2862.25808}, {3893.238662, 2862.25808, 2862.25808, 3893.238662}}
C10XDMf: {1974.936028}

EXDMC6: {-461.1038416}
EXDMC8: {-22294.27716}
EXDMC10: {-1310559.551}

EXDMBJC6: {-0.001044609254}
EXDMBJC8: {-0.000488075859}
EXDMBJC10: {-0.0002871612432}

EXDM: {-1333314.932}
EXDMBJ: {-0.001819846356}




~~~TS (dTS=20, sR=0.62)~~~

C6TS: {{9.886370347, 5.518853704, 5.518853704, 9.886370347}, {5.518853704, 3.080781433, 3.080781433, 5.518853704}, {5.518853704, 3.080781433, 3.080781433, 5.518853704}, {9.886370347, 5.518853704, 5.518853704, 9.886370347}}
C6TSf: {7.161403837}

ETS: {-306.5923252}
ETSWY: {-0.00002676088678}




~~~MBD~~~

 alpha: {8.475164114, -2.926574099, -2.926574099, 8.475164114}
  C6ii: {21.91241851, 2.010648958, 2.010648958, 21.91241851}
 omega: {0.4067549224, 0.3130083624, 0.3130083624, 0.4067549224}
lambda: {0.3728782093 + 0.2941660195 I, 0.3728782093 + 0.2941660195 I, 0.3387455317 + 0.1288629708 I, -0.1161825154 - 0.3058164222 I, -0.1161825154 - 0.3058164222 I, 0.229874265 + 0.03708345305 I, 0.229874265 + 0.03708345305 I, 0.03338598153 - 0.1971144372 I, 0.1155529556 + 0.1605301008 I, 0.03916313485 - 0.09227863442 I, 0.04027764469 - 0.02543305033 I, 0.04027764469 - 0.02543305033 I}
Energy: {0.3039713653 - 0.3428720528 I}

~~~MBD@rsSCS (drsSCS=6, sR=0.62)~~~

 alpha: {8.322976772, -2.810980723, -2.810980723, 8.322976772}
  C6ii: {21.2128971, 1.855841433, 1.855841433, 21.2128971}
 omega: {0.4083018586, 0.3131582578, 0.3131582578, 0.4083018586}
lambda: {0.171585254 - 0.00000000000000004261330749 I, 0.1640589054 - 0.000000000000000001361459797 I, 0.1640589054 - 0.00000000000000001265769413 I, 0.1562081067 - 0.00000000000000001195544653 I, 0.1562081067 - 0.00000000000000000773369028 I, 0.1279757585 + 0.00000000000000001372102561 I, 0.1149979959 - 0.03468584299 I, 0.1149979959 + 0.03468584299 I, 0.1181108519 + 0. I, 0.1181108519 + 0.00000000000000001313642222 I, 0.09117914031 + 0.000000000000000007061758529 I, 0.09117914031 - 0.0000000000000000005923591327 I}
Energy: {0.01037263575 + 0.000000000000000007973212621 I}




~~~MBDFree1~~~

 alpha: {6.650797457, -2.449932738, -2.449932738, 6.650797457}
  C6ii: {12.74662011, 1.258775635, 1.258775635, 12.74662011}
 omega: {0.3842256334, 0.2796267677, 0.2796267677, 0.3842256334}
lambda: {0.3186764906 + 0.2421432446 I, 0.3186764906 + 0.2421432446 I, 0.3006445443 + 0.1210811708 I, -0.09682060535 - 0.2527032972 I, -0.09682060535 - 0.2527032972 I, 0.1968530389 + 0.0368047603 I, 0.1968530389 + 0.0368047603 I, 0.04883176152 - 0.1495782832 I, 0.07247756658 + 0.1162495898 I, 0.02968706076 - 0.08775247745 I, 0.03293200903 - 0.02624470775 I, 0.03293200903 - 0.02624470775 I}
Energy: {0.2675377142 - 0.3143430459 I}

~~~MBDFree1@rsSCS (drsSCS=6, sR=0.62)~~~

 alpha: {6.382587073, -2.21023418, -2.21023418, 6.382587073}
  C6ii: {11.94067451, 1.043021637, 1.043021637, 11.94067451}
 omega: {0.3908175881, 0.284679027, 0.284679027, 0.3908175881}
lambda: {0.1599041564 + 0.000000000000000006795240951 I, 0.1543075541 - 0.000000000000000003989468708 I, 0.1543075541 + 0.00000000000000000006282347306 I, 0.145989067 - 0.000000000000000003007839618 I, 0.145989067 + 0.00000000000000000004590401527 I, 0.1186852212 - 0.00000000000000002126242107 I, 0.09733946884 - 0.000000000000000004454547199 I, 0.09163222473 + 0.00000000000000004001278985 I, 0.09120452636 + 0.00000000000000003280781953 I, 0.09120452636 + 0.0000000000000000001220385493 I, 0.07605992377 + 0.000000000000000004642747234 I, 0.07605992377 - 0.0000000000000000002307660376 I}
Energy: {0.005749962861 + 0.0000000000000000451170861 I}




~~~MBDFree2~~~

 alpha: {6.650797457, -2.449932738, -2.449932738, 6.650797457}
  C6ii: {18.67686757, 1.484841304, 1.484841304, 18.67686757}
 omega: {0.562983066, 0.3298454172, 0.3298454172, 0.562983066}
lambda: {0.611427186 + 0.4061105852 I, 0.611427186 + 0.4061105852 I, 0.5254526541 + 0.1964991766 I, -0.1312829152 - 0.4208042288 I, -0.1312829152 - 0.4208042288 I, 0.310438827 + 0.06562126347 I, 0.310438827 + 0.06562126347 I, 0.114003729 - 0.2356795348 I, 0.1570316521 + 0.189304771 I, 0.05500782851 - 0.1501244128 I, 0.06091276589 - 0.05092761983 I, 0.06091276589 - 0.05092761983 I}
Energy: {0.3338087567 - 0.403171878 I}

~~~MBDFree2@rsSCS (drsSCS=6, sR=0.62)~~~

 alpha: {6.382587073, -2.21023418, -2.21023418, 6.382587073}
  C6ii: {17.98646705, 1.301312701, 1.301312701, 17.98646705}
 omega: {0.5886960292, 0.3551761732, 0.3551761732, 0.5886960292}
lambda: {0.3680343844 + 0.00000000000000001971809269 I, 0.3550683665 - 0.0000000000000000000253561569 I, 0.3550683665 + 0.00000000000000001048969444 I, 0.3323711979 + 0.000000000000000003827458087 I, 0.3323711979 + 0.00000000000000000001457855561 I, 0.2999696049 - 0.000000000000000002941888476 I, 0.1493726354 + 0.000000000000000004259906276 I, 0.1399917078 - 0.000000000000000009703229855 I, 0.1399917078 + 0.0000000000000000008435802634 I, 0.1280496329 + 0.00000000000000001116298106 I, 0.1179949854 + 0.00000000000000000263664429 I, 0.1179949854 - 0.000000000000000009445443525 I}
Energy: {0.0077750894 + 0.00000000000000001251842754 I}




~~~MBD@XDM1~~~

 alpha: {10.19811729, -4.190504709, -4.190504709, 10.19811729}
  C6ii: {30.3355012, 4.01487421, 4.01487421, 30.3355012}
 omega: {0.3889107127, 0.304844254, 0.304844254, 0.3889107127}
lambda: {0.4085486539 + 0.2910250683 I, 0.4085486539 + 0.2910250683 I, 0.3348756605 + 0.09420814863 I, -0.1676472164 - 0.299593663 I, -0.1676472164 - 0.299593663 I, 0.1490979224 + 0.2011542163 I, -0.001036292134 - 0.2278226372 I, 0.220514816 + 0.02382266967 I, 0.220514816 + 0.02382266967 I, 0.005425832435 - 0.0675397277 I, 0.02694686961 - 0.01525407497 I, 0.02694686961 - 0.01525407497 I}
Energy: {0.30974378 - 0.4138141192 I}

~~~MBD@XDM1@rsSCS (drsSCS=6, sR=0.62)~~~

 alpha: {9.912356431, -3.963028597, -3.963028597, 9.912356431}
  C6ii: {28.88352827, 3.60131356, 3.60131356, 28.88352827}
 omega: {0.3919540531, 0.3057350716, 0.3057350716, 0.3919540531}
lambda: {0.1449108111 - 0.01484705236 I, 0.1449108111 + 0.01484705236 I, 0.1407758895 - 0.00000000000000000717238581 I, 0.1407758895 - 0.00000000000000000836207003 I, 0.134230884 - 0.01006248797 I, 0.134230884 + 0.01006248797 I, 0.134230884 - 0.01006248797 I, 0.134230884 + 0.01006248797 I, 0.1021911026 - 0.0499761816 I, 0.1021911026 + 0.0499761816 I, 0.08496616995 + 0.00000000000000002857822872 I, 0.08496616995 + 0.000000000000000005286871532 I}
Energy: {0.01665121727 + 0.00000000000000006373933393 I}




~~~MBD@XDM2~~~

 alpha: {8.475164114, -2.926574099, -2.926574099, 8.475164114}
  C6ii: {26.65105603, 2.79108656, 2.79108656, 26.65105603}
 omega: {0.4947171039, 0.4345032135, 0.4345032135, 0.4947171039}
lambda: {0.5959780772 + 0.5020791186 I, 0.5959780772 + 0.5020791186 I, 0.5891080369 + 0.2217234096 I, -0.2188177642 - 0.5245290513 I, -0.2188177642 - 0.5245290513 I, 0.4271978893 + 0.0603549474 I, 0.4271978893 + 0.0603549474 I, 0.03848036973 - 0.3446280616 I, 0.1746751985 + 0.2741312808 I, 0.06481250582 - 0.1512266288 I, 0.06271790872 - 0.03790501475 I, 0.06271790872 - 0.03790501475 I}
Energy: {0.4045855209 - 0.4510799238 I}

~~~MBD@XDM2@rsSCS (drsSCS=6, sR=0.62)~~~

 alpha: {8.322976772, -2.810980723, -2.810980723, 8.322976772}
  C6ii: {25.65972561, 2.559532663, 2.559532663, 25.65972561}
 omega: {0.4938935783, 0.4319004713, 0.4319004713, 0.4938935783}
lambda: {0.2447320087 - 0.03495339182 I, 0.2447320087 + 0.03495339182 I, 0.2299832253 - 0.0322191048 I, 0.2299832253 - 0.0322191048 I, 0.2299832253 + 0.0322191048 I, 0.2299832253 + 0.0322191048 I, 0.2240158611 + 0.00000000000000001983013038 I, 0.2240158611 + 0.00000000000000006316330316 I, 0.185736875 - 0.0752115036 I, 0.185736875 + 0.0752115036 I, 0.1769554558 - 0.00000000000000003812131228 I, 0.1769554558 - 0.00000000000000001387778781 I}
Energy: {0.01339732746 + 0.00000000000000019808027 I}




    ENERGY MATRIX: {Non-Interacting, Electron-Nuclear, Electron-Electron, Nuclear-Nuclear, Total Energy}
Oscillator 1 Energy: {0.8974756897, -2.53318989, 0.959933488, 1.527775231, 0.8519945192}
Oscillator 2 Energy: {0.8116911857, -2.142973312, 0.9737938744, 2.083329861, 1.725841609}
Oscillator 3 Energy: {0.8116911857, -2.595045688, 0.8389181117, 2.083329861, 1.13889347}
Oscillator 4 Energy: {0.8974756897, -2.53318989, 0.825057865, 1.527775231, 0.7171188963}
Energy Totals: {3.418333751, -9.80439878, 3.597703339, 7.222210185, 4.433848495}


    COEFFICIENT MATRIX: {c1, c2, c5, c6, c11, c14}
Oscillator 1 Cs: {0.8132029854, 0.5235332947, 0.1234267755, 0.2222152671}
Oscillator 2 Cs: {0.9269468727, -0.2452572572, 0.265470584, 0.1007161461}
Oscillator 3 Cs: {0.9269468727, -0.2452572572, 0.265470584, 0.1007161461}
Oscillator 4 Cs: {0.8132029854, 0.5235332947, 0.1234267755, 0.2222152671}


    GENERAL RESULTS: {R, E, r2, r2f, r3, r3f, alpha, alphaf}
Oscillator 1 General Results: {0.600001, 4.168636201, 3.51695356, 3.18284615, 8.195793198, 6.975440461, 5.287274632, 4.5}
Oscillator 2 General Results: {0.600001, 4.168636201, 2.373606388, 3.18284615, 4.575125355, 6.975440461, 2.951507395, 4.5}
Oscillator 3 General Results: {0.600001, 4.168636201, 2.373606388, 3.18284615, 4.575125355, 6.975440461, 2.951507395, 4.5}
Oscillator 4 General Results: {0.600001, 4.168636201, 3.51695356, 3.18284615, 8.195793198, 6.975440461, 5.287274632, 4.5}


    XDM RESULTS: {M1^2, M1f^2, M2^2, M2f^2, M3^2, M3f^2, C6XDMii, C6XDMij, C6XDMf, C8XDMii, C8XDMij, C8XDMf, C10XDMii, C10XDMij, C10XDMf, EXDMC6, EXDMC8, EXDMC10, EXDMBJC6, EXDMBJC8, EXDMBJC10, EXDM, EXDMBJ}
Oscillator 1 XDM Results: {4.498754593, 3.18284615, 23.03814508, 16.88418269, 244.2932681, 125.3927637, 11.89307552, {{11.89307552, 7.901691791, 7.901691791, 11.89307552}, {7.901691791, 5.446850285, 5.446850285, 7.901691791}, {7.901691791, 5.446850285, 5.446850285, 7.901691791}, {11.89307552, 7.901691791, 7.901691791, 11.89307552}}, 7.161403837, 182.7135, {{182.7135, 135.278293, 135.278293, 182.7135}, {135.278293, 102.821943, 102.821943, 135.278293}, {135.278293, 102.821943, 102.821943, 135.278293}, {182.7135, 135.278293, 135.278293, 182.7135}}, 113.9682331, 3893.238662, {{3893.238662, 2862.25808, 2862.25808, 3893.238662}, {2862.25808, 2194.412079, 2194.412079, 2862.25808}, {2862.25808, 2194.412079, 2194.412079, 2862.25808}, {3893.238662, 2862.25808, 2862.25808, 3893.238662}}, 1974.936028, -461.1038416, -22294.27716, -1310559.551, -0.001044609254, -0.000488075859, -0.0002871612432, -1333314.932, -0.001819846356}
Oscillator 2 XDM Results: {3.690893877, 3.18284615, 23.22472989, 16.88418269, 218.2970553, 125.3927637, 5.446850285, {{11.89307552, 7.901691791, 7.901691791, 11.89307552}, {7.901691791, 5.446850285, 5.446850285, 7.901691791}, {7.901691791, 5.446850285, 5.446850285, 7.901691791}, {11.89307552, 7.901691791, 7.901691791, 11.89307552}}, 7.161403837, 102.821943, {{182.7135, 135.278293, 135.278293, 182.7135}, {135.278293, 102.821943, 102.821943, 135.278293}, {135.278293, 102.821943, 102.821943, 135.278293}, {182.7135, 135.278293, 135.278293, 182.7135}}, 113.9682331, 2194.412079, {{3893.238662, 2862.25808, 2862.25808, 3893.238662}, {2862.25808, 2194.412079, 2194.412079, 2862.25808}, {2862.25808, 2194.412079, 2194.412079, 2862.25808}, {3893.238662, 2862.25808, 2862.25808, 3893.238662}}, 1974.936028, -461.1038416, -22294.27716, -1310559.551, -0.001044609254, -0.000488075859, -0.0002871612432, -1333314.932, -0.001819846356}
Oscillator 3 XDM Results: {3.690893877, 3.18284615, 23.22472989, 16.88418269, 218.2970553, 125.3927637, 5.446850285, {{11.89307552, 7.901691791, 7.901691791, 11.89307552}, {7.901691791, 5.446850285, 5.446850285, 7.901691791}, {7.901691791, 5.446850285, 5.446850285, 7.901691791}, {11.89307552, 7.901691791, 7.901691791, 11.89307552}}, 7.161403837, 102.821943, {{182.7135, 135.278293, 135.278293, 182.7135}, {135.278293, 102.821943, 102.821943, 135.278293}, {135.278293, 102.821943, 102.821943, 135.278293}, {182.7135, 135.278293, 135.278293, 182.7135}}, 113.9682331, 2194.412079, {{3893.238662, 2862.25808, 2862.25808, 3893.238662}, {2862.25808, 2194.412079, 2194.412079, 2862.25808}, {2862.25808, 2194.412079, 2194.412079, 2862.25808}, {3893.238662, 2862.25808, 2862.25808, 3893.238662}}, 1974.936028, -461.1038416, -22294.27716, -1310559.551, -0.001044609254, -0.000488075859, -0.0002871612432, -1333314.932, -0.001819846356}
Oscillator 4 XDM Results: {4.498754593, 3.18284615, 23.03814508, 16.88418269, 244.2932681, 125.3927637, 11.89307552, {{11.89307552, 7.901691791, 7.901691791, 11.89307552}, {7.901691791, 5.446850285, 5.446850285, 7.901691791}, {7.901691791, 5.446850285, 5.446850285, 7.901691791}, {11.89307552, 7.901691791, 7.901691791, 11.89307552}}, 7.161403837, 182.7135, {{182.7135, 135.278293, 135.278293, 182.7135}, {135.278293, 102.821943, 102.821943, 135.278293}, {135.278293, 102.821943, 102.821943, 135.278293}, {182.7135, 135.278293, 135.278293, 182.7135}}, 113.9682331, 3893.238662, {{3893.238662, 2862.25808, 2862.25808, 3893.238662}, {2862.25808, 2194.412079, 2194.412079, 2862.25808}, {2862.25808, 2194.412079, 2194.412079, 2862.25808}, {3893.238662, 2862.25808, 2862.25808, 3893.238662}}, 1974.936028, -461.1038416, -22294.27716, -1310559.551, -0.001044609254, -0.000488075859, -0.0002871612432, -1333314.932, -0.001819846356}


    TS RESULTS: {C6TSii, C6TSij, C6TSf, ETS, ETSWY}
Oscillator 1 TS Results: {9.886370347, {{9.886370347, 5.518853704, 5.518853704, 9.886370347}, {5.518853704, 3.080781433, 3.080781433, 5.518853704}, {5.518853704, 3.080781433, 3.080781433, 5.518853704}, {9.886370347, 5.518853704, 5.518853704, 9.886370347}}, 7.161403837, -306.5923252, -0.00002676088678}
Oscillator 2 TS Results: {3.080781433, {{9.886370347, 5.518853704, 5.518853704, 9.886370347}, {5.518853704, 3.080781433, 3.080781433, 5.518853704}, {5.518853704, 3.080781433, 3.080781433, 5.518853704}, {9.886370347, 5.518853704, 5.518853704, 9.886370347}}, 7.161403837, -306.5923252, -0.00002676088678}
Oscillator 3 TS Results: {3.080781433, {{9.886370347, 5.518853704, 5.518853704, 9.886370347}, {5.518853704, 3.080781433, 3.080781433, 5.518853704}, {5.518853704, 3.080781433, 3.080781433, 5.518853704}, {9.886370347, 5.518853704, 5.518853704, 9.886370347}}, 7.161403837, -306.5923252, -0.00002676088678}
Oscillator 4 TS Results: {9.886370347, {{9.886370347, 5.518853704, 5.518853704, 9.886370347}, {5.518853704, 3.080781433, 3.080781433, 5.518853704}, {5.518853704, 3.080781433, 3.080781433, 5.518853704}, {9.886370347, 5.518853704, 5.518853704, 9.886370347}}, 7.161403837, -306.5923252, -0.00002676088678}


    MBD RESULTS: {MBD_alpha, MBD_C6, MBD_omega, MBD_Energy, MBDF1_alpha, MBDF1_C6, MBDF1_omega, MBDF1_Energy, MBDF2_alpha, MBDF2_C6, MBDF2_omega, MBDF2_Energy, MBDX1_alpha, MBDX1_C6, MBDX1_omega, MBDX1_Energy, MBDX2_alpha, MBDX2_C6, MBDX2_omega, MBDX2_Energy}
Oscillator 1 MBD Results: {8.475164114, 21.91241851, 0.4067549224, 0.3039713653 - 0.3428720528 I, 6.650797457, 12.74662011, 0.3842256334, 0.2675377142 - 0.3143430459 I, 6.650797457, 18.67686757, 0.562983066, 0.3338087567 - 0.403171878 I, 10.19811729, 30.3355012, 0.3889107127, 0.30974378 - 0.4138141192 I, 8.475164114, 26.65105603, 0.4947171039, 0.4045855209 - 0.4510799238 I}
Oscillator 2 MBD Results: {-2.926574099, 2.010648958, 0.3130083624, 0.3039713653 - 0.3428720528 I, -2.449932738, 1.258775635, 0.2796267677, 0.2675377142 - 0.3143430459 I, -2.449932738, 1.484841304, 0.3298454172, 0.3338087567 - 0.403171878 I, -4.190504709, 4.01487421, 0.304844254, 0.30974378 - 0.4138141192 I, -2.926574099, 2.79108656, 0.4345032135, 0.4045855209 - 0.4510799238 I}
Oscillator 3 MBD Results: {-2.926574099, 2.010648958, 0.3130083624, 0.3039713653 - 0.3428720528 I, -2.449932738, 1.258775635, 0.2796267677, 0.2675377142 - 0.3143430459 I, -2.449932738, 1.484841304, 0.3298454172, 0.3338087567 - 0.403171878 I, -4.190504709, 4.01487421, 0.304844254, 0.30974378 - 0.4138141192 I, -2.926574099, 2.79108656, 0.4345032135, 0.4045855209 - 0.4510799238 I}
Oscillator 4 MBD Results: {8.475164114, 21.91241851, 0.4067549224, 0.3039713653 - 0.3428720528 I, 6.650797457, 12.74662011, 0.3842256334, 0.2675377142 - 0.3143430459 I, 6.650797457, 18.67686757, 0.562983066, 0.3338087567 - 0.403171878 I, 10.19811729, 30.3355012, 0.3889107127, 0.30974378 - 0.4138141192 I, 8.475164114, 26.65105603, 0.4947171039, 0.4045855209 - 0.4510799238 I}


    MBDRSSCS RESULTS: {MBDrsSCS_alpha, MBDrsSCS_C6, MBDrsSCS_omega, MBDrsSCS_Energy, MBDF1rsSCS_alpha, MBDF1rsSCS_C6, MBDF1rsSCS_omega, MBDF1rsSCS_Energy, MBDF2rsSCS_alpha, MBDF2rsSCS_C6, MBDF2rsSCS_omega, MBDF2rsSCS_Energy, MBDX1rsSCS_alpha, MBDX1rsSCS_C6, MBDX1rsSCS_omega, MBDX1rsSCS_Energy, MBDX2rsSCS_alpha, MBDX2rsSCS_C6, MBDX2rsSCS_omega, MBDX2rsSCS_Energy}
Oscillator 1 MBDrsSCS Results: {8.322976772, 21.2128971, 0.4083018586, 0.01037263575 + 0.000000000000000007973212621 I, 6.382587073, 11.94067451, 0.3908175881, 0.005749962861 + 0.0000000000000000451170861 I, 6.382587073, 17.98646705, 0.5886960292, 0.0077750894 + 0.00000000000000001251842754 I, 9.912356431, 28.88352827, 0.3919540531, 0.01665121727 + 0.00000000000000006373933393 I, 8.322976772, 25.65972561, 0.4938935783, 0.01339732746 + 0.00000000000000019808027 I}
Oscillator 2 MBDrsSCS Results: {-2.810980723, 1.855841433, 0.3131582578, 0.01037263575 + 0.000000000000000007973212621 I, -2.21023418, 1.043021637, 0.284679027, 0.005749962861 + 0.0000000000000000451170861 I, -2.21023418, 1.301312701, 0.3551761732, 0.0077750894 + 0.00000000000000001251842754 I, -3.963028597, 3.60131356, 0.3057350716, 0.01665121727 + 0.00000000000000006373933393 I, -2.810980723, 2.559532663, 0.4319004713, 0.01339732746 + 0.00000000000000019808027 I}
Oscillator 3 MBDrsSCS Results: {-2.810980723, 1.855841433, 0.3131582578, 0.01037263575 + 0.000000000000000007973212621 I, -2.21023418, 1.043021637, 0.284679027, 0.005749962861 + 0.0000000000000000451170861 I, -2.21023418, 1.301312701, 0.3551761732, 0.0077750894 + 0.00000000000000001251842754 I, -3.963028597, 3.60131356, 0.3057350716, 0.01665121727 + 0.00000000000000006373933393 I, -2.810980723, 2.559532663, 0.4319004713, 0.01339732746 + 0.00000000000000019808027 I}
Oscillator 4 MBDrsSCS Results: {8.322976772, 21.2128971, 0.4083018586, 0.01037263575 + 0.000000000000000007973212621 I, 6.382587073, 11.94067451, 0.3908175881, 0.005749962861 + 0.0000000000000000451170861 I, 6.382587073, 17.98646705, 0.5886960292, 0.0077750894 + 0.00000000000000001251842754 I, 9.912356431, 28.88352827, 0.3919540531, 0.01665121727 + 0.00000000000000006373933393 I, 8.322976772, 25.65972561, 0.4938935783, 0.01339732746 + 0.00000000000000019808027 I}


         {R, Energy}
SUMMARY: {0.600001, 4.168636201}