Oscillators N=4 2022-12-24 w=0.471533 a=4.50000.nb ( N = 4, M = 4 )
~~~~~~~~~~~~~~~~~~~~~~~~~~~~~~~~~~~~~~
Run Commenced: Fri 30 Dec 2022 11:45:01
Run Completed: Fri 30 Dec 2022 13:59:16
Time Elapsed: 02:14:15

Oscillators Used: 4
Wavefunctions Used: 4
Internuclear Separation: 5.
omega: 0.472
nu : 0.235638

For display purposes, the threshold of Hamiltonian matrix elements has been set to: 10^-6.


    Hamiltonian Matrix A:    < psi_{i,A} | H_k | psi_{j,A} >
    H_1 = T_kin,    H_2 = V_pot,    H_3 = V_1-B,    H_4 = V_1-C,    H_5 = V_A-B,    H_6 = V_A-C 

HijkA: {{{0.35364975, 0.35364975, -0.1999997214, -0.09999997986, -0.0666666532, 0.19999996, 0.09999998, 0.06666665333}, {0., 0., -0.04119965951, -0.01030023235, -0.004577881062, 0., 0., 0.}, {0.2887538117, -0.2887538117, -0.000002416560284, 0., 0., 0., 0., 0.}, {0., 0., -0.01469705679, -0.001837615984, -0.00054447881, 0., 0., 0.}}, {{0., 0., -0.04119965951, -0.01030023235, -0.004577881062, 0., 0., 0.}, {0.58941625, 0.58941625, -0.2169684446, -0.1021218868, -0.06729537127, 0.19999996, 0.09999998, 0.06666665333}, {0., 0., 0.03362764915, 0.008410104548, 0.00373782423, 0., 0., 0.}, {0., 0., -0.05663966449, -0.01246151966, -0.005398246863, 0., 0., 0.}}, {{0.2887538117, -0.2887538117, -0.000002416560284, 0., 0., 0., 0., 0.}, {0., 0., 0.03362764915, 0.008410104548, 0.00373782423, 0., 0., 0.}, {0.82518275, 0.82518275, -0.1999754296, -0.09999998193, -0.06666665473, 0.19999996, 0.09999998, 0.06666665333}, {0., 0., 0.02396731801, 0.003000814335, 0.0008891301702, 0., 0., 0.}}, {{0., 0., -0.01469705679, -0.001837615984, -0.00054447881, 0., 0., 0.}, {0., 0., -0.05663966449, -0.01246151966, -0.005398246863, 0., 0., 0.}, {0., 0., 0.02396731801, 0.003000814335, 0.0008891301702, 0., 0., 0.}, {0.82518275, 0.82518275, -0.2233958643, -0.102324489, -0.06732204565, 0.19999996, 0.09999998, 0.06666665333}}}
0.35365        0.             0.288754       0.
0.35365        0.             -0.288754      0.
-0.2           -0.0411997     0.             -0.0146971
-0.1           -0.0103002     0.             -0.00183762
-0.0666667     -0.00457788    0.             -0.000544479
0.2            0.             0.             0.
0.1            0.             0.             0.
0.0666667      0.             0.             0.

0.             0.589416       0.             0.
0.             0.589416       0.             0.
-0.0411997     -0.216968      0.0336276      -0.0566397
-0.0103002     -0.102122      0.0084101      -0.0124615
-0.00457788    -0.0672954     0.00373782     -0.00539825
0.             0.2            0.             0.
0.             0.1            0.             0.
0.             0.0666667      0.             0.

0.288754       0.             0.825183       0.
-0.288754      0.             0.825183       0.
0.             0.0336276      -0.199975      0.0239673
0.             0.0084101      -0.1           0.00300081
0.             0.00373782     -0.0666667     0.00088913
0.             0.             0.2            0.
0.             0.             0.1            0.
0.             0.             0.0666667      0.

0.             0.             0.             0.825183
0.             0.             0.             0.825183
-0.0146971     -0.0566397     0.0239673      -0.223396
-0.00183762    -0.0124615     0.00300081     -0.102324
-0.000544479   -0.00539825    0.00088913     -0.067322
0.             0.             0.             0.2
0.             0.             0.             0.1
0.             0.             0.             0.0666667


    Hamiltonian Matrix B:    < psi_{i,B} | H_k | psi_{j,B} >
    H_1 = T_kin,    H_2 = V_pot,    H_3 = V_2-A,    H_4 = V_2-C,    H_5 = V_B-A,    H_6 = V_B-C 

HijkB: {{{0.35364975, 0.35364975, -0.1999997214, -0.1999997214, -0.09999997986, 0.19999996, 0.19999996, 0.09999998}, {0., 0., -0.04119965951, 0.04119965951, 0.01030023235, 0., 0., 0.}, {0.2887538117, -0.2887538117, -0.000002416560284, -0.000002416560284, 0., 0., 0., 0.}, {0., 0., -0.01469705679, -0.01469705679, -0.001837615984, 0., 0., 0.}}, {{0., 0., -0.04119965951, 0.04119965951, 0.01030023235, 0., 0., 0.}, {0.58941625, 0.58941625, -0.2169684446, -0.2169684446, -0.1021218868, 0.19999996, 0.19999996, 0.09999998}, {0., 0., 0.03362764915, -0.03362764915, -0.008410104548, 0., 0., 0.}, {0., 0., -0.05663966449, 0.05663966449, 0.01246151966, 0., 0., 0.}}, {{0.2887538117, -0.2887538117, -0.000002416560284, -0.000002416560284, 0., 0., 0., 0.}, {0., 0., 0.03362764915, -0.03362764915, -0.008410104548, 0., 0., 0.}, {0.82518275, 0.82518275, -0.1999754296, -0.1999754296, -0.09999998193, 0.19999996, 0.19999996, 0.09999998}, {0., 0., 0.02396731801, 0.02396731801, 0.003000814335, 0., 0., 0.}}, {{0., 0., -0.01469705679, -0.01469705679, -0.001837615984, 0., 0., 0.}, {0., 0., -0.05663966449, 0.05663966449, 0.01246151966, 0., 0., 0.}, {0., 0., 0.02396731801, 0.02396731801, 0.003000814335, 0., 0., 0.}, {0.82518275, 0.82518275, -0.2233958643, -0.2233958643, -0.102324489, 0.19999996, 0.19999996, 0.09999998}}}
0.35365       0.            0.288754      0.
0.35365       0.            -0.288754     0.
-0.2          -0.0411997    0.            -0.0146971
-0.2          0.0411997     0.            -0.0146971
-0.1          0.0103002     0.            -0.00183762
0.2           0.            0.            0.
0.2           0.            0.            0.
0.1           0.            0.            0.

0.            0.589416      0.            0.
0.            0.589416      0.            0.
-0.0411997    -0.216968     0.0336276     -0.0566397
0.0411997     -0.216968     -0.0336276    0.0566397
0.0103002     -0.102122     -0.0084101    0.0124615
0.            0.2           0.            0.
0.            0.2           0.            0.
0.            0.1           0.            0.

0.288754      0.            0.825183      0.
-0.288754     0.            0.825183      0.
0.            0.0336276     -0.199975     0.0239673
0.            -0.0336276    -0.199975     0.0239673
0.            -0.0084101    -0.1          0.00300081
0.            0.            0.2           0.
0.            0.            0.2           0.
0.            0.            0.1           0.

0.            0.            0.            0.825183
0.            0.            0.            0.825183
-0.0146971    -0.0566397    0.0239673     -0.223396
-0.0146971    0.0566397     0.0239673     -0.223396
-0.00183762   0.0124615     0.00300081    -0.102324
0.            0.            0.            0.2
0.            0.            0.            0.2
0.            0.            0.            0.1


    Hamiltonian Matrix C:    < psi_{i,C} | H_k | psi_{j,C} >
    H_1 = T_kin,    H_2 = V_pot,    H_3 = V_3-A,    H_4 = V_3-B,    H_5 = V_C-A,    H_6 = V_C-B 

HijkC: {{{0.35364975, 0.35364975, -0.09999997986, -0.1999997214, -0.1999997214, 0.09999998, 0.19999996, 0.19999996}, {0., 0., 0.01030023235, 0.04119965951, -0.04119965951, 0., 0., 0.}, {0.2887538117, -0.2887538117, 0., -0.000002416560284, -0.000002416560284, 0., 0., 0.}, {0., 0., -0.001837615984, -0.01469705679, -0.01469705679, 0., 0., 0.}}, {{0., 0., 0.01030023235, 0.04119965951, -0.04119965951, 0., 0., 0.}, {0.58941625, 0.58941625, -0.1021218868, -0.2169684446, -0.2169684446, 0.09999998, 0.19999996, 0.19999996}, {0., 0., -0.008410104548, -0.03362764915, 0.03362764915, 0., 0., 0.}, {0., 0., 0.01246151966, 0.05663966449, -0.05663966449, 0., 0., 0.}}, {{0.2887538117, -0.2887538117, 0., -0.000002416560284, -0.000002416560284, 0., 0., 0.}, {0., 0., -0.008410104548, -0.03362764915, 0.03362764915, 0., 0., 0.}, {0.82518275, 0.82518275, -0.09999998193, -0.1999754296, -0.1999754296, 0.09999998, 0.19999996, 0.19999996}, {0., 0., 0.003000814335, 0.02396731801, 0.02396731801, 0., 0., 0.}}, {{0., 0., -0.001837615984, -0.01469705679, -0.01469705679, 0., 0., 0.}, {0., 0., 0.01246151966, 0.05663966449, -0.05663966449, 0., 0., 0.}, {0., 0., 0.003000814335, 0.02396731801, 0.02396731801, 0., 0., 0.}, {0.82518275, 0.82518275, -0.102324489, -0.2233958643, -0.2233958643, 0.09999998, 0.19999996, 0.19999996}}}
0.35365       0.            0.288754      0.
0.35365       0.            -0.288754     0.
-0.1          0.0103002     0.            -0.00183762
-0.2          0.0411997     0.            -0.0146971
-0.2          -0.0411997    0.            -0.0146971
0.1           0.            0.            0.
0.2           0.            0.            0.
0.2           0.            0.            0.

0.            0.589416      0.            0.
0.            0.589416      0.            0.
0.0103002     -0.102122     -0.0084101    0.0124615
0.0411997     -0.216968     -0.0336276    0.0566397
-0.0411997    -0.216968     0.0336276     -0.0566397
0.            0.1           0.            0.
0.            0.2           0.            0.
0.            0.2           0.            0.

0.288754      0.            0.825183      0.
-0.288754     0.            0.825183      0.
0.            -0.0084101    -0.1          0.00300081
0.            -0.0336276    -0.199975     0.0239673
0.            0.0336276     -0.199975     0.0239673
0.            0.            0.1           0.
0.            0.            0.2           0.
0.            0.            0.2           0.

0.            0.            0.            0.825183
0.            0.            0.            0.825183
-0.00183762   0.0124615     0.00300081    -0.102324
-0.0146971    0.0566397     0.0239673     -0.223396
-0.0146971    -0.0566397    0.0239673     -0.223396
0.            0.            0.            0.1
0.            0.            0.            0.2
0.            0.            0.            0.2


    Hamiltonian Matrix AB:    < psi_{i1,A} <psi_{i2,B} | V_e-e | psi_{i3,A} <psi_{i4,B} >

HijkAB: {{{{0.1998846387, 0.04087662518, 0.0002931665148, 0.01415284029}, {0.04087662518, 0.0160949648, 0.0007422042759, 0.007681367116}, {0.0002926706375, 0.0007422042759, -0.0005372545998, 0.001045036365}, {0.01415284029, 0.007681367116, 0.001045036365, 0.004396055053}}, {{0.04087662518, 0.2159930092, -0.03263774325, 0.0548813249}, {0.0160949648, 0.04936585392, -0.01148829847, 0.02274381238}, {0.0007422042759, 0.001957706814, -0.001618608448, 0.002996352126}, {0.007681367116, 0.01836421878, -0.004182216542, 0.01092944511}}, {{0.0002931665148, -0.03263774325, 0.1988568935, -0.02208115437}, {0.0007422042759, -0.01148829847, 0.03866429536, -0.01044909248}, {-0.0005372545998, -0.001618608448, 0.001630971714, -0.002741391986}, {0.001045036365, -0.004182216542, 0.01141858235, -0.004719987675}}, {{0.01415284029, 0.0548813249, -0.02208115437, 0.2201296027}, {0.007681367116, 0.02274381238, -0.01044909248, 0.05057231882}, {0.001045036365, 0.002996352126, -0.002741391986, 0.004859883201}, {0.004396055053, 0.01092944511, -0.004719987675, 0.01837639962}}}, {{{0.04087662518, 0.0160949648, 0.0007422042759, 0.007681367116}, {0.2159930092, 0.04936585392, 0.001957706814, 0.01836326309}, {-0.03263774325, -0.01148464169, -0.001618608448, -0.004182216542}, {0.0548813249, 0.02274381238, 0.002996352126, 0.01092944511}}, {{0.0160949648, 0.04936585392, -0.01148829853, 0.02274381238}, {0.04936585392, 0.2355659475, -0.03618063144, 0.0650491644}, {-0.01148464179, -0.03618063144, 0.006541348238, -0.0130973205}, {0.02274381238, 0.0650491644, -0.0130973205, 0.03021978908}}, {{0.0007422042759, -0.01148829847, 0.03866429536, -0.01044909248}, {0.001957706814, -0.03618063144, 0.2106904196, -0.02526575552}, {-0.001618608448, 0.006541348238, -0.02888394102, 0.004071712481}, {0.002996352126, -0.0130973205, 0.04759146226, -0.01188993824}}, {{0.007681367116, 0.02274381238, -0.01044909248, 0.05057231882}, {0.01836326309, 0.0650491644, -0.02526575552, 0.2373498437}, {-0.004182216542, -0.0130973205, 0.004071712481, -0.03293624865}, {0.01092944511, 0.03021978908, -0.01188993824, 0.06371663261}}}, {{{0.0002926706375, 0.0007422042759, -0.0005372545998, 0.001045036365}, {-0.03263774325, -0.01148464169, -0.001618608448, -0.004182216542}, {0.1988586866, 0.03866429536, 0.0016377151, 0.01141858235}, {-0.02208115437, -0.01044909248, -0.002741391986, -0.004714297271}}, {{0.0007422042759, 0.001957706814, -0.001618608448, 0.002996352126}, {-0.01148464169, -0.03618063144, 0.006541348238, -0.0130973205}, {0.03866429536, 0.2106904196, -0.02888394102, 0.04759146226}, {-0.01044909248, -0.02526575552, 0.004071712481, -0.01188993824}}, {{-0.0005372545998, -0.001618608448, 0.001630971714, -0.002741391986}, {-0.001618608448, 0.006541348238, -0.02888394102, 0.004071712481}, {0.0016377151, -0.02888394102, 0.1952783542, -0.01635553188}, {-0.002741391986, 0.004071712481, -0.01635553188, 0.003772479055}}, {{0.001045036365, 0.002996352126, -0.002741391986, 0.004859883201}, {-0.004182216542, -0.0130973205, 0.004071712481, -0.03293624865}, {0.01141858235, 0.04759146226, -0.01635553188, 0.2097124825}, {-0.004714293121, -0.01188993824, 0.003772479055, -0.02250840161}}}, {{{0.01415284029, 0.007681367116, 0.001045036365, 0.004396055053}, {0.0548813249, 0.02274381238, 0.002996352126, 0.01092944511}, {-0.02208115437, -0.01044909248, -0.002741391986, -0.004714297271}, {0.2201296027, 0.05057231882, 0.004859883201, 0.01837639962}}, {{0.007681367116, 0.01836421878, -0.004182216542, 0.01092944511}, {0.02274381238, 0.0650491644, -0.0130973205, 0.03021978908}, {-0.01044909248, -0.02526575552, 0.004071712481, -0.01188993824}, {0.05057231882, 0.2373498437, -0.03293624865, 0.06371663261}}, {{0.001045036365, -0.004182216542, 0.01141858235, -0.00471957583}, {0.002996352126, -0.0130973205, 0.04759146226, -0.01188993824}, {-0.002741391986, 0.004071712481, -0.01635553188, 0.003772479055}, {0.004859883201, -0.03293624865, 0.2097124825, -0.02250840161}}, {{0.004396055053, 0.01092944511, -0.00471957583, 0.01837639962}, {0.01092944511, 0.03021978908, -0.01188993824, 0.06371663261}, {-0.004714293121, -0.01188993824, 0.003772479055, -0.02250840161}, {0.01837639962, 0.06371663261, -0.02250840161, 0.2345420215}}}}
0.199885     0.0408766    0.000293167  0.0141528      0.0408766    0.215993     -0.0326377   0.0548813      0.000293167  -0.0326377   0.198857     -0.0220812     0.0141528    0.0548813    -0.0220812   0.22013
0.0408766    0.016095     0.000742204  0.00768137     0.016095     0.0493659    -0.0114883   0.0227438      0.000742204  -0.0114883   0.0386643    -0.0104491     0.00768137   0.0227438    -0.0104491   0.0505723
0.000292671  0.000742204  -0.000537255 0.00104504     0.000742204  0.00195771   -0.00161861  0.00299635     -0.000537255 -0.00161861  0.00163097   -0.00274139    0.00104504   0.00299635   -0.00274139  0.00485988
0.0141528    0.00768137   0.00104504   0.00439606     0.00768137   0.0183642    -0.00418222  0.0109294      0.00104504   -0.00418222  0.0114186    -0.00471999    0.00439606   0.0109294    -0.00471999  0.0183764

0.0408766    0.016095     0.000742204  0.00768137     0.016095     0.0493659    -0.0114883   0.0227438      0.000742204  -0.0114883   0.0386643    -0.0104491     0.00768137   0.0227438    -0.0104491   0.0505723
0.215993     0.0493659    0.00195771   0.0183633      0.0493659    0.235566     -0.0361806   0.0650492      0.00195771   -0.0361806   0.21069      -0.0252658     0.0183633    0.0650492    -0.0252658   0.23735
-0.0326377   -0.0114846   -0.00161861  -0.00418222    -0.0114846   -0.0361806   0.00654135   -0.0130973     -0.00161861  0.00654135   -0.0288839   0.00407171     -0.00418222  -0.0130973   0.00407171   -0.0329362
0.0548813    0.0227438    0.00299635   0.0109294      0.0227438    0.0650492    -0.0130973   0.0302198      0.00299635   -0.0130973   0.0475915    -0.0118899     0.0109294    0.0302198    -0.0118899   0.0637166

0.000292671  0.000742204  -0.000537255 0.00104504     0.000742204  0.00195771   -0.00161861  0.00299635     -0.000537255 -0.00161861  0.00163097   -0.00274139    0.00104504   0.00299635   -0.00274139  0.00485988
-0.0326377   -0.0114846   -0.00161861  -0.00418222    -0.0114846   -0.0361806   0.00654135   -0.0130973     -0.00161861  0.00654135   -0.0288839   0.00407171     -0.00418222  -0.0130973   0.00407171   -0.0329362
0.198859     0.0386643    0.00163772   0.0114186      0.0386643    0.21069      -0.0288839   0.0475915      0.00163772   -0.0288839   0.195278     -0.0163555     0.0114186    0.0475915    -0.0163555   0.209712
-0.0220812   -0.0104491   -0.00274139  -0.0047143     -0.0104491   -0.0252658   0.00407171   -0.0118899     -0.00274139  0.00407171   -0.0163555   0.00377248     -0.00471429  -0.0118899   0.00377248   -0.0225084

0.0141528    0.00768137   0.00104504   0.00439606     0.00768137   0.0183642    -0.00418222  0.0109294      0.00104504   -0.00418222  0.0114186    -0.00471958    0.00439606   0.0109294    -0.00471958  0.0183764
0.0548813    0.0227438    0.00299635   0.0109294      0.0227438    0.0650492    -0.0130973   0.0302198      0.00299635   -0.0130973   0.0475915    -0.0118899     0.0109294    0.0302198    -0.0118899   0.0637166
-0.0220812   -0.0104491   -0.00274139  -0.0047143     -0.0104491   -0.0252658   0.00407171   -0.0118899     -0.00274139  0.00407171   -0.0163555   0.00377248     -0.00471429  -0.0118899   0.00377248   -0.0225084
0.22013      0.0505723    0.00485988   0.0183764      0.0505723    0.23735      -0.0329362   0.0637166      0.00485988   -0.0329362   0.209712     -0.0225084     0.0183764    0.0637166    -0.0225084   0.234542


    Hamiltonian Matrix AC:    < psi_{i1,A} <psi_{i2,C} | V_e-e | psi_{i3,A} <psi_{i4,C} >

HijkAC: {{{{0.09999995626, -0.01030031762, 0.00000006755649644, 0.001837757854}, {0.01030031762, -0.002122055025, -0.00000004476223597, 0.0005680160795}, {0.00000006323346654, 0.00000004476223596, 0.00000002628793325, 0.00000003197040339}, {0.001837757854, -0.0005680160795, 0.00000003197040336, 0.0002028308935}}, {{-0.01030031762, 0.1021222776, 0.008410129511, -0.01246135482}, {-0.002122055025, 0.01095614568, 0.001732723524, -0.00268418827}, {0.00000004476223596, 0.0000001078753239, -0.0000001602071365, 0.000000117134291}, {-0.0005680160795, 0.002071935656, 0.0004636172312, -0.0007592533537}}, {{0.00000006755649644, 0.008410129511, 0.1000001369, -0.003000768131}, {-0.00000004476223597, 0.001732723524, 0.01030029669, -0.0009272687186}, {0.00000002628793325, -0.0000001602071365, 0., -0.0000002820880914}, {0.00000003197040336, 0.0004636172312, 0.001837755005, -0.0003308945008}}, {{0.001837757854, -0.01246135482, -0.003000768131, 0.1023257502}, {0.0005680160795, -0.00268418827, -0.0009272687186, 0.0110608543}, {0.00000003197040339, 0.000000117134291, -0.0000002820880914, 0.0000001483786477}, {0.0002028308935, -0.0007592533537, -0.0003308945008, 0.002130220005}}}, {{{0.01030031762, -0.002122055025, -0.00000004476223597, 0.0005680160795}, {0.1021222776, -0.01095614568, 0.0000001078753239, 0.00207193567}, {-0.008410129511, 0.001732721171, 0.0000001602071365, -0.0004636172312}, {0.01246135482, -0.00268418827, -0.000000117134291, 0.0007592533537}}, {{-0.002122055025, 0.01095614568, 0.00173272349, -0.00268418827}, {-0.01095614568, 0.1045161465, 0.008945581138, -0.01333893036}, {0.001732721194, -0.008945581138, -0.00141478768, 0.002191645041}, {-0.00268418827, 0.01333893036, 0.002191645041, -0.003433873832}}, {{-0.00000004476223597, 0.001732723524, 0.01030029669, -0.0009272687186}, {0.0000001078753239, 0.008945581138, 0.1021227339, -0.003383084912}, {0.0000001602071365, -0.00141478768, -0.008410704283, 0.0007571047383}, {-0.000000117134291, 0.002191645041, 0.01246132294, -0.001241085298}}, {{0.0005680160795, -0.00268418827, -0.0009272687186, 0.0110608543}, {0.002071935665, -0.01333893036, -0.003383084912, 0.1047845926}, {-0.0004636172312, 0.002191645041, 0.0007571047383, -0.009031501568}, {0.0007592533537, -0.003433873832, -0.001241085298, 0.01349994407}}}, {{{0.00000006323346654, 0.00000004476223596, 0.00000002628793325, 0.00000003197040339}, {-0.008410129511, 0.001732721171, 0.0000001602071365, -0.0004636172312}, {0.1000001546, -0.01030029669, 0., 0.001837755005}, {-0.003000768131, 0.0009272687186, -0.0000002820880914, -0.0003308919931}}, {{0.00000004476223596, 0.0000001078753239, -0.0000001602071365, 0.000000117134291}, {0.001732721171, -0.008945581138, -0.00141478768, 0.002191645041}, {-0.01030029669, 0.1021227339, 0.008410704283, -0.01246132294}, {0.0009272687186, -0.003383084912, -0.0007571047383, 0.001241085298}}, {{0.00000002628793325, -0.0000001602071365, 0., -0.0000002820880914}, {0.0000001602071365, -0.00141478768, -0.008410704283, 0.0007571047383}, {0., 0.008410704283, 0.1000009176, -0.003000859105}, {-0.0000002820880914, -0.0007571047383, -0.003000859105, 0.0005405923267}}, {{0.00000003197040339, 0.000000117134291, -0.0000002820880914, 0.0000001483786477}, {-0.0004636172312, 0.002191645041, 0.0007571047383, -0.009031501568}, {0.001837755005, -0.01246132294, -0.003000859105, 0.1023258147}, {-0.0003308944795, 0.001241085298, 0.0005405923267, -0.003474240428}}}, {{{0.001837757854, -0.0005680160795, 0.00000003197040336, 0.0002028308935}, {0.01246135482, -0.00268418827, -0.000000117134291, 0.0007592533537}, {-0.003000768131, 0.0009272687186, -0.0000002820880914, -0.0003308919931}, {0.1023257502, -0.0110608543, 0.0000001483786477, 0.002130220005}}, {{-0.0005680160795, 0.002071936282, 0.0004636172312, -0.0007592533537}, {-0.00268418827, 0.01333893036, 0.002191645041, -0.003433873832}, {0.0009272687186, -0.003383084912, -0.0007571047383, 0.001241085298}, {-0.0110608543, 0.1047845926, 0.009031501568, -0.01349994407}}, {{0.00000003197040336, 0.0004636172312, 0.001837755005, -0.0003308920144}, {-0.000000117134291, 0.002191645041, 0.01246132294, -0.001241085298}, {-0.0000002820880914, -0.0007571047383, -0.003000859105, 0.0005405923267}, {0.0000001483786478, 0.009031501568, 0.1023258147, -0.003474240428}}, {{0.0002028308935, -0.0007592533537, -0.0003308920144, 0.002130220005}, {0.0007592533537, -0.003433873832, -0.001241085298, 0.01349994407}, {-0.0003308944795, 0.001241085298, 0.0005405923267, -0.003474240428}, {0.002130220005, -0.01349994407, -0.003474240428, 0.1050824596}}}}
0.1          -0.0103003   0.           0.00183776     -0.0103003   0.102122     0.00841013   -0.0124614     0.           0.00841013   0.1          -0.00300077    0.00183776   -0.0124614   -0.00300077  0.102326
0.0103003    -0.00212206  0.           0.000568016    -0.00212206  0.0109561    0.00173272   -0.00268419    0.           0.00173272   0.0103003    -0.000927269   0.000568016  -0.00268419  -0.000927269 0.0110609
0.           0.           0.           0.             0.           0.           0.           0.             0.           0.           0.           0.             0.           0.           0.           0.
0.00183776   -0.000568016 0.           0.000202831    -0.000568016 0.00207194   0.000463617  -0.000759253   0.           0.000463617  0.00183776   -0.000330895   0.000202831  -0.000759253 -0.000330895 0.00213022

0.0103003    -0.00212206  0.           0.000568016    -0.00212206  0.0109561    0.00173272   -0.00268419    0.           0.00173272   0.0103003    -0.000927269   0.000568016  -0.00268419  -0.000927269 0.0110609
0.102122     -0.0109561   0.           0.00207194     -0.0109561   0.104516     0.00894558   -0.0133389     0.           0.00894558   0.102123     -0.00338308    0.00207194   -0.0133389   -0.00338308  0.104785
-0.00841013  0.00173272   0.           -0.000463617   0.00173272   -0.00894558  -0.00141479  0.00219165     0.           -0.00141479  -0.0084107   0.000757105    -0.000463617 0.00219165   0.000757105  -0.0090315
0.0124614    -0.00268419  0.           0.000759253    -0.00268419  0.0133389    0.00219165   -0.00343387    0.           0.00219165   0.0124613    -0.00124109    0.000759253  -0.00343387  -0.00124109  0.0134999

0.           0.           0.           0.             0.           0.           0.           0.             0.           0.           0.           0.             0.           0.           0.           0.
-0.00841013  0.00173272   0.           -0.000463617   0.00173272   -0.00894558  -0.00141479  0.00219165     0.           -0.00141479  -0.0084107   0.000757105    -0.000463617 0.00219165   0.000757105  -0.0090315
0.1          -0.0103003   0.           0.00183776     -0.0103003   0.102123     0.0084107    -0.0124613     0.           0.0084107    0.100001     -0.00300086    0.00183776   -0.0124613   -0.00300086  0.102326
-0.00300077  0.000927269  0.           -0.000330892   0.000927269  -0.00338308  -0.000757105 0.00124109     0.           -0.000757105 -0.00300086  0.000540592    -0.000330894 0.00124109   0.000540592  -0.00347424

0.00183776   -0.000568016 0.           0.000202831    -0.000568016 0.00207194   0.000463617  -0.000759253   0.           0.000463617  0.00183776   -0.000330892   0.000202831  -0.000759253 -0.000330892 0.00213022
0.0124614    -0.00268419  0.           0.000759253    -0.00268419  0.0133389    0.00219165   -0.00343387    0.           0.00219165   0.0124613    -0.00124109    0.000759253  -0.00343387  -0.00124109  0.0134999
-0.00300077  0.000927269  0.           -0.000330892   0.000927269  -0.00338308  -0.000757105 0.00124109     0.           -0.000757105 -0.00300086  0.000540592    -0.000330894 0.00124109   0.000540592  -0.00347424
0.102326     -0.0110609   0.           0.00213022     -0.0110609   0.104785     0.0090315    -0.0134999     0.           0.0090315    0.102326     -0.00347424    0.00213022   -0.0134999   -0.00347424  0.105082


    Hamiltonian Matrix BA:    < psi_{i1,B} <psi_{i2,A} | V_e-e | psi_{i3,B} <psi_{i4,A} >

HijkBA: {{{{0.1998846387, 0.04087662518, 0.0002931665148, 0.01415284029}, {0.04087662518, 0.0160949648, 0.0007422042759, 0.007681367116}, {0.0002926706375, 0.0007422042759, -0.0005372545998, 0.001045036365}, {0.01415284029, 0.007681367116, 0.001045036365, 0.004396055053}}, {{0.04087662518, 0.2159930092, -0.03263774325, 0.0548813249}, {0.0160949648, 0.04936585392, -0.01148829847, 0.02274381238}, {0.0007422042759, 0.001957706814, -0.001618608448, 0.002996352126}, {0.007681367116, 0.01836421878, -0.004182216542, 0.01092944511}}, {{0.0002931665148, -0.03263774325, 0.1988568935, -0.02208115437}, {0.0007422042759, -0.01148829847, 0.03866429536, -0.01044909248}, {-0.0005372545998, -0.001618608448, 0.001630971714, -0.002741391986}, {0.001045036365, -0.004182216542, 0.01141858235, -0.004719987675}}, {{0.01415284029, 0.0548813249, -0.02208115437, 0.2201296027}, {0.007681367116, 0.02274381238, -0.01044909248, 0.05057231882}, {0.001045036365, 0.002996352126, -0.002741391986, 0.004859883201}, {0.004396055053, 0.01092944511, -0.004719987675, 0.01837639962}}}, {{{0.04087662518, 0.0160949648, 0.0007422042759, 0.007681367116}, {0.2159930092, 0.04936585392, 0.001957706814, 0.01836326309}, {-0.03263774325, -0.01148464169, -0.001618608448, -0.004182216542}, {0.0548813249, 0.02274381238, 0.002996352126, 0.01092944511}}, {{0.0160949648, 0.04936585392, -0.01148829853, 0.02274381238}, {0.04936585392, 0.2355659475, -0.03618063144, 0.0650491644}, {-0.01148464179, -0.03618063144, 0.006541348238, -0.0130973205}, {0.02274381238, 0.0650491644, -0.0130973205, 0.03021978908}}, {{0.0007422042759, -0.01148829847, 0.03866429536, -0.01044909248}, {0.001957706814, -0.03618063144, 0.2106904196, -0.02526575552}, {-0.001618608448, 0.006541348238, -0.02888394102, 0.004071712481}, {0.002996352126, -0.0130973205, 0.04759146226, -0.01188993824}}, {{0.007681367116, 0.02274381238, -0.01044909248, 0.05057231882}, {0.01836326309, 0.0650491644, -0.02526575552, 0.2373498437}, {-0.004182216542, -0.0130973205, 0.004071712481, -0.03293624865}, {0.01092944511, 0.03021978908, -0.01188993824, 0.06371663261}}}, {{{0.0002926706375, 0.0007422042759, -0.0005372545998, 0.001045036365}, {-0.03263774325, -0.01148464169, -0.001618608448, -0.004182216542}, {0.1988586866, 0.03866429536, 0.0016377151, 0.01141858235}, {-0.02208115437, -0.01044909248, -0.002741391986, -0.004714297271}}, {{0.0007422042759, 0.001957706814, -0.001618608448, 0.002996352126}, {-0.01148464169, -0.03618063144, 0.006541348238, -0.0130973205}, {0.03866429536, 0.2106904196, -0.02888394102, 0.04759146226}, {-0.01044909248, -0.02526575552, 0.004071712481, -0.01188993824}}, {{-0.0005372545998, -0.001618608448, 0.001630971714, -0.002741391986}, {-0.001618608448, 0.006541348238, -0.02888394102, 0.004071712481}, {0.0016377151, -0.02888394102, 0.1952783542, -0.01635553188}, {-0.002741391986, 0.004071712481, -0.01635553188, 0.003772479055}}, {{0.001045036365, 0.002996352126, -0.002741391986, 0.004859883201}, {-0.004182216542, -0.0130973205, 0.004071712481, -0.03293624865}, {0.01141858235, 0.04759146226, -0.01635553188, 0.2097124825}, {-0.004714293121, -0.01188993824, 0.003772479055, -0.02250840161}}}, {{{0.01415284029, 0.007681367116, 0.001045036365, 0.004396055053}, {0.0548813249, 0.02274381238, 0.002996352126, 0.01092944511}, {-0.02208115437, -0.01044909248, -0.002741391986, -0.004714297271}, {0.2201296027, 0.05057231882, 0.004859883201, 0.01837639962}}, {{0.007681367116, 0.01836421878, -0.004182216542, 0.01092944511}, {0.02274381238, 0.0650491644, -0.0130973205, 0.03021978908}, {-0.01044909248, -0.02526575552, 0.004071712481, -0.01188993824}, {0.05057231882, 0.2373498437, -0.03293624865, 0.06371663261}}, {{0.001045036365, -0.004182216542, 0.01141858235, -0.00471957583}, {0.002996352126, -0.0130973205, 0.04759146226, -0.01188993824}, {-0.002741391986, 0.004071712481, -0.01635553188, 0.003772479055}, {0.004859883201, -0.03293624865, 0.2097124825, -0.02250840161}}, {{0.004396055053, 0.01092944511, -0.00471957583, 0.01837639962}, {0.01092944511, 0.03021978908, -0.01188993824, 0.06371663261}, {-0.004714293121, -0.01188993824, 0.003772479055, -0.02250840161}, {0.01837639962, 0.06371663261, -0.02250840161, 0.2345420215}}}}
0.199885     0.0408766    0.000293167  0.0141528      0.0408766    0.215993     -0.0326377   0.0548813      0.000293167  -0.0326377   0.198857     -0.0220812     0.0141528    0.0548813    -0.0220812   0.22013
0.0408766    0.016095     0.000742204  0.00768137     0.016095     0.0493659    -0.0114883   0.0227438      0.000742204  -0.0114883   0.0386643    -0.0104491     0.00768137   0.0227438    -0.0104491   0.0505723
0.000292671  0.000742204  -0.000537255 0.00104504     0.000742204  0.00195771   -0.00161861  0.00299635     -0.000537255 -0.00161861  0.00163097   -0.00274139    0.00104504   0.00299635   -0.00274139  0.00485988
0.0141528    0.00768137   0.00104504   0.00439606     0.00768137   0.0183642    -0.00418222  0.0109294      0.00104504   -0.00418222  0.0114186    -0.00471999    0.00439606   0.0109294    -0.00471999  0.0183764

0.0408766    0.016095     0.000742204  0.00768137     0.016095     0.0493659    -0.0114883   0.0227438      0.000742204  -0.0114883   0.0386643    -0.0104491     0.00768137   0.0227438    -0.0104491   0.0505723
0.215993     0.0493659    0.00195771   0.0183633      0.0493659    0.235566     -0.0361806   0.0650492      0.00195771   -0.0361806   0.21069      -0.0252658     0.0183633    0.0650492    -0.0252658   0.23735
-0.0326377   -0.0114846   -0.00161861  -0.00418222    -0.0114846   -0.0361806   0.00654135   -0.0130973     -0.00161861  0.00654135   -0.0288839   0.00407171     -0.00418222  -0.0130973   0.00407171   -0.0329362
0.0548813    0.0227438    0.00299635   0.0109294      0.0227438    0.0650492    -0.0130973   0.0302198      0.00299635   -0.0130973   0.0475915    -0.0118899     0.0109294    0.0302198    -0.0118899   0.0637166

0.000292671  0.000742204  -0.000537255 0.00104504     0.000742204  0.00195771   -0.00161861  0.00299635     -0.000537255 -0.00161861  0.00163097   -0.00274139    0.00104504   0.00299635   -0.00274139  0.00485988
-0.0326377   -0.0114846   -0.00161861  -0.00418222    -0.0114846   -0.0361806   0.00654135   -0.0130973     -0.00161861  0.00654135   -0.0288839   0.00407171     -0.00418222  -0.0130973   0.00407171   -0.0329362
0.198859     0.0386643    0.00163772   0.0114186      0.0386643    0.21069      -0.0288839   0.0475915      0.00163772   -0.0288839   0.195278     -0.0163555     0.0114186    0.0475915    -0.0163555   0.209712
-0.0220812   -0.0104491   -0.00274139  -0.0047143     -0.0104491   -0.0252658   0.00407171   -0.0118899     -0.00274139  0.00407171   -0.0163555   0.00377248     -0.00471429  -0.0118899   0.00377248   -0.0225084

0.0141528    0.00768137   0.00104504   0.00439606     0.00768137   0.0183642    -0.00418222  0.0109294      0.00104504   -0.00418222  0.0114186    -0.00471958    0.00439606   0.0109294    -0.00471958  0.0183764
0.0548813    0.0227438    0.00299635   0.0109294      0.0227438    0.0650492    -0.0130973   0.0302198      0.00299635   -0.0130973   0.0475915    -0.0118899     0.0109294    0.0302198    -0.0118899   0.0637166
-0.0220812   -0.0104491   -0.00274139  -0.0047143     -0.0104491   -0.0252658   0.00407171   -0.0118899     -0.00274139  0.00407171   -0.0163555   0.00377248     -0.00471429  -0.0118899   0.00377248   -0.0225084
0.22013      0.0505723    0.00485988   0.0183764      0.0505723    0.23735      -0.0329362   0.0637166      0.00485988   -0.0329362   0.209712     -0.0225084     0.0183764    0.0637166    -0.0225084   0.234542


    Hamiltonian Matrix BC:    < psi_{i1,B} <psi_{i2,C} | V_e-e | psi_{i3,B} <psi_{i4,C} >

HijkBC: {{{{0.1998846387, -0.04087662518, 0.0002929536436, 0.01415284029}, {-0.04087662518, 0.0160949648, -0.0007422042759, -0.007681367116}, {0.0002936808984, -0.0007422042759, -0.0005372545998, 0.001045036365}, {0.01415284029, -0.007681367116, 0.001045036365, 0.004396055053}}, {{-0.04087662518, 0.2159930092, 0.03263774325, -0.0548813249}, {0.0160949648, -0.04936585392, -0.01148696955, 0.02274381238}, {-0.0007422042759, 0.001957706814, 0.001618608448, -0.002996352126}, {-0.007681367116, 0.0183632688, 0.004182216542, -0.01092944511}}, {{0.0002929536436, 0.03263774325, 0.198857551, -0.02208115437}, {-0.0007422042759, -0.01148696955, -0.03866429536, 0.01044428466}, {-0.0005372545998, 0.001618608448, 0.001631003548, -0.002741391986}, {0.001045036365, 0.004182216542, 0.01141858235, -0.004714392118}}, {{0.01415284029, -0.0548813249, -0.02208115437, 0.2201296027}, {-0.007681367116, 0.02274381238, 0.01044428466, -0.05057231882}, {0.001045036365, -0.002996352126, -0.002741391986, 0.004859883201}, {0.004396055053, -0.01092944511, -0.004714392118, 0.01837639962}}}, {{{-0.04087662518, 0.0160949648, -0.0007422042759, -0.007681367116}, {0.2159930092, -0.04936585392, 0.001957706814, 0.01836460974}, {0.03263774325, -0.01148733334, 0.001618608448, 0.004182216542}, {-0.0548813249, 0.02274381238, -0.002996352126, -0.01092944511}}, {{0.0160949648, -0.04936585392, -0.0114869694, 0.02274381238}, {-0.04936585392, 0.2355659475, 0.03618063144, -0.0650491644}, {-0.01148733367, 0.03618063144, 0.006541348238, -0.0130973205}, {0.02274381238, -0.0650491644, -0.0130973205, 0.03021978908}}, {{-0.0007422042759, -0.01148696955, -0.03866429536, 0.01044428466}, {0.001957706814, 0.03618063144, 0.2106904196, -0.02526575552}, {0.001618608448, 0.006541348238, 0.02888394102, -0.004071712481}, {-0.002996352126, -0.0130973205, -0.04759146226, 0.01188993824}}, {{-0.007681367116, 0.02274381238, 0.01044428466, -0.05057231882}, {0.01836460974, -0.0650491644, -0.02526575552, 0.2373498437}, {0.004182216542, -0.0130973205, -0.004071712481, 0.03293624865}, {-0.01092944511, 0.03021978908, 0.01188993824, -0.06371663261}}}, {{{0.0002936808984, -0.0007422042759, -0.0005372545998, 0.001045036365}, {0.03263774325, -0.01148733334, 0.001618608448, 0.004182216542}, {0.1988569652, -0.03866429536, 0.001637700908, 0.01141858235}, {-0.02208115437, 0.01044428466, -0.002741391986, -0.004719433798}}, {{-0.0007422042759, 0.001957706814, 0.001618608448, -0.002996352126}, {-0.01148733334, 0.03618063144, 0.006541348238, -0.0130973205}, {-0.03866429536, 0.2106904196, 0.02888394102, -0.04759146226}, {0.01044428466, -0.02526575552, -0.004071712481, 0.01188993824}}, {{-0.0005372545998, 0.001618608448, 0.001631003548, -0.002741391986}, {0.001618608448, 0.006541348238, 0.02888394102, -0.004071712481}, {0.001637700908, 0.02888394102, 0.1952783542, -0.01635553188}, {-0.002741391986, -0.004071712481, -0.01635553188, 0.003772479055}}, {{0.001045036365, -0.002996352126, -0.002741391986, 0.004859883201}, {0.004182216542, -0.0130973205, -0.004071712481, 0.03293624865}, {0.01141858235, -0.04759146226, -0.01635553188, 0.2097124825}, {-0.004719288508, 0.01188993824, 0.003772479055, -0.02250840161}}}, {{{0.01415284029, -0.007681367116, 0.001045036365, 0.004396055053}, {-0.0548813249, 0.02274381238, -0.002996352126, -0.01092944511}, {-0.02208115437, 0.01044428466, -0.002741391986, -0.004719433798}, {0.2201296027, -0.05057231882, 0.004859883201, 0.01837639962}}, {{-0.007681367116, 0.01836324807, 0.004182216542, -0.01092944511}, {0.02274381238, -0.0650491644, -0.0130973205, 0.03021978908}, {0.01044428466, -0.02526575552, -0.004071712481, 0.01188993824}, {-0.05057231882, 0.2373498437, 0.03293624865, -0.06371663261}}, {{0.001045036365, 0.004182216542, 0.01141858235, -0.004714420156}, {-0.002996352126, -0.0130973205, -0.04759146226, 0.01188993824}, {-0.002741391986, -0.004071712481, -0.01635553188, 0.003772479055}, {0.004859883201, 0.03293624865, 0.2097124825, -0.02250840161}}, {{0.004396055053, -0.01092944511, -0.004714420156, 0.01837639962}, {-0.01092944511, 0.03021978908, 0.01188993824, -0.06371663261}, {-0.004719288508, 0.01188993824, 0.003772479055, -0.02250840161}, {0.01837639962, -0.06371663261, -0.02250840161, 0.2345420215}}}}
0.199885     -0.0408766   0.000292954  0.0141528      -0.0408766   0.215993     0.0326377    -0.0548813     0.000292954  0.0326377    0.198858     -0.0220812     0.0141528    -0.0548813   -0.0220812   0.22013
-0.0408766   0.016095     -0.000742204 -0.00768137    0.016095     -0.0493659   -0.011487    0.0227438      -0.000742204 -0.011487    -0.0386643   0.0104443      -0.00768137  0.0227438    0.0104443    -0.0505723
0.000293681  -0.000742204 -0.000537255 0.00104504     -0.000742204 0.00195771   0.00161861   -0.00299635    -0.000537255 0.00161861   0.001631     -0.00274139    0.00104504   -0.00299635  -0.00274139  0.00485988
0.0141528    -0.00768137  0.00104504   0.00439606     -0.00768137  0.0183633    0.00418222   -0.0109294     0.00104504   0.00418222   0.0114186    -0.00471439    0.00439606   -0.0109294   -0.00471439  0.0183764

-0.0408766   0.016095     -0.000742204 -0.00768137    0.016095     -0.0493659   -0.011487    0.0227438      -0.000742204 -0.011487    -0.0386643   0.0104443      -0.00768137  0.0227438    0.0104443    -0.0505723
0.215993     -0.0493659   0.00195771   0.0183646      -0.0493659   0.235566     0.0361806    -0.0650492     0.00195771   0.0361806    0.21069      -0.0252658     0.0183646    -0.0650492   -0.0252658   0.23735
0.0326377    -0.0114873   0.00161861   0.00418222     -0.0114873   0.0361806    0.00654135   -0.0130973     0.00161861   0.00654135   0.0288839    -0.00407171    0.00418222   -0.0130973   -0.00407171  0.0329362
-0.0548813   0.0227438    -0.00299635  -0.0109294     0.0227438    -0.0650492   -0.0130973   0.0302198      -0.00299635  -0.0130973   -0.0475915   0.0118899      -0.0109294   0.0302198    0.0118899    -0.0637166

0.000293681  -0.000742204 -0.000537255 0.00104504     -0.000742204 0.00195771   0.00161861   -0.00299635    -0.000537255 0.00161861   0.001631     -0.00274139    0.00104504   -0.00299635  -0.00274139  0.00485988
0.0326377    -0.0114873   0.00161861   0.00418222     -0.0114873   0.0361806    0.00654135   -0.0130973     0.00161861   0.00654135   0.0288839    -0.00407171    0.00418222   -0.0130973   -0.00407171  0.0329362
0.198857     -0.0386643   0.0016377    0.0114186      -0.0386643   0.21069      0.0288839    -0.0475915     0.0016377    0.0288839    0.195278     -0.0163555     0.0114186    -0.0475915   -0.0163555   0.209712
-0.0220812   0.0104443    -0.00274139  -0.00471943    0.0104443    -0.0252658   -0.00407171  0.0118899      -0.00274139  -0.00407171  -0.0163555   0.00377248     -0.00471929  0.0118899    0.00377248   -0.0225084

0.0141528    -0.00768137  0.00104504   0.00439606     -0.00768137  0.0183632    0.00418222   -0.0109294     0.00104504   0.00418222   0.0114186    -0.00471442    0.00439606   -0.0109294   -0.00471442  0.0183764
-0.0548813   0.0227438    -0.00299635  -0.0109294     0.0227438    -0.0650492   -0.0130973   0.0302198      -0.00299635  -0.0130973   -0.0475915   0.0118899      -0.0109294   0.0302198    0.0118899    -0.0637166
-0.0220812   0.0104443    -0.00274139  -0.00471943    0.0104443    -0.0252658   -0.00407171  0.0118899      -0.00274139  -0.00407171  -0.0163555   0.00377248     -0.00471929  0.0118899    0.00377248   -0.0225084
0.22013      -0.0505723   0.00485988   0.0183764      -0.0505723   0.23735      0.0329362    -0.0637166     0.00485988   0.0329362    0.209712     -0.0225084     0.0183764    -0.0637166   -0.0225084   0.234542


    Hamiltonian Matrix CA:    < psi_{i1,C} <psi_{i2,A} | V_e-e | psi_{i3,C} <psi_{i4,A} >

HijkCA: {{{{0.09999995626, -0.01030031762, 0.00000006755649644, 0.001837757854}, {0.01030031762, -0.002122055025, -0.00000004476223597, 0.0005680160795}, {0.00000006323346654, 0.00000004476223596, 0.00000002628793325, 0.00000003197040339}, {0.001837757854, -0.0005680160795, 0.00000003197040336, 0.0002028308935}}, {{-0.01030031762, 0.1021222776, 0.008410129511, -0.01246135482}, {-0.002122055025, 0.01095614568, 0.001732723524, -0.00268418827}, {0.00000004476223596, 0.0000001078753239, -0.0000001602071365, 0.000000117134291}, {-0.0005680160795, 0.002071935656, 0.0004636172312, -0.0007592533537}}, {{0.00000006755649644, 0.008410129511, 0.1000001369, -0.003000768131}, {-0.00000004476223597, 0.001732723524, 0.01030029669, -0.0009272687186}, {0.00000002628793325, -0.0000001602071365, 0., -0.0000002820880914}, {0.00000003197040336, 0.0004636172312, 0.001837755005, -0.0003308945008}}, {{0.001837757854, -0.01246135482, -0.003000768131, 0.1023257502}, {0.0005680160795, -0.00268418827, -0.0009272687186, 0.0110608543}, {0.00000003197040339, 0.000000117134291, -0.0000002820880914, 0.0000001483786477}, {0.0002028308935, -0.0007592533537, -0.0003308945008, 0.002130220005}}}, {{{0.01030031762, -0.002122055025, -0.00000004476223597, 0.0005680160795}, {0.1021222776, -0.01095614568, 0.0000001078753239, 0.00207193567}, {-0.008410129511, 0.001732721171, 0.0000001602071365, -0.0004636172312}, {0.01246135482, -0.00268418827, -0.000000117134291, 0.0007592533537}}, {{-0.002122055025, 0.01095614568, 0.00173272349, -0.00268418827}, {-0.01095614568, 0.1045161465, 0.008945581138, -0.01333893036}, {0.001732721194, -0.008945581138, -0.00141478768, 0.002191645041}, {-0.00268418827, 0.01333893036, 0.002191645041, -0.003433873832}}, {{-0.00000004476223597, 0.001732723524, 0.01030029669, -0.0009272687186}, {0.0000001078753239, 0.008945581138, 0.1021227339, -0.003383084912}, {0.0000001602071365, -0.00141478768, -0.008410704283, 0.0007571047383}, {-0.000000117134291, 0.002191645041, 0.01246132294, -0.001241085298}}, {{0.0005680160795, -0.00268418827, -0.0009272687186, 0.0110608543}, {0.002071935665, -0.01333893036, -0.003383084912, 0.1047845926}, {-0.0004636172312, 0.002191645041, 0.0007571047383, -0.009031501568}, {0.0007592533537, -0.003433873832, -0.001241085298, 0.01349994407}}}, {{{0.00000006323346654, 0.00000004476223596, 0.00000002628793325, 0.00000003197040339}, {-0.008410129511, 0.001732721171, 0.0000001602071365, -0.0004636172312}, {0.1000001546, -0.01030029669, 0., 0.001837755005}, {-0.003000768131, 0.0009272687186, -0.0000002820880914, -0.0003308919931}}, {{0.00000004476223596, 0.0000001078753239, -0.0000001602071365, 0.000000117134291}, {0.001732721171, -0.008945581138, -0.00141478768, 0.002191645041}, {-0.01030029669, 0.1021227339, 0.008410704283, -0.01246132294}, {0.0009272687186, -0.003383084912, -0.0007571047383, 0.001241085298}}, {{0.00000002628793325, -0.0000001602071365, 0., -0.0000002820880914}, {0.0000001602071365, -0.00141478768, -0.008410704283, 0.0007571047383}, {0., 0.008410704283, 0.1000009176, -0.003000859105}, {-0.0000002820880914, -0.0007571047383, -0.003000859105, 0.0005405923267}}, {{0.00000003197040339, 0.000000117134291, -0.0000002820880914, 0.0000001483786477}, {-0.0004636172312, 0.002191645041, 0.0007571047383, -0.009031501568}, {0.001837755005, -0.01246132294, -0.003000859105, 0.1023258147}, {-0.0003308944795, 0.001241085298, 0.0005405923267, -0.003474240428}}}, {{{0.001837757854, -0.0005680160795, 0.00000003197040336, 0.0002028308935}, {0.01246135482, -0.00268418827, -0.000000117134291, 0.0007592533537}, {-0.003000768131, 0.0009272687186, -0.0000002820880914, -0.0003308919931}, {0.1023257502, -0.0110608543, 0.0000001483786477, 0.002130220005}}, {{-0.0005680160795, 0.002071936282, 0.0004636172312, -0.0007592533537}, {-0.00268418827, 0.01333893036, 0.002191645041, -0.003433873832}, {0.0009272687186, -0.003383084912, -0.0007571047383, 0.001241085298}, {-0.0110608543, 0.1047845926, 0.009031501568, -0.01349994407}}, {{0.00000003197040336, 0.0004636172312, 0.001837755005, -0.0003308920144}, {-0.000000117134291, 0.002191645041, 0.01246132294, -0.001241085298}, {-0.0000002820880914, -0.0007571047383, -0.003000859105, 0.0005405923267}, {0.0000001483786478, 0.009031501568, 0.1023258147, -0.003474240428}}, {{0.0002028308935, -0.0007592533537, -0.0003308920144, 0.002130220005}, {0.0007592533537, -0.003433873832, -0.001241085298, 0.01349994407}, {-0.0003308944795, 0.001241085298, 0.0005405923267, -0.003474240428}, {0.002130220005, -0.01349994407, -0.003474240428, 0.1050824596}}}}
0.1          -0.0103003   0.           0.00183776     -0.0103003   0.102122     0.00841013   -0.0124614     0.           0.00841013   0.1          -0.00300077    0.00183776   -0.0124614   -0.00300077  0.102326
0.0103003    -0.00212206  0.           0.000568016    -0.00212206  0.0109561    0.00173272   -0.00268419    0.           0.00173272   0.0103003    -0.000927269   0.000568016  -0.00268419  -0.000927269 0.0110609
0.           0.           0.           0.             0.           0.           0.           0.             0.           0.           0.           0.             0.           0.           0.           0.
0.00183776   -0.000568016 0.           0.000202831    -0.000568016 0.00207194   0.000463617  -0.000759253   0.           0.000463617  0.00183776   -0.000330895   0.000202831  -0.000759253 -0.000330895 0.00213022

0.0103003    -0.00212206  0.           0.000568016    -0.00212206  0.0109561    0.00173272   -0.00268419    0.           0.00173272   0.0103003    -0.000927269   0.000568016  -0.00268419  -0.000927269 0.0110609
0.102122     -0.0109561   0.           0.00207194     -0.0109561   0.104516     0.00894558   -0.0133389     0.           0.00894558   0.102123     -0.00338308    0.00207194   -0.0133389   -0.00338308  0.104785
-0.00841013  0.00173272   0.           -0.000463617   0.00173272   -0.00894558  -0.00141479  0.00219165     0.           -0.00141479  -0.0084107   0.000757105    -0.000463617 0.00219165   0.000757105  -0.0090315
0.0124614    -0.00268419  0.           0.000759253    -0.00268419  0.0133389    0.00219165   -0.00343387    0.           0.00219165   0.0124613    -0.00124109    0.000759253  -0.00343387  -0.00124109  0.0134999

0.           0.           0.           0.             0.           0.           0.           0.             0.           0.           0.           0.             0.           0.           0.           0.
-0.00841013  0.00173272   0.           -0.000463617   0.00173272   -0.00894558  -0.00141479  0.00219165     0.           -0.00141479  -0.0084107   0.000757105    -0.000463617 0.00219165   0.000757105  -0.0090315
0.1          -0.0103003   0.           0.00183776     -0.0103003   0.102123     0.0084107    -0.0124613     0.           0.0084107    0.100001     -0.00300086    0.00183776   -0.0124613   -0.00300086  0.102326
-0.00300077  0.000927269  0.           -0.000330892   0.000927269  -0.00338308  -0.000757105 0.00124109     0.           -0.000757105 -0.00300086  0.000540592    -0.000330894 0.00124109   0.000540592  -0.00347424

0.00183776   -0.000568016 0.           0.000202831    -0.000568016 0.00207194   0.000463617  -0.000759253   0.           0.000463617  0.00183776   -0.000330892   0.000202831  -0.000759253 -0.000330892 0.00213022
0.0124614    -0.00268419  0.           0.000759253    -0.00268419  0.0133389    0.00219165   -0.00343387    0.           0.00219165   0.0124613    -0.00124109    0.000759253  -0.00343387  -0.00124109  0.0134999
-0.00300077  0.000927269  0.           -0.000330892   0.000927269  -0.00338308  -0.000757105 0.00124109     0.           -0.000757105 -0.00300086  0.000540592    -0.000330894 0.00124109   0.000540592  -0.00347424
0.102326     -0.0110609   0.           0.00213022     -0.0110609   0.104785     0.0090315    -0.0134999     0.           0.0090315    0.102326     -0.00347424    0.00213022   -0.0134999   -0.00347424  0.105082


    Hamiltonian Matrix CB:    < psi_{i1,C} <psi_{i2,B} | V_e-e | psi_{i3,C} <psi_{i4,B} >

HijkCB: {{{{0.1998846387, -0.04087662518, 0.0002929536436, 0.01415284029}, {-0.04087662518, 0.0160949648, -0.0007422042759, -0.007681367116}, {0.0002936808984, -0.0007422042759, -0.0005372545998, 0.001045036365}, {0.01415284029, -0.007681367116, 0.001045036365, 0.004396055053}}, {{-0.04087662518, 0.2159930092, 0.03263774325, -0.0548813249}, {0.0160949648, -0.04936585392, -0.01148696955, 0.02274381238}, {-0.0007422042759, 0.001957706814, 0.001618608448, -0.002996352126}, {-0.007681367116, 0.0183632688, 0.004182216542, -0.01092944511}}, {{0.0002929536436, 0.03263774325, 0.198857551, -0.02208115437}, {-0.0007422042759, -0.01148696955, -0.03866429536, 0.01044428466}, {-0.0005372545998, 0.001618608448, 0.001631003548, -0.002741391986}, {0.001045036365, 0.004182216542, 0.01141858235, -0.004714392118}}, {{0.01415284029, -0.0548813249, -0.02208115437, 0.2201296027}, {-0.007681367116, 0.02274381238, 0.01044428466, -0.05057231882}, {0.001045036365, -0.002996352126, -0.002741391986, 0.004859883201}, {0.004396055053, -0.01092944511, -0.004714392118, 0.01837639962}}}, {{{-0.04087662518, 0.0160949648, -0.0007422042759, -0.007681367116}, {0.2159930092, -0.04936585392, 0.001957706814, 0.01836460974}, {0.03263774325, -0.01148733334, 0.001618608448, 0.004182216542}, {-0.0548813249, 0.02274381238, -0.002996352126, -0.01092944511}}, {{0.0160949648, -0.04936585392, -0.0114869694, 0.02274381238}, {-0.04936585392, 0.2355659475, 0.03618063144, -0.0650491644}, {-0.01148733367, 0.03618063144, 0.006541348238, -0.0130973205}, {0.02274381238, -0.0650491644, -0.0130973205, 0.03021978908}}, {{-0.0007422042759, -0.01148696955, -0.03866429536, 0.01044428466}, {0.001957706814, 0.03618063144, 0.2106904196, -0.02526575552}, {0.001618608448, 0.006541348238, 0.02888394102, -0.004071712481}, {-0.002996352126, -0.0130973205, -0.04759146226, 0.01188993824}}, {{-0.007681367116, 0.02274381238, 0.01044428466, -0.05057231882}, {0.01836460974, -0.0650491644, -0.02526575552, 0.2373498437}, {0.004182216542, -0.0130973205, -0.004071712481, 0.03293624865}, {-0.01092944511, 0.03021978908, 0.01188993824, -0.06371663261}}}, {{{0.0002936808984, -0.0007422042759, -0.0005372545998, 0.001045036365}, {0.03263774325, -0.01148733334, 0.001618608448, 0.004182216542}, {0.1988569652, -0.03866429536, 0.001637700908, 0.01141858235}, {-0.02208115437, 0.01044428466, -0.002741391986, -0.004719433798}}, {{-0.0007422042759, 0.001957706814, 0.001618608448, -0.002996352126}, {-0.01148733334, 0.03618063144, 0.006541348238, -0.0130973205}, {-0.03866429536, 0.2106904196, 0.02888394102, -0.04759146226}, {0.01044428466, -0.02526575552, -0.004071712481, 0.01188993824}}, {{-0.0005372545998, 0.001618608448, 0.001631003548, -0.002741391986}, {0.001618608448, 0.006541348238, 0.02888394102, -0.004071712481}, {0.001637700908, 0.02888394102, 0.1952783542, -0.01635553188}, {-0.002741391986, -0.004071712481, -0.01635553188, 0.003772479055}}, {{0.001045036365, -0.002996352126, -0.002741391986, 0.004859883201}, {0.004182216542, -0.0130973205, -0.004071712481, 0.03293624865}, {0.01141858235, -0.04759146226, -0.01635553188, 0.2097124825}, {-0.004719288508, 0.01188993824, 0.003772479055, -0.02250840161}}}, {{{0.01415284029, -0.007681367116, 0.001045036365, 0.004396055053}, {-0.0548813249, 0.02274381238, -0.002996352126, -0.01092944511}, {-0.02208115437, 0.01044428466, -0.002741391986, -0.004719433798}, {0.2201296027, -0.05057231882, 0.004859883201, 0.01837639962}}, {{-0.007681367116, 0.01836324807, 0.004182216542, -0.01092944511}, {0.02274381238, -0.0650491644, -0.0130973205, 0.03021978908}, {0.01044428466, -0.02526575552, -0.004071712481, 0.01188993824}, {-0.05057231882, 0.2373498437, 0.03293624865, -0.06371663261}}, {{0.001045036365, 0.004182216542, 0.01141858235, -0.004714420156}, {-0.002996352126, -0.0130973205, -0.04759146226, 0.01188993824}, {-0.002741391986, -0.004071712481, -0.01635553188, 0.003772479055}, {0.004859883201, 0.03293624865, 0.2097124825, -0.02250840161}}, {{0.004396055053, -0.01092944511, -0.004714420156, 0.01837639962}, {-0.01092944511, 0.03021978908, 0.01188993824, -0.06371663261}, {-0.004719288508, 0.01188993824, 0.003772479055, -0.02250840161}, {0.01837639962, -0.06371663261, -0.02250840161, 0.2345420215}}}}
0.199885     -0.0408766   0.000292954  0.0141528      -0.0408766   0.215993     0.0326377    -0.0548813     0.000292954  0.0326377    0.198858     -0.0220812     0.0141528    -0.0548813   -0.0220812   0.22013
-0.0408766   0.016095     -0.000742204 -0.00768137    0.016095     -0.0493659   -0.011487    0.0227438      -0.000742204 -0.011487    -0.0386643   0.0104443      -0.00768137  0.0227438    0.0104443    -0.0505723
0.000293681  -0.000742204 -0.000537255 0.00104504     -0.000742204 0.00195771   0.00161861   -0.00299635    -0.000537255 0.00161861   0.001631     -0.00274139    0.00104504   -0.00299635  -0.00274139  0.00485988
0.0141528    -0.00768137  0.00104504   0.00439606     -0.00768137  0.0183633    0.00418222   -0.0109294     0.00104504   0.00418222   0.0114186    -0.00471439    0.00439606   -0.0109294   -0.00471439  0.0183764

-0.0408766   0.016095     -0.000742204 -0.00768137    0.016095     -0.0493659   -0.011487    0.0227438      -0.000742204 -0.011487    -0.0386643   0.0104443      -0.00768137  0.0227438    0.0104443    -0.0505723
0.215993     -0.0493659   0.00195771   0.0183646      -0.0493659   0.235566     0.0361806    -0.0650492     0.00195771   0.0361806    0.21069      -0.0252658     0.0183646    -0.0650492   -0.0252658   0.23735
0.0326377    -0.0114873   0.00161861   0.00418222     -0.0114873   0.0361806    0.00654135   -0.0130973     0.00161861   0.00654135   0.0288839    -0.00407171    0.00418222   -0.0130973   -0.00407171  0.0329362
-0.0548813   0.0227438    -0.00299635  -0.0109294     0.0227438    -0.0650492   -0.0130973   0.0302198      -0.00299635  -0.0130973   -0.0475915   0.0118899      -0.0109294   0.0302198    0.0118899    -0.0637166

0.000293681  -0.000742204 -0.000537255 0.00104504     -0.000742204 0.00195771   0.00161861   -0.00299635    -0.000537255 0.00161861   0.001631     -0.00274139    0.00104504   -0.00299635  -0.00274139  0.00485988
0.0326377    -0.0114873   0.00161861   0.00418222     -0.0114873   0.0361806    0.00654135   -0.0130973     0.00161861   0.00654135   0.0288839    -0.00407171    0.00418222   -0.0130973   -0.00407171  0.0329362
0.198857     -0.0386643   0.0016377    0.0114186      -0.0386643   0.21069      0.0288839    -0.0475915     0.0016377    0.0288839    0.195278     -0.0163555     0.0114186    -0.0475915   -0.0163555   0.209712
-0.0220812   0.0104443    -0.00274139  -0.00471943    0.0104443    -0.0252658   -0.00407171  0.0118899      -0.00274139  -0.00407171  -0.0163555   0.00377248     -0.00471929  0.0118899    0.00377248   -0.0225084

0.0141528    -0.00768137  0.00104504   0.00439606     -0.00768137  0.0183632    0.00418222   -0.0109294     0.00104504   0.00418222   0.0114186    -0.00471442    0.00439606   -0.0109294   -0.00471442  0.0183764
-0.0548813   0.0227438    -0.00299635  -0.0109294     0.0227438    -0.0650492   -0.0130973   0.0302198      -0.00299635  -0.0130973   -0.0475915   0.0118899      -0.0109294   0.0302198    0.0118899    -0.0637166
-0.0220812   0.0104443    -0.00274139  -0.00471943    0.0104443    -0.0252658   -0.00407171  0.0118899      -0.00274139  -0.00407171  -0.0163555   0.00377248     -0.00471929  0.0118899    0.00377248   -0.0225084
0.22013      -0.0505723   0.00485988   0.0183764      -0.0505723   0.23735      0.0329362    -0.0637166     0.00485988   0.0329362    0.209712     -0.0225084     0.0183764    -0.0637166   -0.0225084   0.234542


Energy:  {2.827892463}


Coefficients: {{0.9997150905, 0.02382755667, -0.0005279969774, 0.001306369424}, {0.9997606319, -0.02184977558, -0.0008946559748, 0.0006825241699}, {0.9997606319, -0.02184977558, -0.0008946559748, 0.0006825241699}, {0.9997150905, 0.02382755667, -0.0005279969774, 0.001306369424}}


r2: {3.186802805, 3.188513464, 3.188513464, 3.186802805}
r2f: {3.18284615}


r3: {6.988450764, 6.994074406, 6.994074406, 6.988450764}
r3f: {6.975440461}


alpha: {4.508393214, 4.512021141, 4.512021141, 4.508393214}
alphaf: {4.5}




~~~XDM (a1=0.65, a2=3.17474)~~~

M1^2: {3.184064773, 3.183868432, 3.183868432, 3.184064773}
M1f^2: {3.18284615}

M2^2: {16.89701916, 16.89497055, 16.89497055, 16.89701916}
M2f^2: {16.88418269}

M3^2: {125.536626, 125.5136221, 125.5136221, 125.536626}
M3f^2: {125.3927637}

C6XDM: {{7.177508008, 7.180173254, 7.180173254, 7.177508008}, {7.180173254, 7.182840837, 7.182840837, 7.180173254}, {7.180173254, 7.182840837, 7.182840837, 7.180173254}, {7.177508008, 7.180173254, 7.180173254, 7.177508008}}
C6XDMf: {7.161403837}

C8XDM: {{114.2676098, 114.3066358, 114.3066358, 114.2676098}, {114.3066358, 114.3456964, 114.3456964, 114.3066358}, {114.3066358, 114.3456964, 114.3456964, 114.3066358}, {114.2676098, 114.3066358, 114.3066358, 114.2676098}}
C8XDMf: {113.9682331}

C10XDM: {{1980.881607, 1981.497733, 1981.497733, 1980.881607}, {1981.497733, 1982.114418, 1982.114418, 1981.497733}, {1981.497733, 1982.114418, 1982.114418, 1981.497733}, {1980.881607, 1981.497733, 1981.497733, 1980.881607}}
C10XDMf: {1974.936028}

EXDMC6: {-0.001393752788}
EXDMC8: {-0.0008803042676}
EXDMC10: {-0.0006091777684}

EXDMBJC6: {-0.0004085427109}
EXDMBJC8: {-0.000202275628}
EXDMBJC10: {-0.0001090961661}

EXDM: {-0.002883234824}
EXDMBJ: {-0.000719914505}




~~~TS (dTS=20, sR=0.62)~~~

C6TS: {{7.188143058, 7.193927394, 7.193927394, 7.188143058}, {7.193927394, 7.199716384, 7.199716384, 7.193927394}, {7.193927394, 7.199716384, 7.199716384, 7.193927394}, {7.188143058, 7.193927394, 7.193927394, 7.188143058}}
C6TSf: {7.161403837}

ETS: {-0.001396621792}
ETSWY: {-0.001393184315}




~~~MBD~~~

 alpha: {4.538910357, 4.555331188, 4.555331188, 4.538910357}
  C6ii: {7.248629049, 7.285683666, 7.285683666, 7.248629049}
 omega: {0.4691280496, 0.4681328669, 0.4681328669, 0.4691280496}
lambda: {0.2436143578, 0.2333567144, 0.2333567144, 0.2310642368, 0.2236862815, 0.2236862815, 0.2141545936, 0.2141545936, 0.2121677581, 0.2072614265, 0.2072614265, 0.1916126632}
Energy: {-0.001421169222}

~~~MBD@rsSCS (drsSCS=6, sR=0.62)~~~

 alpha: {4.508860615, 4.512718617, 4.512718617, 4.508860615}
  C6ii: {7.189082013, 7.201122594, 7.201122594, 7.189082013}
 omega: {0.4714965886, 0.4714790847, 0.4714790847, 0.4714965886}
lambda: {0.2429570825, 0.2344337345, 0.2344337345, 0.2322137137, 0.2254537277, 0.2254537277, 0.2173490822, 0.2173490822, 0.2160069905, 0.2119665763, 0.2119665763, 0.198025334}
Energy: {-0.001039237966}




~~~MBDFree1~~~

 alpha: {4.530306647, 4.542983346, 4.542983346, 4.530306647}
  C6ii: {7.221360765, 7.24649448, 7.24649448, 7.221360765}
 omega: {0.4691401254, 0.4681493371, 0.4681493371, 0.4691401254}
lambda: {0.2435701101, 0.2333375307, 0.2333375307, 0.231053321, 0.2236906725, 0.2236906725, 0.2141789062, 0.2141789062, 0.2121957285, 0.2073054088, 0.2073054088, 0.1916933585}
Energy: {-0.001414279435}

~~~MBDFree1@rsSCS (drsSCS=6, sR=0.62)~~~

 alpha: {4.500464352, 4.500692544, 4.500692544, 4.500464352}
  C6ii: {7.162334837, 7.162796179, 7.162796179, 7.162334837}
 omega: {0.4714967514, 0.4714793086, 0.4714793086, 0.4714967514}
lambda: {0.2429064795, 0.234404591, 0.234404591, 0.2321929922, 0.2254473866, 0.2254473866, 0.2173596979, 0.2173596979, 0.2160201733, 0.2119921744, 0.2119921744, 0.1980842049}
Energy: {-0.001034242978}




~~~MBDFree2~~~

 alpha: {4.530306647, 4.542983346, 4.542983346, 4.530306647}
  C6ii: {7.248359747, 7.285237089, 7.285237089, 7.248359747}
 omega: {0.4708941307, 0.4706522476, 0.4706522476, 0.4708941307}
lambda: {0.2459720182, 0.2356008132, 0.2356008132, 0.233005711, 0.2255435579, 0.2255435579, 0.2160017913, 0.2160017913, 0.2139674788, 0.2093634786, 0.2093634786, 0.193564433}
Energy: {-0.001421079056}

~~~MBDFree2@rsSCS (drsSCS=6, sR=0.62)~~~

 alpha: {4.500464352, 4.500692544, 4.500692544, 4.500464352}
  C6ii: {7.189078098, 7.201115801, 7.201115801, 7.189078098}
 omega: {0.4732572612, 0.4740016349, 0.4740016349, 0.4732572612}
lambda: {0.2453144158, 0.236691667, 0.236691667, 0.2341647512, 0.2273281841, 0.2273281841, 0.2191965592, 0.2191965592, 0.2178120515, 0.2140835599, 0.2140835599, 0.2000087516}
Energy: {-0.001039213892}




~~~MBD@XDM1~~~

 alpha: {4.535484951, 4.549898737, 4.549898737, 4.535484951}
  C6ii: {7.237772909, 7.268426509, 7.268426509, 7.237772909}
 omega: {0.469133265, 0.4681399217, 0.4681399217, 0.469133265}
lambda: {0.243595222, 0.2333484558, 0.2333484558, 0.2310599243, 0.223688317, 0.223688317, 0.2141648554, 0.2141648554, 0.212179497, 0.2072803851, 0.2072803851, 0.1916473699}
Energy: {-0.001418211109}

~~~MBD@XDM1@rsSCS (drsSCS=6, sR=0.62)~~~

 alpha: {4.505522946, 4.507425472, 4.507425472, 4.505522946}
  C6ii: {7.178443639, 7.184241003, 7.184241003, 7.178443639}
 omega: {0.4714966591, 0.4714791807, 0.4714791807, 0.4714966591}
lambda: {0.2429352273, 0.2344212014, 0.2344212014, 0.2322051367, 0.2254511213, 0.2254511213, 0.2173534805, 0.2173534805, 0.2160124191, 0.2119776316, 0.2119776316, 0.1980506516}
Energy: {-0.001037093593}




~~~MBD@XDM2~~~

 alpha: {4.538910357, 4.555331188, 4.555331188, 4.538910357}
  C6ii: {7.237885103, 7.268620183, 7.268620183, 7.237885103}
 omega: {0.4684327062, 0.4670364732, 0.4670364732, 0.4684327062}
lambda: {0.2425886365, 0.2323964185, 0.2323964185, 0.2302640983, 0.2229339786, 0.2229339786, 0.2133994097, 0.2133994097, 0.2114398116, 0.2063747284, 0.2063747284, 0.1908119888}
Energy: {-0.001418249519}

~~~MBD@XDM2@rsSCS (drsSCS=6, sR=0.62)~~~

 alpha: {4.508860615, 4.512718617, 4.512718617, 4.508860615}
  C6ii: {7.178445269, 7.184243952, 7.184243952, 7.178445269}
 omega: {0.4707989768, 0.4703739894, 0.4703739894, 0.4707989768}
lambda: {0.241927865, 0.2334624213, 0.2334624213, 0.2314048893, 0.2246897953, 0.2246897953, 0.2165890892, 0.2165890892, 0.2152717896, 0.2110654271, 0.2110654271, 0.1972021892}
Energy: {-0.001037103752}




    ENERGY MATRIX: {Non-Interacting, Electron-Nuclear, Electron-Electron, Nuclear-Nuclear, Total Energy}
Oscillator 1 Energy: {0.7075690864, -0.3693996627, 0.1840755713, 0.1833332967, 0.7055782916}
Oscillator 2 Energy: {0.70752581, -0.4995701177, 0.2522947807, 0.24999995, 0.710250423}
Oscillator 3 Energy: {0.70752581, -0.504300111, 0.251352225, 0.24999995, 0.704577874}
Oscillator 4 Energy: {0.7075690864, -0.3693996627, 0.1831330156, 0.1833332967, 0.7046357359}
Energy Totals: {2.830189793, -1.742669554, 0.8708555926, 0.8666664933, 2.825042324}


    COEFFICIENT MATRIX: {c1, c2, c5, c6, c11, c14}
Oscillator 1 Cs: {0.9997150905, 0.02382755667, -0.0005279969774, 0.001306369424}
Oscillator 2 Cs: {0.9997606319, -0.02184977558, -0.0008946559748, 0.0006825241699}
Oscillator 3 Cs: {0.9997606319, -0.02184977558, -0.0008946559748, 0.0006825241699}
Oscillator 4 Cs: {0.9997150905, 0.02382755667, -0.0005279969774, 0.001306369424}


    GENERAL RESULTS: {R, E, r2, r2f, r3, r3f, alpha, alphaf}
Oscillator 1 General Results: {5.000001, 2.827892463, 3.186802805, 3.18284615, 6.988450764, 6.975440461, 4.508393214, 4.5}
Oscillator 2 General Results: {5.000001, 2.827892463, 3.188513464, 3.18284615, 6.994074406, 6.975440461, 4.512021141, 4.5}
Oscillator 3 General Results: {5.000001, 2.827892463, 3.188513464, 3.18284615, 6.994074406, 6.975440461, 4.512021141, 4.5}
Oscillator 4 General Results: {5.000001, 2.827892463, 3.186802805, 3.18284615, 6.988450764, 6.975440461, 4.508393214, 4.5}


    XDM RESULTS: {M1^2, M1f^2, M2^2, M2f^2, M3^2, M3f^2, C6XDMii, C6XDMij, C6XDMf, C8XDMii, C8XDMij, C8XDMf, C10XDMii, C10XDMij, C10XDMf, EXDMC6, EXDMC8, EXDMC10, EXDMBJC6, EXDMBJC8, EXDMBJC10, EXDM, EXDMBJ}
Oscillator 1 XDM Results: {3.184064773, 3.18284615, 16.89701916, 16.88418269, 125.536626, 125.3927637, 7.177508008, {{7.177508008, 7.180173254, 7.180173254, 7.177508008}, {7.180173254, 7.182840837, 7.182840837, 7.180173254}, {7.180173254, 7.182840837, 7.182840837, 7.180173254}, {7.177508008, 7.180173254, 7.180173254, 7.177508008}}, 7.161403837, 114.2676098, {{114.2676098, 114.3066358, 114.3066358, 114.2676098}, {114.3066358, 114.3456964, 114.3456964, 114.3066358}, {114.3066358, 114.3456964, 114.3456964, 114.3066358}, {114.2676098, 114.3066358, 114.3066358, 114.2676098}}, 113.9682331, 1980.881607, {{1980.881607, 1981.497733, 1981.497733, 1980.881607}, {1981.497733, 1982.114418, 1982.114418, 1981.497733}, {1981.497733, 1982.114418, 1982.114418, 1981.497733}, {1980.881607, 1981.497733, 1981.497733, 1980.881607}}, 1974.936028, -0.001393752788, -0.0008803042676, -0.0006091777684, -0.0004085427109, -0.000202275628, -0.0001090961661, -0.002883234824, -0.000719914505}
Oscillator 2 XDM Results: {3.183868432, 3.18284615, 16.89497055, 16.88418269, 125.5136221, 125.3927637, 7.182840837, {{7.177508008, 7.180173254, 7.180173254, 7.177508008}, {7.180173254, 7.182840837, 7.182840837, 7.180173254}, {7.180173254, 7.182840837, 7.182840837, 7.180173254}, {7.177508008, 7.180173254, 7.180173254, 7.177508008}}, 7.161403837, 114.3456964, {{114.2676098, 114.3066358, 114.3066358, 114.2676098}, {114.3066358, 114.3456964, 114.3456964, 114.3066358}, {114.3066358, 114.3456964, 114.3456964, 114.3066358}, {114.2676098, 114.3066358, 114.3066358, 114.2676098}}, 113.9682331, 1982.114418, {{1980.881607, 1981.497733, 1981.497733, 1980.881607}, {1981.497733, 1982.114418, 1982.114418, 1981.497733}, {1981.497733, 1982.114418, 1982.114418, 1981.497733}, {1980.881607, 1981.497733, 1981.497733, 1980.881607}}, 1974.936028, -0.001393752788, -0.0008803042676, -0.0006091777684, -0.0004085427109, -0.000202275628, -0.0001090961661, -0.002883234824, -0.000719914505}
Oscillator 3 XDM Results: {3.183868432, 3.18284615, 16.89497055, 16.88418269, 125.5136221, 125.3927637, 7.182840837, {{7.177508008, 7.180173254, 7.180173254, 7.177508008}, {7.180173254, 7.182840837, 7.182840837, 7.180173254}, {7.180173254, 7.182840837, 7.182840837, 7.180173254}, {7.177508008, 7.180173254, 7.180173254, 7.177508008}}, 7.161403837, 114.3456964, {{114.2676098, 114.3066358, 114.3066358, 114.2676098}, {114.3066358, 114.3456964, 114.3456964, 114.3066358}, {114.3066358, 114.3456964, 114.3456964, 114.3066358}, {114.2676098, 114.3066358, 114.3066358, 114.2676098}}, 113.9682331, 1982.114418, {{1980.881607, 1981.497733, 1981.497733, 1980.881607}, {1981.497733, 1982.114418, 1982.114418, 1981.497733}, {1981.497733, 1982.114418, 1982.114418, 1981.497733}, {1980.881607, 1981.497733, 1981.497733, 1980.881607}}, 1974.936028, -0.001393752788, -0.0008803042676, -0.0006091777684, -0.0004085427109, -0.000202275628, -0.0001090961661, -0.002883234824, -0.000719914505}
Oscillator 4 XDM Results: {3.184064773, 3.18284615, 16.89701916, 16.88418269, 125.536626, 125.3927637, 7.177508008, {{7.177508008, 7.180173254, 7.180173254, 7.177508008}, {7.180173254, 7.182840837, 7.182840837, 7.180173254}, {7.180173254, 7.182840837, 7.182840837, 7.180173254}, {7.177508008, 7.180173254, 7.180173254, 7.177508008}}, 7.161403837, 114.2676098, {{114.2676098, 114.3066358, 114.3066358, 114.2676098}, {114.3066358, 114.3456964, 114.3456964, 114.3066358}, {114.3066358, 114.3456964, 114.3456964, 114.3066358}, {114.2676098, 114.3066358, 114.3066358, 114.2676098}}, 113.9682331, 1980.881607, {{1980.881607, 1981.497733, 1981.497733, 1980.881607}, {1981.497733, 1982.114418, 1982.114418, 1981.497733}, {1981.497733, 1982.114418, 1982.114418, 1981.497733}, {1980.881607, 1981.497733, 1981.497733, 1980.881607}}, 1974.936028, -0.001393752788, -0.0008803042676, -0.0006091777684, -0.0004085427109, -0.000202275628, -0.0001090961661, -0.002883234824, -0.000719914505}


    TS RESULTS: {C6TSii, C6TSij, C6TSf, ETS, ETSWY}
Oscillator 1 TS Results: {7.188143058, {{7.188143058, 7.193927394, 7.193927394, 7.188143058}, {7.193927394, 7.199716384, 7.199716384, 7.193927394}, {7.193927394, 7.199716384, 7.199716384, 7.193927394}, {7.188143058, 7.193927394, 7.193927394, 7.188143058}}, 7.161403837, -0.001396621792, -0.001393184315}
Oscillator 2 TS Results: {7.199716384, {{7.188143058, 7.193927394, 7.193927394, 7.188143058}, {7.193927394, 7.199716384, 7.199716384, 7.193927394}, {7.193927394, 7.199716384, 7.199716384, 7.193927394}, {7.188143058, 7.193927394, 7.193927394, 7.188143058}}, 7.161403837, -0.001396621792, -0.001393184315}
Oscillator 3 TS Results: {7.199716384, {{7.188143058, 7.193927394, 7.193927394, 7.188143058}, {7.193927394, 7.199716384, 7.199716384, 7.193927394}, {7.193927394, 7.199716384, 7.199716384, 7.193927394}, {7.188143058, 7.193927394, 7.193927394, 7.188143058}}, 7.161403837, -0.001396621792, -0.001393184315}
Oscillator 4 TS Results: {7.188143058, {{7.188143058, 7.193927394, 7.193927394, 7.188143058}, {7.193927394, 7.199716384, 7.199716384, 7.193927394}, {7.193927394, 7.199716384, 7.199716384, 7.193927394}, {7.188143058, 7.193927394, 7.193927394, 7.188143058}}, 7.161403837, -0.001396621792, -0.001393184315}


    MBD RESULTS: {MBD_alpha, MBD_C6, MBD_omega, MBD_Energy, MBDF1_alpha, MBDF1_C6, MBDF1_omega, MBDF1_Energy, MBDF2_alpha, MBDF2_C6, MBDF2_omega, MBDF2_Energy, MBDX1_alpha, MBDX1_C6, MBDX1_omega, MBDX1_Energy, MBDX2_alpha, MBDX2_C6, MBDX2_omega, MBDX2_Energy}
Oscillator 1 MBD Results: {4.538910357, 7.248629049, 0.4691280496, -0.001421169222, 4.530306647, 7.221360765, 0.4691401254, -0.001414279435, 4.530306647, 7.248359747, 0.4708941307, -0.001421079056, 4.535484951, 7.237772909, 0.469133265, -0.001418211109, 4.538910357, 7.237885103, 0.4684327062, -0.001418249519}
Oscillator 2 MBD Results: {4.555331188, 7.285683666, 0.4681328669, -0.001421169222, 4.542983346, 7.24649448, 0.4681493371, -0.001414279435, 4.542983346, 7.285237089, 0.4706522476, -0.001421079056, 4.549898737, 7.268426509, 0.4681399217, -0.001418211109, 4.555331188, 7.268620183, 0.4670364732, -0.001418249519}
Oscillator 3 MBD Results: {4.555331188, 7.285683666, 0.4681328669, -0.001421169222, 4.542983346, 7.24649448, 0.4681493371, -0.001414279435, 4.542983346, 7.285237089, 0.4706522476, -0.001421079056, 4.549898737, 7.268426509, 0.4681399217, -0.001418211109, 4.555331188, 7.268620183, 0.4670364732, -0.001418249519}
Oscillator 4 MBD Results: {4.538910357, 7.248629049, 0.4691280496, -0.001421169222, 4.530306647, 7.221360765, 0.4691401254, -0.001414279435, 4.530306647, 7.248359747, 0.4708941307, -0.001421079056, 4.535484951, 7.237772909, 0.469133265, -0.001418211109, 4.538910357, 7.237885103, 0.4684327062, -0.001418249519}


    MBDRSSCS RESULTS: {MBDrsSCS_alpha, MBDrsSCS_C6, MBDrsSCS_omega, MBDrsSCS_Energy, MBDF1rsSCS_alpha, MBDF1rsSCS_C6, MBDF1rsSCS_omega, MBDF1rsSCS_Energy, MBDF2rsSCS_alpha, MBDF2rsSCS_C6, MBDF2rsSCS_omega, MBDF2rsSCS_Energy, MBDX1rsSCS_alpha, MBDX1rsSCS_C6, MBDX1rsSCS_omega, MBDX1rsSCS_Energy, MBDX2rsSCS_alpha, MBDX2rsSCS_C6, MBDX2rsSCS_omega, MBDX2rsSCS_Energy}
Oscillator 1 MBDrsSCS Results: {4.508860615, 7.189082013, 0.4714965886, -0.001039237966, 4.500464352, 7.162334837, 0.4714967514, -0.001034242978, 4.500464352, 7.189078098, 0.4732572612, -0.001039213892, 4.505522946, 7.178443639, 0.4714966591, -0.001037093593, 4.508860615, 7.178445269, 0.4707989768, -0.001037103752}
Oscillator 2 MBDrsSCS Results: {4.512718617, 7.201122594, 0.4714790847, -0.001039237966, 4.500692544, 7.162796179, 0.4714793086, -0.001034242978, 4.500692544, 7.201115801, 0.4740016349, -0.001039213892, 4.507425472, 7.184241003, 0.4714791807, -0.001037093593, 4.512718617, 7.184243952, 0.4703739894, -0.001037103752}
Oscillator 3 MBDrsSCS Results: {4.512718617, 7.201122594, 0.4714790847, -0.001039237966, 4.500692544, 7.162796179, 0.4714793086, -0.001034242978, 4.500692544, 7.201115801, 0.4740016349, -0.001039213892, 4.507425472, 7.184241003, 0.4714791807, -0.001037093593, 4.512718617, 7.184243952, 0.4703739894, -0.001037103752}
Oscillator 4 MBDrsSCS Results: {4.508860615, 7.189082013, 0.4714965886, -0.001039237966, 4.500464352, 7.162334837, 0.4714967514, -0.001034242978, 4.500464352, 7.189078098, 0.4732572612, -0.001039213892, 4.505522946, 7.178443639, 0.4714966591, -0.001037093593, 4.508860615, 7.178445269, 0.4707989768, -0.001037103752}


         {R, Energy}
SUMMARY: {5.000001, 2.827892463}