Oscillators N=4 2022-12-24 w=0.471533 a=4.50000.nb ( N = 4, M = 4 )
~~~~~~~~~~~~~~~~~~~~~~~~~~~~~~~~~~~~~~
Run Commenced: Fri 30 Dec 2022 18:32:49
Run Completed: Fri 30 Dec 2022 20:50:11
Time Elapsed: 02:17:22

Oscillators Used: 4
Wavefunctions Used: 4
Internuclear Separation: 6.
omega: 0.472
nu : 0.235638

For display purposes, the threshold of Hamiltonian matrix elements has been set to: 10^-6.


    Hamiltonian Matrix A:    < psi_{i,A} | H_k | psi_{j,A} >
    H_1 = T_kin,    H_2 = V_pot,    H_3 = V_1-B,    H_4 = V_1-C,    H_5 = V_A-B,    H_6 = V_A-C 

HijkA: {{{0.35364975, 0.35364975, -0.1666666371, -0.08333331952, -0.05555554635, 0.1666666389, 0.08333331944, 0.0555555463}, {0., 0., -0.02861175272, -0.007152939946, -0.003179084296, 0., 0., 0.}, {0.2887538117, -0.2887538117, -0.00000001354557662, 0., 0., 0., 0., 0.}, {0., 0., -0.008507461361, -0.001063435283, -0.0003150919361, 0., 0., 0.}}, {{0., 0., -0.02861175272, -0.007152939946, -0.003179084296, 0., 0., 0.}, {0.58941625, 0.58941625, -0.1764901998, -0.08456127804, -0.05591938972, 0.1666666389, 0.08333331944, 0.0555555463}, {0., 0., 0.02336131918, 0.005840350739, 0.00259571144, 0., 0., 0.}, {0., 0., -0.03741933694, -0.00853334381, -0.003724982328, 0., 0., 0.}}, {{0.2887538117, -0.2887538117, -0.00000001354557662, 0., 0., 0., 0., 0.}, {0., 0., 0.02336131918, 0.005840350739, 0.00259571144, 0., 0., 0.}, {0.82518275, 0.82518275, -0.1666664447, -0.08333332038, -0.05555554776, 0.1666666389, 0.08333331944, 0.0555555463}, {0., 0., 0.01389236085, 0.001736582538, 0.0005145429745, 0., 0., 0.}}, {{0., 0., -0.008507461361, -0.001063435283, -0.0003150919361, 0., 0., 0.}, {0., 0., -0.03741933694, -0.00853334381, -0.003724982328, 0., 0., 0.}, {0., 0., 0.01389236085, 0.001736582538, 0.0005145429745, 0., 0., 0.}, {0.82518275, 0.82518275, -0.179095355, -0.08464269472, -0.05593010663, 0.1666666389, 0.08333331944, 0.0555555463}}}
0.35365        0.             0.288754       0.
0.35365        0.             -0.288754      0.
-0.166667      -0.0286118     0.             -0.00850746
-0.0833333     -0.00715294    0.             -0.00106344
-0.0555555     -0.00317908    0.             -0.000315092
0.166667       0.             0.             0.
0.0833333      0.             0.             0.
0.0555555      0.             0.             0.

0.             0.589416       0.             0.
0.             0.589416       0.             0.
-0.0286118     -0.17649       0.0233613      -0.0374193
-0.00715294    -0.0845613     0.00584035     -0.00853334
-0.00317908    -0.0559194     0.00259571     -0.00372498
0.             0.166667       0.             0.
0.             0.0833333      0.             0.
0.             0.0555555      0.             0.

0.288754       0.             0.825183       0.
-0.288754      0.             0.825183       0.
0.             0.0233613      -0.166666      0.0138924
0.             0.00584035     -0.0833333     0.00173658
0.             0.00259571     -0.0555555     0.000514543
0.             0.             0.166667       0.
0.             0.             0.0833333      0.
0.             0.             0.0555555      0.

0.             0.             0.             0.825183
0.             0.             0.             0.825183
-0.00850746    -0.0374193     0.0138924      -0.179095
-0.00106344    -0.00853334    0.00173658     -0.0846427
-0.000315092   -0.00372498    0.000514543    -0.0559301
0.             0.             0.             0.166667
0.             0.             0.             0.0833333
0.             0.             0.             0.0555555


    Hamiltonian Matrix B:    < psi_{i,B} | H_k | psi_{j,B} >
    H_1 = T_kin,    H_2 = V_pot,    H_3 = V_2-A,    H_4 = V_2-C,    H_5 = V_B-A,    H_6 = V_B-C 

HijkB: {{{0.35364975, 0.35364975, -0.1666666371, -0.1666666371, -0.08333331952, 0.1666666389, 0.1666666389, 0.08333331944}, {0., 0., -0.02861175272, 0.02861175272, 0.007152939946, 0., 0., 0.}, {0.2887538117, -0.2887538117, -0.00000001354557663, -0.00000001354557664, 0., 0., 0., 0.}, {0., 0., -0.008507461361, -0.008507461361, -0.001063435283, 0., 0., 0.}}, {{0., 0., -0.02861175272, 0.02861175272, 0.007152939946, 0., 0., 0.}, {0.58941625, 0.58941625, -0.1764901998, -0.1764901998, -0.08456127804, 0.1666666389, 0.1666666389, 0.08333331944}, {0., 0., 0.02336131918, -0.02336131918, -0.005840350739, 0., 0., 0.}, {0., 0., -0.03741933694, 0.03741933694, 0.00853334381, 0., 0., 0.}}, {{0.2887538117, -0.2887538117, -0.00000001354557663, -0.00000001354557664, 0., 0., 0., 0.}, {0., 0., 0.02336131918, -0.02336131918, -0.005840350739, 0., 0., 0.}, {0.82518275, 0.82518275, -0.1666664447, -0.1666664447, -0.08333332038, 0.1666666389, 0.1666666389, 0.08333331944}, {0., 0., 0.01389236085, 0.01389236085, 0.001736582538, 0., 0., 0.}}, {{0., 0., -0.008507461361, -0.008507461361, -0.001063435283, 0., 0., 0.}, {0., 0., -0.03741933694, 0.03741933694, 0.00853334381, 0., 0., 0.}, {0., 0., 0.01389236085, 0.01389236085, 0.001736582538, 0., 0., 0.}, {0.82518275, 0.82518275, -0.179095355, -0.179095355, -0.08464269472, 0.1666666389, 0.1666666389, 0.08333331944}}}
0.35365       0.            0.288754      0.
0.35365       0.            -0.288754     0.
-0.166667     -0.0286118    0.            -0.00850746
-0.166667     0.0286118     0.            -0.00850746
-0.0833333    0.00715294    0.            -0.00106344
0.166667      0.            0.            0.
0.166667      0.            0.            0.
0.0833333     0.            0.            0.

0.            0.589416      0.            0.
0.            0.589416      0.            0.
-0.0286118    -0.17649      0.0233613     -0.0374193
0.0286118     -0.17649      -0.0233613    0.0374193
0.00715294    -0.0845613    -0.00584035   0.00853334
0.            0.166667      0.            0.
0.            0.166667      0.            0.
0.            0.0833333     0.            0.

0.288754      0.            0.825183      0.
-0.288754     0.            0.825183      0.
0.            0.0233613     -0.166666     0.0138924
0.            -0.0233613    -0.166666     0.0138924
0.            -0.00584035   -0.0833333    0.00173658
0.            0.            0.166667      0.
0.            0.            0.166667      0.
0.            0.            0.0833333     0.

0.            0.            0.            0.825183
0.            0.            0.            0.825183
-0.00850746   -0.0374193    0.0138924     -0.179095
-0.00850746   0.0374193     0.0138924     -0.179095
-0.00106344   0.00853334    0.00173658    -0.0846427
0.            0.            0.            0.166667
0.            0.            0.            0.166667
0.            0.            0.            0.0833333


    Hamiltonian Matrix C:    < psi_{i,C} | H_k | psi_{j,C} >
    H_1 = T_kin,    H_2 = V_pot,    H_3 = V_3-A,    H_4 = V_3-B,    H_5 = V_C-A,    H_6 = V_C-B 

HijkC: {{{0.35364975, 0.35364975, -0.08333331952, -0.1666666371, -0.1666666371, 0.08333331944, 0.1666666389, 0.1666666389}, {0., 0., 0.007152939946, 0.02861175272, -0.02861175272, 0., 0., 0.}, {0.2887538117, -0.2887538117, 0., -0.00000001354557664, -0.00000001354557662, 0., 0., 0.}, {0., 0., -0.001063435283, -0.008507461361, -0.008507461361, 0., 0., 0.}}, {{0., 0., 0.007152939946, 0.02861175272, -0.02861175272, 0., 0., 0.}, {0.58941625, 0.58941625, -0.08456127804, -0.1764901998, -0.1764901998, 0.08333331944, 0.1666666389, 0.1666666389}, {0., 0., -0.005840350739, -0.02336131918, 0.02336131918, 0., 0., 0.}, {0., 0., 0.00853334381, 0.03741933694, -0.03741933694, 0., 0., 0.}}, {{0.2887538117, -0.2887538117, 0., -0.00000001354557664, -0.00000001354557662, 0., 0., 0.}, {0., 0., -0.005840350739, -0.02336131918, 0.02336131918, 0., 0., 0.}, {0.82518275, 0.82518275, -0.08333332038, -0.1666664447, -0.1666664447, 0.08333331944, 0.1666666389, 0.1666666389}, {0., 0., 0.001736582538, 0.01389236085, 0.01389236085, 0., 0., 0.}}, {{0., 0., -0.001063435283, -0.008507461361, -0.008507461361, 0., 0., 0.}, {0., 0., 0.00853334381, 0.03741933694, -0.03741933694, 0., 0., 0.}, {0., 0., 0.001736582538, 0.01389236085, 0.01389236085, 0., 0., 0.}, {0.82518275, 0.82518275, -0.08464269472, -0.179095355, -0.179095355, 0.08333331944, 0.1666666389, 0.1666666389}}}
0.35365       0.            0.288754      0.
0.35365       0.            -0.288754     0.
-0.0833333    0.00715294    0.            -0.00106344
-0.166667     0.0286118     0.            -0.00850746
-0.166667     -0.0286118    0.            -0.00850746
0.0833333     0.            0.            0.
0.166667      0.            0.            0.
0.166667      0.            0.            0.

0.            0.589416      0.            0.
0.            0.589416      0.            0.
0.00715294    -0.0845613    -0.00584035   0.00853334
0.0286118     -0.17649      -0.0233613    0.0374193
-0.0286118    -0.17649      0.0233613     -0.0374193
0.            0.0833333     0.            0.
0.            0.166667      0.            0.
0.            0.166667      0.            0.

0.288754      0.            0.825183      0.
-0.288754     0.            0.825183      0.
0.            -0.00584035   -0.0833333    0.00173658
0.            -0.0233613    -0.166666     0.0138924
0.            0.0233613     -0.166666     0.0138924
0.            0.            0.0833333     0.
0.            0.            0.166667      0.
0.            0.            0.166667      0.

0.            0.            0.            0.825183
0.            0.            0.            0.825183
-0.00106344   0.00853334    0.00173658    -0.0846427
-0.00850746   0.0374193     0.0138924     -0.179095
-0.00850746   -0.0374193    0.0138924     -0.179095
0.            0.            0.            0.0833333
0.            0.            0.            0.166667
0.            0.            0.            0.166667


    Hamiltonian Matrix AB:    < psi_{i1,A} <psi_{i2,B} | V_e-e | psi_{i3,A} <psi_{i4,B} >

HijkAB: {{{{0.1666609154, 0.0285934157, 0.00002184143701, 0.008470640207}, {0.0285934157, 0.009762297731, 0.00005875436114, 0.004270537937}, {0.00002180258422, 0.00005875436114, -0.00006278657711, 0.000109702598}, {0.008470640207, 0.004270537937, 0.000109702598, 0.00241558142}}, {{0.0285934157, 0.1764263056, -0.02327892434, 0.03729241843}, {0.009762297731, 0.03347289834, -0.007790542325, 0.01394653233}, {0.00005875436114, 0.0002048923941, -0.0001964877305, 0.0003587939384}, {0.004270537937, 0.01115573197, -0.003201609636, 0.006659474077}}, {{0.00002184143701, -0.02327892434, 0.166566615, -0.01372028298}, {0.00005875436114, -0.007790542325, 0.02832073274, -0.006690273648}, {-0.00006278657711, -0.0001964877305, 0.0002466041494, -0.0003812155154}, {0.000109702598, -0.003201609636, 0.008068862006, -0.003506069536}}, {{0.008470640207, 0.03729241843, -0.01372028298, 0.1788283254}, {0.004270537937, 0.01394653233, -0.006690273648, 0.03512435732}, {0.000109702598, 0.0003587939384, -0.0003812155154, 0.0006774694778}, {0.00241558142, 0.006659474077, -0.003506069536, 0.0122449891}}}, {{{0.0285934157, 0.009762297731, 0.00005875436114, 0.004270537937}, {0.1764263056, 0.03347289834, 0.0002048923941, 0.01115353769}, {-0.02327892434, -0.007790614367, -0.0001964877305, -0.003201609636}, {0.03729241843, 0.01394653233, 0.0003587939384, 0.006659474077}}, {{0.009762297731, 0.03347289834, -0.007790684164, 0.01394653233}, {0.03347289834, 0.1891611386, -0.02680213462, 0.04461063599}, {-0.007790492852, -0.02680213462, 0.005863181541, -0.01053375747}, {0.01394653233, 0.04461063599, -0.01053368025, 0.02025098401}}, {{0.00005875436114, -0.007790542325, 0.02832073274, -0.006690273648}, {0.0002048923941, -0.02680213462, 0.1756668341, -0.01743995532}, {-0.0001964877305, 0.005863181541, -0.02255120421, 0.004530552835}, {0.0003587939384, -0.01053368025, 0.0360732837, -0.009654273634}}, {{0.004270537937, 0.01394653233, -0.006690273648, 0.03512435732}, {0.01115353769, 0.04461063599, -0.01743995532, 0.1924462474}, {-0.003201609636, -0.01053375747, 0.004530552835, -0.02710080753}, {0.006659474077, 0.02025098401, -0.009654273634, 0.04682202091}}}, {{{0.00002180258422, 0.00005875436114, -0.00006278657711, 0.000109702598}, {-0.02327892434, -0.007790614367, -0.0001964877305, -0.003201609636}, {0.1665670984, 0.02832073274, 0.0002475068245, 0.008068862006}, {-0.01372028298, -0.006690273648, -0.0003812155154, -0.003506053834}}, {{0.00005875436114, 0.0002048923941, -0.0001964877305, 0.0003587939384}, {-0.007790614367, -0.02680213462, 0.005863181541, -0.01053375747}, {0.02832073274, 0.1756668341, -0.02255120421, 0.0360732837}, {-0.006690273648, -0.01743995532, 0.004530552835, -0.009654273634}}, {{-0.00006278657711, -0.0001964877305, 0.0002466041494, -0.0003812155154}, {-0.0001964877305, 0.005863181541, -0.02255120421, 0.004530552835}, {0.0002475068245, -0.02255120421, 0.1657922761, -0.01246150378}, {-0.0003812155154, 0.004530552835, -0.01246150378, 0.004565973089}}, {{0.000109702598, 0.0003587939384, -0.0003812155154, 0.0006774694778}, {-0.003201609636, -0.01053375747, 0.004530552835, -0.02710080753}, {0.008068862006, 0.0360732837, -0.01246150378, 0.1767228901}, {-0.003506088091, -0.009654273634, 0.004565973089, -0.01796543482}}}, {{{0.008470640207, 0.004270537937, 0.000109702598, 0.00241558142}, {0.03729241843, 0.01394653233, 0.0003587939384, 0.006659474077}, {-0.01372028298, -0.006690273648, -0.0003812155154, -0.003506053834}, {0.1788283254, 0.03512435732, 0.0006774694778, 0.0122449891}}, {{0.004270537937, 0.01115573197, -0.003201609636, 0.006659474077}, {0.01394653233, 0.04461063599, -0.01053368025, 0.02025098401}, {-0.006690273648, -0.01743995532, 0.004530552835, -0.009654273634}, {0.03512435732, 0.1924462474, -0.02710080753, 0.04682202091}}, {{0.000109702598, -0.003201609636, 0.008068862006, -0.003506069559}, {0.0003587939384, -0.01053368025, 0.0360732837, -0.009654273634}, {-0.0003812155154, 0.004530552835, -0.01246150378, 0.004565973089}, {0.0006774694778, -0.02710080753, 0.1767228901, -0.01796543482}}, {{0.00241558142, 0.006659474077, -0.003506069559, 0.0122449891}, {0.006659474077, 0.02025098401, -0.009654273634, 0.04682202091}, {-0.003506088091, -0.009654273634, 0.004565973089, -0.01796543482}, {0.0122449891, 0.04682202091, -0.01796543482, 0.1951479918}}}}
0.166661      0.0285934     0.0000218414  0.00847064      0.0285934     0.176426      -0.0232789    0.0372924       0.0000218414  -0.0232789    0.166567      -0.0137203      0.00847064    0.0372924     -0.0137203    0.178828
0.0285934     0.0097623     0.0000587544  0.00427054      0.0097623     0.0334729     -0.00779054   0.0139465       0.0000587544  -0.00779054   0.0283207     -0.00669027     0.00427054    0.0139465     -0.00669027   0.0351244
0.0000218026  0.0000587544  -0.0000627866 0.000109703     0.0000587544  0.000204892   -0.000196488  0.000358794     -0.0000627866 -0.000196488  0.000246604   -0.000381216    0.000109703   0.000358794   -0.000381216  0.000677469
0.00847064    0.00427054    0.000109703   0.00241558      0.00427054    0.0111557     -0.00320161   0.00665947      0.000109703   -0.00320161   0.00806886    -0.00350607     0.00241558    0.00665947    -0.00350607   0.012245

0.0285934     0.0097623     0.0000587544  0.00427054      0.0097623     0.0334729     -0.00779068   0.0139465       0.0000587544  -0.00779054   0.0283207     -0.00669027     0.00427054    0.0139465     -0.00669027   0.0351244
0.176426      0.0334729     0.000204892   0.0111535       0.0334729     0.189161      -0.0268021    0.0446106       0.000204892   -0.0268021    0.175667      -0.01744        0.0111535     0.0446106     -0.01744      0.192446
-0.0232789    -0.00779061   -0.000196488  -0.00320161     -0.00779049   -0.0268021    0.00586318    -0.0105338      -0.000196488  0.00586318    -0.0225512    0.00453055      -0.00320161   -0.0105338    0.00453055    -0.0271008
0.0372924     0.0139465     0.000358794   0.00665947      0.0139465     0.0446106     -0.0105337    0.020251        0.000358794   -0.0105337    0.0360733     -0.00965427     0.00665947    0.020251      -0.00965427   0.046822

0.0000218026  0.0000587544  -0.0000627866 0.000109703     0.0000587544  0.000204892   -0.000196488  0.000358794     -0.0000627866 -0.000196488  0.000246604   -0.000381216    0.000109703   0.000358794   -0.000381216  0.000677469
-0.0232789    -0.00779061   -0.000196488  -0.00320161     -0.00779061   -0.0268021    0.00586318    -0.0105338      -0.000196488  0.00586318    -0.0225512    0.00453055      -0.00320161   -0.0105338    0.00453055    -0.0271008
0.166567      0.0283207     0.000247507   0.00806886      0.0283207     0.175667      -0.0225512    0.0360733       0.000247507   -0.0225512    0.165792      -0.0124615      0.00806886    0.0360733     -0.0124615    0.176723
-0.0137203    -0.00669027   -0.000381216  -0.00350605     -0.00669027   -0.01744      0.00453055    -0.00965427     -0.000381216  0.00453055    -0.0124615    0.00456597      -0.00350609   -0.00965427   0.00456597    -0.0179654

0.00847064    0.00427054    0.000109703   0.00241558      0.00427054    0.0111557     -0.00320161   0.00665947      0.000109703   -0.00320161   0.00806886    -0.00350607     0.00241558    0.00665947    -0.00350607   0.012245
0.0372924     0.0139465     0.000358794   0.00665947      0.0139465     0.0446106     -0.0105337    0.020251        0.000358794   -0.0105337    0.0360733     -0.00965427     0.00665947    0.020251      -0.00965427   0.046822
-0.0137203    -0.00669027   -0.000381216  -0.00350605     -0.00669027   -0.01744      0.00453055    -0.00965427     -0.000381216  0.00453055    -0.0124615    0.00456597      -0.00350609   -0.00965427   0.00456597    -0.0179654
0.178828      0.0351244     0.000677469   0.012245        0.0351244     0.192446      -0.0271008    0.046822        0.000677469   -0.0271008    0.176723      -0.0179654      0.012245      0.046822      -0.0179654    0.195148


    Hamiltonian Matrix AC:    < psi_{i1,A} <psi_{i2,C} | V_e-e | psi_{i3,A} <psi_{i4,C} >

HijkAC: {{{{0.0833333933, -0.007152839449, 0.0000001218609448, 0.001063512485}, {0.007152839449, -0.001227932705, 0., 0.0002739012901}, {0.0000001222721631, 0., 0.00000003706814736, 0.}, {0.001063512485, -0.0002739012901, 0., 0.00008149218197}}, {{-0.007152839449, 0.08456201947, 0.005840354704, -0.008533310347}, {-0.001227932705, 0.007469092061, 0.00100267553, -0.001511925251}, {0., 0.000000147671958, -0.00000005519017378, -0.00000001251004831}, {-0.0002739012901, 0.001157687228, 0.0002235652631, -0.0003512539422}}, {{0.0000001218609448, 0.005840354704, 0.08333340657, -0.001736671206}, {0., 0.00100267553, 0.007152980007, -0.0004471850944}, {0.00000003706814736, -0.00000005519017381, 0.00000003358809125, -0.0000000626372807}, {0., 0.0002235652631, 0.001063475529, -0.0001329534717}}, {{0.001063512485, -0.008533310347, -0.001736671206, 0.08464329921}, {0.0002739012901, -0.001511925251, -0.0004471850944, 0.007503987366}, {0., -0.00000001251004831, -0.0000000626372807, 0.0000001726046324}, {0.00008149218197, -0.0003512539422, -0.0001329534717, 0.001173205353}}}, {{{0.007152839449, -0.001227932705, 0., 0.0002739012901}, {0.08456201947, -0.007469092061, 0.000000147671958, 0.001157689429}, {-0.005840354704, 0.00100267568, 0.00000005519017383, -0.0002235652631}, {0.008533310347, -0.001511925251, 0.0000000125100483, 0.0003512539422}}, {{-0.001227932705, 0.007469092061, 0.001002675526, -0.001511925251}, {-0.007469092061, 0.08589953782, 0.006098416067, -0.008938199949}, {0.001002675688, -0.006098416067, -0.0008187858684, 0.001234433573}, {-0.001511925251, 0.008938199949, 0.001234433573, -0.001872371306}}, {{0., 0.00100267553, 0.007152980007, -0.0004471850944}, {0.000000147671958, 0.006098416067, 0.0845622014, -0.001890411602}, {0.00000005519017383, -0.0008187858684, -0.005840478174, 0.0003650299218}, {0.0000000125100483, 0.001234433573, 0.008533275574, -0.000573406445}}, {{0.0002739012901, -0.001511925251, -0.0004471850944, 0.007503987366}, {0.001157687214, -0.008938199949, -0.001890411602, 0.0859994706}, {-0.0002235652631, 0.001234433573, 0.0003650299218, -0.006127269243}, {0.0003512539422, -0.001872371306, -0.000573406445, 0.008988294514}}}, {{{0.0000001222721631, 0., 0.00000003706814736, 0.}, {-0.005840354704, 0.00100267568, 0.00000005519017378, -0.0002235652631}, {0.08333340756, -0.007152980007, 0.00000003648021374, 0.001063475529}, {-0.001736671206, 0.0004471850944, -0.00000006263728069, -0.0001329482795}}, {{0., 0.000000147671958, -0.00000005519017378, -0.00000001251004831}, {0.00100267568, -0.006098416067, -0.0008187858684, 0.001234433573}, {-0.007152980007, 0.0845622014, 0.005840478174, -0.008533275574}, {0.0004471850944, -0.001890411602, -0.0003650299218, 0.000573406445}}, {{0.00000003706814736, -0.00000005519017381, 0.00000003358809125, -0.0000000626372807}, {0.00000005519017378, -0.0008187858684, -0.005840478174, 0.0003650299218}, {0.00000003648021374, 0.005840478174, 0.08333411198, -0.001736688386}, {-0.00000006263728069, -0.0003650299218, -0.001736688386, 0.0002172225165}}, {{0., -0.00000001251004831, -0.0000000626372807, 0.0000001726046323}, {-0.0002235652631, 0.001234433573, 0.0003650299218, -0.006127269243}, {0.001063475529, -0.008533275574, -0.001736688386, 0.08464363784}, {-0.0001329535444, 0.000573406445, 0.0002172225165, -0.001914620253}}}, {{{0.001063512485, -0.0002739012901, 0., 0.00008149218197}, {0.008533310347, -0.001511925251, 0.0000000125100483, 0.0003512539422}, {-0.001736671206, 0.0004471850944, -0.00000006263728069, -0.0001329482795}, {0.08464329921, -0.007503987366, 0.0000001726046324, 0.001173205353}}, {{-0.0002739012901, 0.001157689765, 0.0002235652631, -0.0003512539422}, {-0.001511925251, 0.008938199949, 0.001234433573, -0.001872371306}, {0.0004471850944, -0.001890411602, -0.0003650299218, 0.000573406445}, {-0.007503987366, 0.0859994706, 0.006127269243, -0.008988294514}}, {{0., 0.0002235652631, 0.001063475529, -0.0001329482081}, {0.0000000125100483, 0.001234433573, 0.008533275574, -0.000573406445}, {-0.00000006263728069, -0.0003650299218, -0.001736688386, 0.0002172225165}, {0.0000001726046323, 0.006127269243, 0.08464363784, -0.001914620253}}, {{0.00008149218197, -0.0003512539422, -0.0001329482081, 0.001173205353}, {0.0003512539422, -0.001872371306, -0.000573406445, 0.008988294514}, {-0.0001329535444, 0.000573406445, 0.0002172225165, -0.001914620253}, {0.001173205353, -0.008988294514, -0.001914620253, 0.0861063828}}}}
0.0833334    -0.00715284  0.           0.00106351     -0.00715284  0.084562     0.00584035   -0.00853331    0.           0.00584035   0.0833334    -0.00173667    0.00106351   -0.00853331  -0.00173667  0.0846433
0.00715284   -0.00122793  0.           0.000273901    -0.00122793  0.00746909   0.00100268   -0.00151193    0.           0.00100268   0.00715298   -0.000447185   0.000273901  -0.00151193  -0.000447185 0.00750399
0.           0.           0.           0.             0.           0.           0.           0.             0.           0.           0.           0.             0.           0.           0.           0.
0.00106351   -0.000273901 0.           0.0000814922   -0.000273901 0.00115769   0.000223565  -0.000351254   0.           0.000223565  0.00106348   -0.000132953   0.0000814922 -0.000351254 -0.000132953 0.00117321

0.00715284   -0.00122793  0.           0.000273901    -0.00122793  0.00746909   0.00100268   -0.00151193    0.           0.00100268   0.00715298   -0.000447185   0.000273901  -0.00151193  -0.000447185 0.00750399
0.084562     -0.00746909  0.           0.00115769     -0.00746909  0.0858995    0.00609842   -0.0089382     0.           0.00609842   0.0845622    -0.00189041    0.00115769   -0.0089382   -0.00189041  0.0859995
-0.00584035  0.00100268   0.           -0.000223565   0.00100268   -0.00609842  -0.000818786 0.00123443     0.           -0.000818786 -0.00584048  0.00036503     -0.000223565 0.00123443   0.00036503   -0.00612727
0.00853331   -0.00151193  0.           0.000351254    -0.00151193  0.0089382    0.00123443   -0.00187237    0.           0.00123443   0.00853328   -0.000573406   0.000351254  -0.00187237  -0.000573406 0.00898829

0.           0.           0.           0.             0.           0.           0.           0.             0.           0.           0.           0.             0.           0.           0.           0.
-0.00584035  0.00100268   0.           -0.000223565   0.00100268   -0.00609842  -0.000818786 0.00123443     0.           -0.000818786 -0.00584048  0.00036503     -0.000223565 0.00123443   0.00036503   -0.00612727
0.0833334    -0.00715298  0.           0.00106348     -0.00715298  0.0845622    0.00584048   -0.00853328    0.           0.00584048   0.0833341    -0.00173669    0.00106348   -0.00853328  -0.00173669  0.0846436
-0.00173667  0.000447185  0.           -0.000132948   0.000447185  -0.00189041  -0.00036503  0.000573406    0.           -0.00036503  -0.00173669  0.000217223    -0.000132954 0.000573406  0.000217223  -0.00191462

0.00106351   -0.000273901 0.           0.0000814922   -0.000273901 0.00115769   0.000223565  -0.000351254   0.           0.000223565  0.00106348   -0.000132948   0.0000814922 -0.000351254 -0.000132948 0.00117321
0.00853331   -0.00151193  0.           0.000351254    -0.00151193  0.0089382    0.00123443   -0.00187237    0.           0.00123443   0.00853328   -0.000573406   0.000351254  -0.00187237  -0.000573406 0.00898829
-0.00173667  0.000447185  0.           -0.000132948   0.000447185  -0.00189041  -0.00036503  0.000573406    0.           -0.00036503  -0.00173669  0.000217223    -0.000132954 0.000573406  0.000217223  -0.00191462
0.0846433    -0.00750399  0.           0.00117321     -0.00750399  0.0859995    0.00612727   -0.00898829    0.           0.00612727   0.0846436    -0.00191462    0.00117321   -0.00898829  -0.00191462  0.0861064


    Hamiltonian Matrix BA:    < psi_{i1,B} <psi_{i2,A} | V_e-e | psi_{i3,B} <psi_{i4,A} >

HijkBA: {{{{0.1666609154, 0.0285934157, 0.00002184143701, 0.008470640207}, {0.0285934157, 0.009762297731, 0.00005875436114, 0.004270537937}, {0.00002180258422, 0.00005875436114, -0.00006278657711, 0.000109702598}, {0.008470640207, 0.004270537937, 0.000109702598, 0.00241558142}}, {{0.0285934157, 0.1764263056, -0.02327892434, 0.03729241843}, {0.009762297731, 0.03347289834, -0.007790542325, 0.01394653233}, {0.00005875436114, 0.0002048923941, -0.0001964877305, 0.0003587939384}, {0.004270537937, 0.01115573197, -0.003201609636, 0.006659474077}}, {{0.00002184143701, -0.02327892434, 0.166566615, -0.01372028298}, {0.00005875436114, -0.007790542325, 0.02832073274, -0.006690273648}, {-0.00006278657711, -0.0001964877305, 0.0002466041494, -0.0003812155154}, {0.000109702598, -0.003201609636, 0.008068862006, -0.003506069536}}, {{0.008470640207, 0.03729241843, -0.01372028298, 0.1788283254}, {0.004270537937, 0.01394653233, -0.006690273648, 0.03512435732}, {0.000109702598, 0.0003587939384, -0.0003812155154, 0.0006774694778}, {0.00241558142, 0.006659474077, -0.003506069536, 0.0122449891}}}, {{{0.0285934157, 0.009762297731, 0.00005875436114, 0.004270537937}, {0.1764263056, 0.03347289834, 0.0002048923941, 0.01115353769}, {-0.02327892434, -0.007790614367, -0.0001964877305, -0.003201609636}, {0.03729241843, 0.01394653233, 0.0003587939384, 0.006659474077}}, {{0.009762297731, 0.03347289834, -0.007790684164, 0.01394653233}, {0.03347289834, 0.1891611386, -0.02680213462, 0.04461063599}, {-0.007790492852, -0.02680213462, 0.005863181541, -0.01053375747}, {0.01394653233, 0.04461063599, -0.01053368025, 0.02025098401}}, {{0.00005875436114, -0.007790542325, 0.02832073274, -0.006690273648}, {0.0002048923941, -0.02680213462, 0.1756668341, -0.01743995532}, {-0.0001964877305, 0.005863181541, -0.02255120421, 0.004530552835}, {0.0003587939384, -0.01053368025, 0.0360732837, -0.009654273634}}, {{0.004270537937, 0.01394653233, -0.006690273648, 0.03512435732}, {0.01115353769, 0.04461063599, -0.01743995532, 0.1924462474}, {-0.003201609636, -0.01053375747, 0.004530552835, -0.02710080753}, {0.006659474077, 0.02025098401, -0.009654273634, 0.04682202091}}}, {{{0.00002180258422, 0.00005875436114, -0.00006278657711, 0.000109702598}, {-0.02327892434, -0.007790614367, -0.0001964877305, -0.003201609636}, {0.1665670984, 0.02832073274, 0.0002475068245, 0.008068862006}, {-0.01372028298, -0.006690273648, -0.0003812155154, -0.003506053834}}, {{0.00005875436114, 0.0002048923941, -0.0001964877305, 0.0003587939384}, {-0.007790614367, -0.02680213462, 0.005863181541, -0.01053375747}, {0.02832073274, 0.1756668341, -0.02255120421, 0.0360732837}, {-0.006690273648, -0.01743995532, 0.004530552835, -0.009654273634}}, {{-0.00006278657711, -0.0001964877305, 0.0002466041494, -0.0003812155154}, {-0.0001964877305, 0.005863181541, -0.02255120421, 0.004530552835}, {0.0002475068245, -0.02255120421, 0.1657922761, -0.01246150378}, {-0.0003812155154, 0.004530552835, -0.01246150378, 0.004565973089}}, {{0.000109702598, 0.0003587939384, -0.0003812155154, 0.0006774694778}, {-0.003201609636, -0.01053375747, 0.004530552835, -0.02710080753}, {0.008068862006, 0.0360732837, -0.01246150378, 0.1767228901}, {-0.003506088091, -0.009654273634, 0.004565973089, -0.01796543482}}}, {{{0.008470640207, 0.004270537937, 0.000109702598, 0.00241558142}, {0.03729241843, 0.01394653233, 0.0003587939384, 0.006659474077}, {-0.01372028298, -0.006690273648, -0.0003812155154, -0.003506053834}, {0.1788283254, 0.03512435732, 0.0006774694778, 0.0122449891}}, {{0.004270537937, 0.01115573197, -0.003201609636, 0.006659474077}, {0.01394653233, 0.04461063599, -0.01053368025, 0.02025098401}, {-0.006690273648, -0.01743995532, 0.004530552835, -0.009654273634}, {0.03512435732, 0.1924462474, -0.02710080753, 0.04682202091}}, {{0.000109702598, -0.003201609636, 0.008068862006, -0.003506069559}, {0.0003587939384, -0.01053368025, 0.0360732837, -0.009654273634}, {-0.0003812155154, 0.004530552835, -0.01246150378, 0.004565973089}, {0.0006774694778, -0.02710080753, 0.1767228901, -0.01796543482}}, {{0.00241558142, 0.006659474077, -0.003506069559, 0.0122449891}, {0.006659474077, 0.02025098401, -0.009654273634, 0.04682202091}, {-0.003506088091, -0.009654273634, 0.004565973089, -0.01796543482}, {0.0122449891, 0.04682202091, -0.01796543482, 0.1951479918}}}}
0.166661      0.0285934     0.0000218414  0.00847064      0.0285934     0.176426      -0.0232789    0.0372924       0.0000218414  -0.0232789    0.166567      -0.0137203      0.00847064    0.0372924     -0.0137203    0.178828
0.0285934     0.0097623     0.0000587544  0.00427054      0.0097623     0.0334729     -0.00779054   0.0139465       0.0000587544  -0.00779054   0.0283207     -0.00669027     0.00427054    0.0139465     -0.00669027   0.0351244
0.0000218026  0.0000587544  -0.0000627866 0.000109703     0.0000587544  0.000204892   -0.000196488  0.000358794     -0.0000627866 -0.000196488  0.000246604   -0.000381216    0.000109703   0.000358794   -0.000381216  0.000677469
0.00847064    0.00427054    0.000109703   0.00241558      0.00427054    0.0111557     -0.00320161   0.00665947      0.000109703   -0.00320161   0.00806886    -0.00350607     0.00241558    0.00665947    -0.00350607   0.012245

0.0285934     0.0097623     0.0000587544  0.00427054      0.0097623     0.0334729     -0.00779068   0.0139465       0.0000587544  -0.00779054   0.0283207     -0.00669027     0.00427054    0.0139465     -0.00669027   0.0351244
0.176426      0.0334729     0.000204892   0.0111535       0.0334729     0.189161      -0.0268021    0.0446106       0.000204892   -0.0268021    0.175667      -0.01744        0.0111535     0.0446106     -0.01744      0.192446
-0.0232789    -0.00779061   -0.000196488  -0.00320161     -0.00779049   -0.0268021    0.00586318    -0.0105338      -0.000196488  0.00586318    -0.0225512    0.00453055      -0.00320161   -0.0105338    0.00453055    -0.0271008
0.0372924     0.0139465     0.000358794   0.00665947      0.0139465     0.0446106     -0.0105337    0.020251        0.000358794   -0.0105337    0.0360733     -0.00965427     0.00665947    0.020251      -0.00965427   0.046822

0.0000218026  0.0000587544  -0.0000627866 0.000109703     0.0000587544  0.000204892   -0.000196488  0.000358794     -0.0000627866 -0.000196488  0.000246604   -0.000381216    0.000109703   0.000358794   -0.000381216  0.000677469
-0.0232789    -0.00779061   -0.000196488  -0.00320161     -0.00779061   -0.0268021    0.00586318    -0.0105338      -0.000196488  0.00586318    -0.0225512    0.00453055      -0.00320161   -0.0105338    0.00453055    -0.0271008
0.166567      0.0283207     0.000247507   0.00806886      0.0283207     0.175667      -0.0225512    0.0360733       0.000247507   -0.0225512    0.165792      -0.0124615      0.00806886    0.0360733     -0.0124615    0.176723
-0.0137203    -0.00669027   -0.000381216  -0.00350605     -0.00669027   -0.01744      0.00453055    -0.00965427     -0.000381216  0.00453055    -0.0124615    0.00456597      -0.00350609   -0.00965427   0.00456597    -0.0179654

0.00847064    0.00427054    0.000109703   0.00241558      0.00427054    0.0111557     -0.00320161   0.00665947      0.000109703   -0.00320161   0.00806886    -0.00350607     0.00241558    0.00665947    -0.00350607   0.012245
0.0372924     0.0139465     0.000358794   0.00665947      0.0139465     0.0446106     -0.0105337    0.020251        0.000358794   -0.0105337    0.0360733     -0.00965427     0.00665947    0.020251      -0.00965427   0.046822
-0.0137203    -0.00669027   -0.000381216  -0.00350605     -0.00669027   -0.01744      0.00453055    -0.00965427     -0.000381216  0.00453055    -0.0124615    0.00456597      -0.00350609   -0.00965427   0.00456597    -0.0179654
0.178828      0.0351244     0.000677469   0.012245        0.0351244     0.192446      -0.0271008    0.046822        0.000677469   -0.0271008    0.176723      -0.0179654      0.012245      0.046822      -0.0179654    0.195148


    Hamiltonian Matrix BC:    < psi_{i1,B} <psi_{i2,C} | V_e-e | psi_{i3,B} <psi_{i4,C} >

HijkBC: {{{{0.1666609154, -0.0285934157, 0.00002184691166, 0.008470640207}, {-0.0285934157, 0.009762297731, -0.00005875436114, -0.004270537937}, {0.00002179710957, -0.00005875436114, -0.00006278657711, 0.000109702598}, {0.008470640207, -0.004270537937, 0.000109702598, 0.00241558142}}, {{-0.0285934157, 0.1764263056, 0.02327892434, -0.03729241843}, {0.009762297731, -0.03347289834, -0.007790492338, 0.01394653233}, {-0.00005875436114, 0.0002048923941, 0.0001964877305, -0.0003587939384}, {-0.004270537937, 0.01115355745, 0.003201609636, -0.006659474077}}, {{0.00002184691166, 0.02327892434, 0.1665670985, -0.01372028298}, {-0.00005875436114, -0.007790492338, -0.02832073274, 0.006690273648}, {-0.00006278657711, 0.0001964877305, 0.0002461628289, -0.0003812155154}, {0.000109702598, 0.003201609636, 0.008068862006, -0.003506103837}}, {{0.008470640207, -0.03729241843, -0.01372028298, 0.1788283254}, {-0.004270537937, 0.01394653233, 0.006690273648, -0.03512435732}, {0.000109702598, -0.0003587939384, -0.0003812155154, 0.0006774694778}, {0.00241558142, -0.006659474077, -0.003506103837, 0.0122449891}}}, {{{-0.0285934157, 0.009762297731, -0.00005875436114, -0.004270537937}, {0.1764263056, -0.03347289834, 0.0002048923941, 0.01115573607}, {0.02327892434, -0.007790664353, 0.0001964877305, 0.003201609636}, {-0.03729241843, 0.01394653233, -0.0003587939384, -0.006659474077}}, {{0.009762297731, -0.03347289834, -0.007790472466, 0.01394653233}, {-0.03347289834, 0.1891611386, 0.02680213462, -0.04461063599}, {-0.007790684225, 0.02680213462, 0.005863181541, -0.01053261238}, {0.01394653233, -0.04461063599, -0.01053261238, 0.02025098401}}, {{-0.00005875436114, -0.007790492338, -0.02832073274, 0.006690273648}, {0.0002048923941, 0.02680213462, 0.1756668341, -0.01743995532}, {0.0001964877305, 0.005863181541, 0.02255120421, -0.004530552835}, {-0.0003587939384, -0.01053261238, -0.0360732837, 0.009654273634}}, {{-0.004270537937, 0.01394653233, 0.006690273648, -0.03512435732}, {0.01115573607, -0.04461063599, -0.01743995532, 0.1924462474}, {0.003201609636, -0.01053261238, -0.004530552835, 0.02710080753}, {-0.006659474077, 0.02025098401, 0.009654273634, -0.04682202091}}}, {{{0.00002179710957, -0.00005875436114, -0.00006278657711, 0.000109702598}, {0.02327892434, -0.007790664353, 0.0001964877305, 0.003201609636}, {0.1665666149, -0.02832073274, 0.0002476543979, 0.008068862006}, {-0.01372028298, 0.006690273648, -0.0003812155154, -0.003506053812}}, {{-0.00005875436114, 0.0002048923941, 0.0001964877305, -0.0003587939384}, {-0.007790664353, 0.02680213462, 0.005863181541, -0.01053261238}, {-0.02832073274, 0.1756668341, 0.02255120421, -0.0360732837}, {0.006690273648, -0.01743995532, -0.004530552835, 0.009654273634}}, {{-0.00006278657711, 0.0001964877305, 0.0002461628289, -0.0003812155154}, {0.0001964877305, 0.005863181541, 0.02255120421, -0.004530552835}, {0.0002476543979, 0.02255120421, 0.1657922761, -0.01246150378}, {-0.0003812155154, -0.004530552835, -0.01246150378, 0.004565973089}}, {{0.000109702598, -0.0003587939384, -0.0003812155154, 0.0006774694778}, {0.003201609636, -0.01053261238, -0.004530552835, 0.02710080753}, {0.008068862006, -0.0360732837, -0.01246150378, 0.1767228901}, {-0.003506088118, 0.009654273634, 0.004565973089, -0.01796543482}}}, {{{0.008470640207, -0.004270537937, 0.000109702598, 0.00241558142}, {-0.03729241843, 0.01394653233, -0.0003587939384, -0.006659474077}, {-0.01372028298, 0.006690273648, -0.0003812155154, -0.003506053812}, {0.1788283254, -0.03512435732, 0.0006774694778, 0.0122449891}}, {{-0.004270537937, 0.01115353956, 0.003201609636, -0.006659474077}, {0.01394653233, -0.04461063599, -0.01053261238, 0.02025098401}, {0.006690273648, -0.01743995532, -0.004530552835, 0.009654273634}, {-0.03512435732, 0.1924462474, 0.02710080753, -0.04682202091}}, {{0.000109702598, 0.003201609636, 0.008068862006, -0.003506069532}, {-0.0003587939384, -0.01053261238, -0.0360732837, 0.009654273634}, {-0.0003812155154, -0.004530552835, -0.01246150378, 0.004565973089}, {0.0006774694778, 0.02710080753, 0.1767228901, -0.01796543482}}, {{0.00241558142, -0.006659474077, -0.003506069532, 0.0122449891}, {-0.006659474077, 0.02025098401, 0.009654273634, -0.04682202091}, {-0.003506088118, 0.009654273634, 0.004565973089, -0.01796543482}, {0.0122449891, -0.04682202091, -0.01796543482, 0.1951479918}}}}
0.166661      -0.0285934    0.0000218469  0.00847064      -0.0285934    0.176426      0.0232789     -0.0372924      0.0000218469  0.0232789     0.166567      -0.0137203      0.00847064    -0.0372924    -0.0137203    0.178828
-0.0285934    0.0097623     -0.0000587544 -0.00427054     0.0097623     -0.0334729    -0.00779049   0.0139465       -0.0000587544 -0.00779049   -0.0283207    0.00669027      -0.00427054   0.0139465     0.00669027    -0.0351244
0.0000217971  -0.0000587544 -0.0000627866 0.000109703     -0.0000587544 0.000204892   0.000196488   -0.000358794    -0.0000627866 0.000196488   0.000246163   -0.000381216    0.000109703   -0.000358794  -0.000381216  0.000677469
0.00847064    -0.00427054   0.000109703   0.00241558      -0.00427054   0.0111536     0.00320161    -0.00665947     0.000109703   0.00320161    0.00806886    -0.0035061      0.00241558    -0.00665947   -0.0035061    0.012245

-0.0285934    0.0097623     -0.0000587544 -0.00427054     0.0097623     -0.0334729    -0.00779047   0.0139465       -0.0000587544 -0.00779049   -0.0283207    0.00669027      -0.00427054   0.0139465     0.00669027    -0.0351244
0.176426      -0.0334729    0.000204892   0.0111557       -0.0334729    0.189161      0.0268021     -0.0446106      0.000204892   0.0268021     0.175667      -0.01744        0.0111557     -0.0446106    -0.01744      0.192446
0.0232789     -0.00779066   0.000196488   0.00320161      -0.00779068   0.0268021     0.00586318    -0.0105326      0.000196488   0.00586318    0.0225512     -0.00453055     0.00320161    -0.0105326    -0.00453055   0.0271008
-0.0372924    0.0139465     -0.000358794  -0.00665947     0.0139465     -0.0446106    -0.0105326    0.020251        -0.000358794  -0.0105326    -0.0360733    0.00965427      -0.00665947   0.020251      0.00965427    -0.046822

0.0000217971  -0.0000587544 -0.0000627866 0.000109703     -0.0000587544 0.000204892   0.000196488   -0.000358794    -0.0000627866 0.000196488   0.000246163   -0.000381216    0.000109703   -0.000358794  -0.000381216  0.000677469
0.0232789     -0.00779066   0.000196488   0.00320161      -0.00779066   0.0268021     0.00586318    -0.0105326      0.000196488   0.00586318    0.0225512     -0.00453055     0.00320161    -0.0105326    -0.00453055   0.0271008
0.166567      -0.0283207    0.000247654   0.00806886      -0.0283207    0.175667      0.0225512     -0.0360733      0.000247654   0.0225512     0.165792      -0.0124615      0.00806886    -0.0360733    -0.0124615    0.176723
-0.0137203    0.00669027    -0.000381216  -0.00350605     0.00669027    -0.01744      -0.00453055   0.00965427      -0.000381216  -0.00453055   -0.0124615    0.00456597      -0.00350609   0.00965427    0.00456597    -0.0179654

0.00847064    -0.00427054   0.000109703   0.00241558      -0.00427054   0.0111535     0.00320161    -0.00665947     0.000109703   0.00320161    0.00806886    -0.00350607     0.00241558    -0.00665947   -0.00350607   0.012245
-0.0372924    0.0139465     -0.000358794  -0.00665947     0.0139465     -0.0446106    -0.0105326    0.020251        -0.000358794  -0.0105326    -0.0360733    0.00965427      -0.00665947   0.020251      0.00965427    -0.046822
-0.0137203    0.00669027    -0.000381216  -0.00350605     0.00669027    -0.01744      -0.00453055   0.00965427      -0.000381216  -0.00453055   -0.0124615    0.00456597      -0.00350609   0.00965427    0.00456597    -0.0179654
0.178828      -0.0351244    0.000677469   0.012245        -0.0351244    0.192446      0.0271008     -0.046822       0.000677469   0.0271008     0.176723      -0.0179654      0.012245      -0.046822     -0.0179654    0.195148


    Hamiltonian Matrix CA:    < psi_{i1,C} <psi_{i2,A} | V_e-e | psi_{i3,C} <psi_{i4,A} >

HijkCA: {{{{0.0833333933, -0.007152839449, 0.0000001218609448, 0.001063512485}, {0.007152839449, -0.001227932705, 0., 0.0002739012901}, {0.0000001222721631, 0., 0.00000003706814736, 0.}, {0.001063512485, -0.0002739012901, 0., 0.00008149218197}}, {{-0.007152839449, 0.08456201947, 0.005840354704, -0.008533310347}, {-0.001227932705, 0.007469092061, 0.00100267553, -0.001511925251}, {0., 0.000000147671958, -0.00000005519017378, -0.00000001251004831}, {-0.0002739012901, 0.001157687228, 0.0002235652631, -0.0003512539422}}, {{0.0000001218609448, 0.005840354704, 0.08333340657, -0.001736671206}, {0., 0.00100267553, 0.007152980007, -0.0004471850944}, {0.00000003706814736, -0.00000005519017381, 0.00000003358809125, -0.0000000626372807}, {0., 0.0002235652631, 0.001063475529, -0.0001329534717}}, {{0.001063512485, -0.008533310347, -0.001736671206, 0.08464329921}, {0.0002739012901, -0.001511925251, -0.0004471850944, 0.007503987366}, {0., -0.00000001251004831, -0.0000000626372807, 0.0000001726046324}, {0.00008149218197, -0.0003512539422, -0.0001329534717, 0.001173205353}}}, {{{0.007152839449, -0.001227932705, 0., 0.0002739012901}, {0.08456201947, -0.007469092061, 0.000000147671958, 0.001157689429}, {-0.005840354704, 0.00100267568, 0.00000005519017383, -0.0002235652631}, {0.008533310347, -0.001511925251, 0.0000000125100483, 0.0003512539422}}, {{-0.001227932705, 0.007469092061, 0.001002675526, -0.001511925251}, {-0.007469092061, 0.08589953782, 0.006098416067, -0.008938199949}, {0.001002675688, -0.006098416067, -0.0008187858684, 0.001234433573}, {-0.001511925251, 0.008938199949, 0.001234433573, -0.001872371306}}, {{0., 0.00100267553, 0.007152980007, -0.0004471850944}, {0.000000147671958, 0.006098416067, 0.0845622014, -0.001890411602}, {0.00000005519017383, -0.0008187858684, -0.005840478174, 0.0003650299218}, {0.0000000125100483, 0.001234433573, 0.008533275574, -0.000573406445}}, {{0.0002739012901, -0.001511925251, -0.0004471850944, 0.007503987366}, {0.001157687214, -0.008938199949, -0.001890411602, 0.0859994706}, {-0.0002235652631, 0.001234433573, 0.0003650299218, -0.006127269243}, {0.0003512539422, -0.001872371306, -0.000573406445, 0.008988294514}}}, {{{0.0000001222721631, 0., 0.00000003706814736, 0.}, {-0.005840354704, 0.00100267568, 0.00000005519017378, -0.0002235652631}, {0.08333340756, -0.007152980007, 0.00000003648021374, 0.001063475529}, {-0.001736671206, 0.0004471850944, -0.00000006263728069, -0.0001329482795}}, {{0., 0.000000147671958, -0.00000005519017378, -0.00000001251004831}, {0.00100267568, -0.006098416067, -0.0008187858684, 0.001234433573}, {-0.007152980007, 0.0845622014, 0.005840478174, -0.008533275574}, {0.0004471850944, -0.001890411602, -0.0003650299218, 0.000573406445}}, {{0.00000003706814736, -0.00000005519017381, 0.00000003358809125, -0.0000000626372807}, {0.00000005519017378, -0.0008187858684, -0.005840478174, 0.0003650299218}, {0.00000003648021374, 0.005840478174, 0.08333411198, -0.001736688386}, {-0.00000006263728069, -0.0003650299218, -0.001736688386, 0.0002172225165}}, {{0., -0.00000001251004831, -0.0000000626372807, 0.0000001726046323}, {-0.0002235652631, 0.001234433573, 0.0003650299218, -0.006127269243}, {0.001063475529, -0.008533275574, -0.001736688386, 0.08464363784}, {-0.0001329535444, 0.000573406445, 0.0002172225165, -0.001914620253}}}, {{{0.001063512485, -0.0002739012901, 0., 0.00008149218197}, {0.008533310347, -0.001511925251, 0.0000000125100483, 0.0003512539422}, {-0.001736671206, 0.0004471850944, -0.00000006263728069, -0.0001329482795}, {0.08464329921, -0.007503987366, 0.0000001726046324, 0.001173205353}}, {{-0.0002739012901, 0.001157689765, 0.0002235652631, -0.0003512539422}, {-0.001511925251, 0.008938199949, 0.001234433573, -0.001872371306}, {0.0004471850944, -0.001890411602, -0.0003650299218, 0.000573406445}, {-0.007503987366, 0.0859994706, 0.006127269243, -0.008988294514}}, {{0., 0.0002235652631, 0.001063475529, -0.0001329482081}, {0.0000000125100483, 0.001234433573, 0.008533275574, -0.000573406445}, {-0.00000006263728069, -0.0003650299218, -0.001736688386, 0.0002172225165}, {0.0000001726046323, 0.006127269243, 0.08464363784, -0.001914620253}}, {{0.00008149218197, -0.0003512539422, -0.0001329482081, 0.001173205353}, {0.0003512539422, -0.001872371306, -0.000573406445, 0.008988294514}, {-0.0001329535444, 0.000573406445, 0.0002172225165, -0.001914620253}, {0.001173205353, -0.008988294514, -0.001914620253, 0.0861063828}}}}
0.0833334    -0.00715284  0.           0.00106351     -0.00715284  0.084562     0.00584035   -0.00853331    0.           0.00584035   0.0833334    -0.00173667    0.00106351   -0.00853331  -0.00173667  0.0846433
0.00715284   -0.00122793  0.           0.000273901    -0.00122793  0.00746909   0.00100268   -0.00151193    0.           0.00100268   0.00715298   -0.000447185   0.000273901  -0.00151193  -0.000447185 0.00750399
0.           0.           0.           0.             0.           0.           0.           0.             0.           0.           0.           0.             0.           0.           0.           0.
0.00106351   -0.000273901 0.           0.0000814922   -0.000273901 0.00115769   0.000223565  -0.000351254   0.           0.000223565  0.00106348   -0.000132953   0.0000814922 -0.000351254 -0.000132953 0.00117321

0.00715284   -0.00122793  0.           0.000273901    -0.00122793  0.00746909   0.00100268   -0.00151193    0.           0.00100268   0.00715298   -0.000447185   0.000273901  -0.00151193  -0.000447185 0.00750399
0.084562     -0.00746909  0.           0.00115769     -0.00746909  0.0858995    0.00609842   -0.0089382     0.           0.00609842   0.0845622    -0.00189041    0.00115769   -0.0089382   -0.00189041  0.0859995
-0.00584035  0.00100268   0.           -0.000223565   0.00100268   -0.00609842  -0.000818786 0.00123443     0.           -0.000818786 -0.00584048  0.00036503     -0.000223565 0.00123443   0.00036503   -0.00612727
0.00853331   -0.00151193  0.           0.000351254    -0.00151193  0.0089382    0.00123443   -0.00187237    0.           0.00123443   0.00853328   -0.000573406   0.000351254  -0.00187237  -0.000573406 0.00898829

0.           0.           0.           0.             0.           0.           0.           0.             0.           0.           0.           0.             0.           0.           0.           0.
-0.00584035  0.00100268   0.           -0.000223565   0.00100268   -0.00609842  -0.000818786 0.00123443     0.           -0.000818786 -0.00584048  0.00036503     -0.000223565 0.00123443   0.00036503   -0.00612727
0.0833334    -0.00715298  0.           0.00106348     -0.00715298  0.0845622    0.00584048   -0.00853328    0.           0.00584048   0.0833341    -0.00173669    0.00106348   -0.00853328  -0.00173669  0.0846436
-0.00173667  0.000447185  0.           -0.000132948   0.000447185  -0.00189041  -0.00036503  0.000573406    0.           -0.00036503  -0.00173669  0.000217223    -0.000132954 0.000573406  0.000217223  -0.00191462

0.00106351   -0.000273901 0.           0.0000814922   -0.000273901 0.00115769   0.000223565  -0.000351254   0.           0.000223565  0.00106348   -0.000132948   0.0000814922 -0.000351254 -0.000132948 0.00117321
0.00853331   -0.00151193  0.           0.000351254    -0.00151193  0.0089382    0.00123443   -0.00187237    0.           0.00123443   0.00853328   -0.000573406   0.000351254  -0.00187237  -0.000573406 0.00898829
-0.00173667  0.000447185  0.           -0.000132948   0.000447185  -0.00189041  -0.00036503  0.000573406    0.           -0.00036503  -0.00173669  0.000217223    -0.000132954 0.000573406  0.000217223  -0.00191462
0.0846433    -0.00750399  0.           0.00117321     -0.00750399  0.0859995    0.00612727   -0.00898829    0.           0.00612727   0.0846436    -0.00191462    0.00117321   -0.00898829  -0.00191462  0.0861064


    Hamiltonian Matrix CB:    < psi_{i1,C} <psi_{i2,B} | V_e-e | psi_{i3,C} <psi_{i4,B} >

HijkCB: {{{{0.1666609154, -0.0285934157, 0.00002184691166, 0.008470640207}, {-0.0285934157, 0.009762297731, -0.00005875436114, -0.004270537937}, {0.00002179710957, -0.00005875436114, -0.00006278657711, 0.000109702598}, {0.008470640207, -0.004270537937, 0.000109702598, 0.00241558142}}, {{-0.0285934157, 0.1764263056, 0.02327892434, -0.03729241843}, {0.009762297731, -0.03347289834, -0.007790492338, 0.01394653233}, {-0.00005875436114, 0.0002048923941, 0.0001964877305, -0.0003587939384}, {-0.004270537937, 0.01115355745, 0.003201609636, -0.006659474077}}, {{0.00002184691166, 0.02327892434, 0.1665670985, -0.01372028298}, {-0.00005875436114, -0.007790492338, -0.02832073274, 0.006690273648}, {-0.00006278657711, 0.0001964877305, 0.0002461628289, -0.0003812155154}, {0.000109702598, 0.003201609636, 0.008068862006, -0.003506103837}}, {{0.008470640207, -0.03729241843, -0.01372028298, 0.1788283254}, {-0.004270537937, 0.01394653233, 0.006690273648, -0.03512435732}, {0.000109702598, -0.0003587939384, -0.0003812155154, 0.0006774694778}, {0.00241558142, -0.006659474077, -0.003506103837, 0.0122449891}}}, {{{-0.0285934157, 0.009762297731, -0.00005875436114, -0.004270537937}, {0.1764263056, -0.03347289834, 0.0002048923941, 0.01115573607}, {0.02327892434, -0.007790664353, 0.0001964877305, 0.003201609636}, {-0.03729241843, 0.01394653233, -0.0003587939384, -0.006659474077}}, {{0.009762297731, -0.03347289834, -0.007790472466, 0.01394653233}, {-0.03347289834, 0.1891611386, 0.02680213462, -0.04461063599}, {-0.007790684225, 0.02680213462, 0.005863181541, -0.01053261238}, {0.01394653233, -0.04461063599, -0.01053261238, 0.02025098401}}, {{-0.00005875436114, -0.007790492338, -0.02832073274, 0.006690273648}, {0.0002048923941, 0.02680213462, 0.1756668341, -0.01743995532}, {0.0001964877305, 0.005863181541, 0.02255120421, -0.004530552835}, {-0.0003587939384, -0.01053261238, -0.0360732837, 0.009654273634}}, {{-0.004270537937, 0.01394653233, 0.006690273648, -0.03512435732}, {0.01115573607, -0.04461063599, -0.01743995532, 0.1924462474}, {0.003201609636, -0.01053261238, -0.004530552835, 0.02710080753}, {-0.006659474077, 0.02025098401, 0.009654273634, -0.04682202091}}}, {{{0.00002179710957, -0.00005875436114, -0.00006278657711, 0.000109702598}, {0.02327892434, -0.007790664353, 0.0001964877305, 0.003201609636}, {0.1665666149, -0.02832073274, 0.0002476543979, 0.008068862006}, {-0.01372028298, 0.006690273648, -0.0003812155154, -0.003506053812}}, {{-0.00005875436114, 0.0002048923941, 0.0001964877305, -0.0003587939384}, {-0.007790664353, 0.02680213462, 0.005863181541, -0.01053261238}, {-0.02832073274, 0.1756668341, 0.02255120421, -0.0360732837}, {0.006690273648, -0.01743995532, -0.004530552835, 0.009654273634}}, {{-0.00006278657711, 0.0001964877305, 0.0002461628289, -0.0003812155154}, {0.0001964877305, 0.005863181541, 0.02255120421, -0.004530552835}, {0.0002476543979, 0.02255120421, 0.1657922761, -0.01246150378}, {-0.0003812155154, -0.004530552835, -0.01246150378, 0.004565973089}}, {{0.000109702598, -0.0003587939384, -0.0003812155154, 0.0006774694778}, {0.003201609636, -0.01053261238, -0.004530552835, 0.02710080753}, {0.008068862006, -0.0360732837, -0.01246150378, 0.1767228901}, {-0.003506088118, 0.009654273634, 0.004565973089, -0.01796543482}}}, {{{0.008470640207, -0.004270537937, 0.000109702598, 0.00241558142}, {-0.03729241843, 0.01394653233, -0.0003587939384, -0.006659474077}, {-0.01372028298, 0.006690273648, -0.0003812155154, -0.003506053812}, {0.1788283254, -0.03512435732, 0.0006774694778, 0.0122449891}}, {{-0.004270537937, 0.01115353956, 0.003201609636, -0.006659474077}, {0.01394653233, -0.04461063599, -0.01053261238, 0.02025098401}, {0.006690273648, -0.01743995532, -0.004530552835, 0.009654273634}, {-0.03512435732, 0.1924462474, 0.02710080753, -0.04682202091}}, {{0.000109702598, 0.003201609636, 0.008068862006, -0.003506069532}, {-0.0003587939384, -0.01053261238, -0.0360732837, 0.009654273634}, {-0.0003812155154, -0.004530552835, -0.01246150378, 0.004565973089}, {0.0006774694778, 0.02710080753, 0.1767228901, -0.01796543482}}, {{0.00241558142, -0.006659474077, -0.003506069532, 0.0122449891}, {-0.006659474077, 0.02025098401, 0.009654273634, -0.04682202091}, {-0.003506088118, 0.009654273634, 0.004565973089, -0.01796543482}, {0.0122449891, -0.04682202091, -0.01796543482, 0.1951479918}}}}
0.166661      -0.0285934    0.0000218469  0.00847064      -0.0285934    0.176426      0.0232789     -0.0372924      0.0000218469  0.0232789     0.166567      -0.0137203      0.00847064    -0.0372924    -0.0137203    0.178828
-0.0285934    0.0097623     -0.0000587544 -0.00427054     0.0097623     -0.0334729    -0.00779049   0.0139465       -0.0000587544 -0.00779049   -0.0283207    0.00669027      -0.00427054   0.0139465     0.00669027    -0.0351244
0.0000217971  -0.0000587544 -0.0000627866 0.000109703     -0.0000587544 0.000204892   0.000196488   -0.000358794    -0.0000627866 0.000196488   0.000246163   -0.000381216    0.000109703   -0.000358794  -0.000381216  0.000677469
0.00847064    -0.00427054   0.000109703   0.00241558      -0.00427054   0.0111536     0.00320161    -0.00665947     0.000109703   0.00320161    0.00806886    -0.0035061      0.00241558    -0.00665947   -0.0035061    0.012245

-0.0285934    0.0097623     -0.0000587544 -0.00427054     0.0097623     -0.0334729    -0.00779047   0.0139465       -0.0000587544 -0.00779049   -0.0283207    0.00669027      -0.00427054   0.0139465     0.00669027    -0.0351244
0.176426      -0.0334729    0.000204892   0.0111557       -0.0334729    0.189161      0.0268021     -0.0446106      0.000204892   0.0268021     0.175667      -0.01744        0.0111557     -0.0446106    -0.01744      0.192446
0.0232789     -0.00779066   0.000196488   0.00320161      -0.00779068   0.0268021     0.00586318    -0.0105326      0.000196488   0.00586318    0.0225512     -0.00453055     0.00320161    -0.0105326    -0.00453055   0.0271008
-0.0372924    0.0139465     -0.000358794  -0.00665947     0.0139465     -0.0446106    -0.0105326    0.020251        -0.000358794  -0.0105326    -0.0360733    0.00965427      -0.00665947   0.020251      0.00965427    -0.046822

0.0000217971  -0.0000587544 -0.0000627866 0.000109703     -0.0000587544 0.000204892   0.000196488   -0.000358794    -0.0000627866 0.000196488   0.000246163   -0.000381216    0.000109703   -0.000358794  -0.000381216  0.000677469
0.0232789     -0.00779066   0.000196488   0.00320161      -0.00779066   0.0268021     0.00586318    -0.0105326      0.000196488   0.00586318    0.0225512     -0.00453055     0.00320161    -0.0105326    -0.00453055   0.0271008
0.166567      -0.0283207    0.000247654   0.00806886      -0.0283207    0.175667      0.0225512     -0.0360733      0.000247654   0.0225512     0.165792      -0.0124615      0.00806886    -0.0360733    -0.0124615    0.176723
-0.0137203    0.00669027    -0.000381216  -0.00350605     0.00669027    -0.01744      -0.00453055   0.00965427      -0.000381216  -0.00453055   -0.0124615    0.00456597      -0.00350609   0.00965427    0.00456597    -0.0179654

0.00847064    -0.00427054   0.000109703   0.00241558      -0.00427054   0.0111535     0.00320161    -0.00665947     0.000109703   0.00320161    0.00806886    -0.00350607     0.00241558    -0.00665947   -0.00350607   0.012245
-0.0372924    0.0139465     -0.000358794  -0.00665947     0.0139465     -0.0446106    -0.0105326    0.020251        -0.000358794  -0.0105326    -0.0360733    0.00965427      -0.00665947   0.020251      0.00965427    -0.046822
-0.0137203    0.00669027    -0.000381216  -0.00350605     0.00669027    -0.01744      -0.00453055   0.00965427      -0.000381216  -0.00453055   -0.0124615    0.00456597      -0.00350609   0.00965427    0.00456597    -0.0179654
0.178828      -0.0351244    0.000677469   0.012245        -0.0351244    0.192446      0.0271008     -0.046822       0.000677469   0.0271008     0.176723      -0.0179654      0.012245      -0.046822     -0.0179654    0.195148


Energy:  {2.82873903}


Coefficients: {{0.9998760808, 0.01573856405, -0.000123660315, 0.0003244494193}, {0.9998858166, -0.01511054314, -0.0001437316735, -0.00006777869329}, {0.9998858166, -0.01511054314, -0.0001437316735, -0.00006777869329}, {0.9998760808, 0.01573856405, -0.000123660315, 0.0003244494193}}


r2: {3.184014913, 3.184077716, 3.184077716, 3.184014913}
r2f: {3.18284615}


r3: {6.979282808, 6.979489141, 6.979489141, 6.979282808}
r3f: {6.975440461}


alpha: {4.502478777, 4.502611887, 4.502611887, 4.502478777}
alphaf: {4.5}




~~~XDM (a1=0.65, a2=3.17474)~~~

M1^2: {3.183373327, 3.183331657, 3.183331657, 3.183373327}
M1f^2: {3.18284615}

M2^2: {16.88975668, 16.88931712, 16.88931712, 16.88975668}
M2f^2: {16.88418269}

M3^2: {125.4549733, 125.4500493, 125.4500493, 125.4549733}
M3f^2: {125.3927637}

C6XDM: {{7.166535422, 7.166594448, 7.166594448, 7.166535422}, {7.166594448, 7.166653479, 7.166653479, 7.166594448}, {7.166594448, 7.166653479, 7.166653479, 7.166594448}, {7.166535422, 7.166594448, 7.166594448, 7.166535422}}
C6XDMf: {7.161403837}

C8XDM: {{114.0686565, 114.0688582, 114.0688582, 114.0686565}, {114.0688582, 114.06906, 114.06906, 114.0688582}, {114.0688582, 114.06906, 114.06906, 114.0688582}, {114.0686565, 114.0688582, 114.0688582, 114.0686565}}
C8XDMf: {113.9682331}

C10XDM: {{1977.003005, 1976.993552, 1976.993552, 1977.003005}, {1976.993552, 1976.984099, 1976.984099, 1976.993552}, {1976.993552, 1976.984099, 1976.984099, 1976.993552}, {1977.003005, 1976.993552, 1976.993552, 1977.003005}}
C10XDMf: {1974.936028}

EXDMC6: {-0.0004658266323}
EXDMC8: {-0.0002042817334}
EXDMC10: {-0.00009815166924}

EXDMBJC6: {-0.0002558619454}
EXDMBJC8: {-0.0001144729757}
EXDMBJC10: {-0.00005634846627}

EXDM: {-0.0007682600349}
EXDMBJ: {-0.0004266833874}




~~~TS (dTS=20, sR=0.62)~~~

C6TS: {{7.169295576, 7.169507527, 7.169507527, 7.169295576}, {7.169507527, 7.169719484, 7.169719484, 7.169507527}, {7.169507527, 7.169719484, 7.169719484, 7.169507527}, {7.169295576, 7.169507527, 7.169507527, 7.169295576}}
C6TSf: {7.161403837}

ETS: {-0.0004660192543}
ETSWY: {-0.0004660130229}




~~~MBD~~~

 alpha: {4.512361554, 4.516602114, 4.516602114, 4.512361554}
  C6ii: {7.188886722, 7.197450986, 7.197450986, 7.188886722}
 omega: {0.4707524579, 0.4704286743, 0.4704286743, 0.4707524579}
lambda: {0.2354265321, 0.2294604942, 0.2294604942, 0.2280447114, 0.223753711, 0.223753711, 0.2182494702, 0.2182494702, 0.2170823023, 0.214358353, 0.214358353, 0.2052684827}
Energy: {-0.0004693669944}

~~~MBD@rsSCS (drsSCS=6, sR=0.62)~~~

 alpha: {4.502487529, 4.502625007, 4.502625007, 4.502487529}
  C6ii: {7.169313009, 7.169745629, 7.169745629, 7.169313009}
 omega: {0.4715320765, 0.4715317344, 0.4715317344, 0.4715320765}
lambda: {0.2359049459, 0.230166511, 0.230166511, 0.2286880501, 0.224472347, 0.224472347, 0.2191695765, 0.2191695765, 0.2180825534, 0.2155609168, 0.2155609168, 0.206693802}
Energy: {-0.0004372661584}




~~~MBDFree1~~~

 alpha: {4.509865811, 4.513965845, 4.513965845, 4.509865811}
  C6ii: {7.180950623, 7.189071002, 7.189071002, 7.180950623}
 omega: {0.4707533698, 0.4704299595, 0.4704299595, 0.4707533698}
lambda: {0.2354196357, 0.2294570035, 0.2294570035, 0.2280420313, 0.2237534187, 0.2237534187, 0.2182522589, 0.2182522589, 0.2170857272, 0.2143634829, 0.2143634829, 0.2052787697}
Energy: {-0.0004688287743}

~~~MBDFree1@rsSCS (drsSCS=6, sR=0.62)~~~

 alpha: {4.500008737, 4.500013098, 4.500013098, 4.500008737}
  C6ii: {7.161421231, 7.161429923, 7.161429923, 7.161421231}
 omega: {0.4715320773, 0.4715317355, 0.4715317355, 0.4715320773}
lambda: {0.235897183, 0.2301620436, 0.2301620436, 0.2286845004, 0.224471159, 0.224471159, 0.2191713526, 0.2191713526, 0.218084932, 0.2155647998, 0.2155647998, 0.2067027397}
Energy: {-0.000436766529}




~~~MBDFree2~~~

 alpha: {4.509865811, 4.513965845, 4.513965845, 4.509865811}
  C6ii: {7.188864329, 7.197418478, 7.197418478, 7.188864329}
 omega: {0.4712721595, 0.4709761918, 0.4709761918, 0.4712721595}
lambda: {0.2359592758, 0.229981639, 0.229981639, 0.2285529696, 0.2242534048, 0.2242534048, 0.2187416872, 0.2187416872, 0.2175712751, 0.2148553123, 0.2148553123, 0.2057485229}
Energy: {-0.0004693638618}

~~~MBDFree2@rsSCS (drsSCS=6, sR=0.62)~~~

 alpha: {4.500008737, 4.500013098, 4.500013098, 4.500008737}
  C6ii: {7.16931299, 7.1697456, 7.1697456, 7.16931299}
 omega: {0.4720516972, 0.4720792666, 0.4720792666, 0.4720516972}
lambda: {0.2364381234, 0.230688588, 0.230688588, 0.2291970398, 0.2249730437, 0.2249730437, 0.2196625515, 0.2196625515, 0.2185725166, 0.2160590945, 0.2160590945, 0.2071755978}
Energy: {-0.0004372650179}




~~~MBD@XDM1~~~

 alpha: {4.511488654, 4.515630396, 4.515630396, 4.511488654}
  C6ii: {7.186110727, 7.194361463, 7.194361463, 7.186110727}
 omega: {0.4707527897, 0.4704291397, 0.4704291397, 0.4707527897}
lambda: {0.2354240211, 0.2294592264, 0.2294592264, 0.2280437652, 0.2237536151, 0.2237536151, 0.2182504689, 0.2182504689, 0.2170835251, 0.2143602185, 0.2143602185, 0.2052722175}
Energy: {-0.0004691718519}

~~~MBD@XDM1@rsSCS (drsSCS=6, sR=0.62)~~~

 alpha: {4.50162072, 4.501662165, 4.501662165, 4.50162072}
  C6ii: {7.166552841, 7.166679602, 7.166679602, 7.166552841}
 omega: {0.4715320768, 0.4715317348, 0.4715317348, 0.4715320768}
lambda: {0.2359021207, 0.230164889, 0.230164889, 0.2286867876, 0.2244719256, 0.2244719256, 0.2191702082, 0.2191702082, 0.2180833973, 0.21556233, 0.21556233, 0.2066970471}
Energy: {-0.0004370850101}




~~~MBD@XDM2~~~

 alpha: {4.512361554, 4.516602114, 4.516602114, 4.512361554}
  C6ii: {7.186118718, 7.194373337, 7.194373337, 7.186118718}
 omega: {0.4705711997, 0.4702275177, 0.4702275177, 0.4705711997}
lambda: {0.2352305578, 0.229270455, 0.229270455, 0.2278633597, 0.2235767471, 0.2235767471, 0.218075579, 0.218075579, 0.2169102577, 0.2141795637, 0.2141795637, 0.2050981697}
Energy: {-0.0004691729874}

~~~MBD@XDM2@rsSCS (drsSCS=6, sR=0.62)~~~

 alpha: {4.502487529, 4.502625007, 4.502625007, 4.502487529}
  C6ii: {7.166552848, 7.166679613, 7.166679613, 7.166552848}
 omega: {0.4713505383, 0.4713300921, 0.4713300921, 0.4713505383}
lambda: {0.2357084254, 0.2299756736, 0.2299756736, 0.2285060709, 0.2242946042, 0.2242946042, 0.2189951612, 0.2189951612, 0.2179098585, 0.2153813323, 0.2153813323, 0.2065224165}
Energy: {-0.0004370854234}




    ENERGY MATRIX: {Non-Interacting, Electron-Nuclear, Electron-Electron, Nuclear-Nuclear, Total Energy}
Oscillator 1 Energy: {0.7074164136, -0.3067910651, 0.1531153544, 0.1527777523, 0.7065184552}
Oscillator 2 Energy: {0.7074071882, -0.4164445315, 0.2094370266, 0.2083332986, 0.7087329819}
Oscillator 3 Energy: {0.7074071882, -0.4186575096, 0.2089956352, 0.2083332986, 0.7060786124}
Oscillator 4 Energy: {0.7074164136, -0.3067910651, 0.1526739629, 0.1527777523, 0.7060770637}
Energy Totals: {2.829647204, -1.448684171, 0.7242219791, 0.7222221019, 2.827407113}


    COEFFICIENT MATRIX: {c1, c2, c5, c6, c11, c14}
Oscillator 1 Cs: {0.9998760808, 0.01573856405, -0.000123660315, 0.0003244494193}
Oscillator 2 Cs: {0.9998858166, -0.01511054314, -0.0001437316735, -0.00006777869329}
Oscillator 3 Cs: {0.9998858166, -0.01511054314, -0.0001437316735, -0.00006777869329}
Oscillator 4 Cs: {0.9998760808, 0.01573856405, -0.000123660315, 0.0003244494193}


    GENERAL RESULTS: {R, E, r2, r2f, r3, r3f, alpha, alphaf}
Oscillator 1 General Results: {6.000001, 2.82873903, 3.184014913, 3.18284615, 6.979282808, 6.975440461, 4.502478777, 4.5}
Oscillator 2 General Results: {6.000001, 2.82873903, 3.184077716, 3.18284615, 6.979489141, 6.975440461, 4.502611887, 4.5}
Oscillator 3 General Results: {6.000001, 2.82873903, 3.184077716, 3.18284615, 6.979489141, 6.975440461, 4.502611887, 4.5}
Oscillator 4 General Results: {6.000001, 2.82873903, 3.184014913, 3.18284615, 6.979282808, 6.975440461, 4.502478777, 4.5}


    XDM RESULTS: {M1^2, M1f^2, M2^2, M2f^2, M3^2, M3f^2, C6XDMii, C6XDMij, C6XDMf, C8XDMii, C8XDMij, C8XDMf, C10XDMii, C10XDMij, C10XDMf, EXDMC6, EXDMC8, EXDMC10, EXDMBJC6, EXDMBJC8, EXDMBJC10, EXDM, EXDMBJ}
Oscillator 1 XDM Results: {3.183373327, 3.18284615, 16.88975668, 16.88418269, 125.4549733, 125.3927637, 7.166535422, {{7.166535422, 7.166594448, 7.166594448, 7.166535422}, {7.166594448, 7.166653479, 7.166653479, 7.166594448}, {7.166594448, 7.166653479, 7.166653479, 7.166594448}, {7.166535422, 7.166594448, 7.166594448, 7.166535422}}, 7.161403837, 114.0686565, {{114.0686565, 114.0688582, 114.0688582, 114.0686565}, {114.0688582, 114.06906, 114.06906, 114.0688582}, {114.0688582, 114.06906, 114.06906, 114.0688582}, {114.0686565, 114.0688582, 114.0688582, 114.0686565}}, 113.9682331, 1977.003005, {{1977.003005, 1976.993552, 1976.993552, 1977.003005}, {1976.993552, 1976.984099, 1976.984099, 1976.993552}, {1976.993552, 1976.984099, 1976.984099, 1976.993552}, {1977.003005, 1976.993552, 1976.993552, 1977.003005}}, 1974.936028, -0.0004658266323, -0.0002042817334, -0.00009815166924, -0.0002558619454, -0.0001144729757, -0.00005634846627, -0.0007682600349, -0.0004266833874}
Oscillator 2 XDM Results: {3.183331657, 3.18284615, 16.88931712, 16.88418269, 125.4500493, 125.3927637, 7.166653479, {{7.166535422, 7.166594448, 7.166594448, 7.166535422}, {7.166594448, 7.166653479, 7.166653479, 7.166594448}, {7.166594448, 7.166653479, 7.166653479, 7.166594448}, {7.166535422, 7.166594448, 7.166594448, 7.166535422}}, 7.161403837, 114.06906, {{114.0686565, 114.0688582, 114.0688582, 114.0686565}, {114.0688582, 114.06906, 114.06906, 114.0688582}, {114.0688582, 114.06906, 114.06906, 114.0688582}, {114.0686565, 114.0688582, 114.0688582, 114.0686565}}, 113.9682331, 1976.984099, {{1977.003005, 1976.993552, 1976.993552, 1977.003005}, {1976.993552, 1976.984099, 1976.984099, 1976.993552}, {1976.993552, 1976.984099, 1976.984099, 1976.993552}, {1977.003005, 1976.993552, 1976.993552, 1977.003005}}, 1974.936028, -0.0004658266323, -0.0002042817334, -0.00009815166924, -0.0002558619454, -0.0001144729757, -0.00005634846627, -0.0007682600349, -0.0004266833874}
Oscillator 3 XDM Results: {3.183331657, 3.18284615, 16.88931712, 16.88418269, 125.4500493, 125.3927637, 7.166653479, {{7.166535422, 7.166594448, 7.166594448, 7.166535422}, {7.166594448, 7.166653479, 7.166653479, 7.166594448}, {7.166594448, 7.166653479, 7.166653479, 7.166594448}, {7.166535422, 7.166594448, 7.166594448, 7.166535422}}, 7.161403837, 114.06906, {{114.0686565, 114.0688582, 114.0688582, 114.0686565}, {114.0688582, 114.06906, 114.06906, 114.0688582}, {114.0688582, 114.06906, 114.06906, 114.0688582}, {114.0686565, 114.0688582, 114.0688582, 114.0686565}}, 113.9682331, 1976.984099, {{1977.003005, 1976.993552, 1976.993552, 1977.003005}, {1976.993552, 1976.984099, 1976.984099, 1976.993552}, {1976.993552, 1976.984099, 1976.984099, 1976.993552}, {1977.003005, 1976.993552, 1976.993552, 1977.003005}}, 1974.936028, -0.0004658266323, -0.0002042817334, -0.00009815166924, -0.0002558619454, -0.0001144729757, -0.00005634846627, -0.0007682600349, -0.0004266833874}
Oscillator 4 XDM Results: {3.183373327, 3.18284615, 16.88975668, 16.88418269, 125.4549733, 125.3927637, 7.166535422, {{7.166535422, 7.166594448, 7.166594448, 7.166535422}, {7.166594448, 7.166653479, 7.166653479, 7.166594448}, {7.166594448, 7.166653479, 7.166653479, 7.166594448}, {7.166535422, 7.166594448, 7.166594448, 7.166535422}}, 7.161403837, 114.0686565, {{114.0686565, 114.0688582, 114.0688582, 114.0686565}, {114.0688582, 114.06906, 114.06906, 114.0688582}, {114.0688582, 114.06906, 114.06906, 114.0688582}, {114.0686565, 114.0688582, 114.0688582, 114.0686565}}, 113.9682331, 1977.003005, {{1977.003005, 1976.993552, 1976.993552, 1977.003005}, {1976.993552, 1976.984099, 1976.984099, 1976.993552}, {1976.993552, 1976.984099, 1976.984099, 1976.993552}, {1977.003005, 1976.993552, 1976.993552, 1977.003005}}, 1974.936028, -0.0004658266323, -0.0002042817334, -0.00009815166924, -0.0002558619454, -0.0001144729757, -0.00005634846627, -0.0007682600349, -0.0004266833874}


    TS RESULTS: {C6TSii, C6TSij, C6TSf, ETS, ETSWY}
Oscillator 1 TS Results: {7.169295576, {{7.169295576, 7.169507527, 7.169507527, 7.169295576}, {7.169507527, 7.169719484, 7.169719484, 7.169507527}, {7.169507527, 7.169719484, 7.169719484, 7.169507527}, {7.169295576, 7.169507527, 7.169507527, 7.169295576}}, 7.161403837, -0.0004660192543, -0.0004660130229}
Oscillator 2 TS Results: {7.169719484, {{7.169295576, 7.169507527, 7.169507527, 7.169295576}, {7.169507527, 7.169719484, 7.169719484, 7.169507527}, {7.169507527, 7.169719484, 7.169719484, 7.169507527}, {7.169295576, 7.169507527, 7.169507527, 7.169295576}}, 7.161403837, -0.0004660192543, -0.0004660130229}
Oscillator 3 TS Results: {7.169719484, {{7.169295576, 7.169507527, 7.169507527, 7.169295576}, {7.169507527, 7.169719484, 7.169719484, 7.169507527}, {7.169507527, 7.169719484, 7.169719484, 7.169507527}, {7.169295576, 7.169507527, 7.169507527, 7.169295576}}, 7.161403837, -0.0004660192543, -0.0004660130229}
Oscillator 4 TS Results: {7.169295576, {{7.169295576, 7.169507527, 7.169507527, 7.169295576}, {7.169507527, 7.169719484, 7.169719484, 7.169507527}, {7.169507527, 7.169719484, 7.169719484, 7.169507527}, {7.169295576, 7.169507527, 7.169507527, 7.169295576}}, 7.161403837, -0.0004660192543, -0.0004660130229}


    MBD RESULTS: {MBD_alpha, MBD_C6, MBD_omega, MBD_Energy, MBDF1_alpha, MBDF1_C6, MBDF1_omega, MBDF1_Energy, MBDF2_alpha, MBDF2_C6, MBDF2_omega, MBDF2_Energy, MBDX1_alpha, MBDX1_C6, MBDX1_omega, MBDX1_Energy, MBDX2_alpha, MBDX2_C6, MBDX2_omega, MBDX2_Energy}
Oscillator 1 MBD Results: {4.512361554, 7.188886722, 0.4707524579, -0.0004693669944, 4.509865811, 7.180950623, 0.4707533698, -0.0004688287743, 4.509865811, 7.188864329, 0.4712721595, -0.0004693638618, 4.511488654, 7.186110727, 0.4707527897, -0.0004691718519, 4.512361554, 7.186118718, 0.4705711997, -0.0004691729874}
Oscillator 2 MBD Results: {4.516602114, 7.197450986, 0.4704286743, -0.0004693669944, 4.513965845, 7.189071002, 0.4704299595, -0.0004688287743, 4.513965845, 7.197418478, 0.4709761918, -0.0004693638618, 4.515630396, 7.194361463, 0.4704291397, -0.0004691718519, 4.516602114, 7.194373337, 0.4702275177, -0.0004691729874}
Oscillator 3 MBD Results: {4.516602114, 7.197450986, 0.4704286743, -0.0004693669944, 4.513965845, 7.189071002, 0.4704299595, -0.0004688287743, 4.513965845, 7.197418478, 0.4709761918, -0.0004693638618, 4.515630396, 7.194361463, 0.4704291397, -0.0004691718519, 4.516602114, 7.194373337, 0.4702275177, -0.0004691729874}
Oscillator 4 MBD Results: {4.512361554, 7.188886722, 0.4707524579, -0.0004693669944, 4.509865811, 7.180950623, 0.4707533698, -0.0004688287743, 4.509865811, 7.188864329, 0.4712721595, -0.0004693638618, 4.511488654, 7.186110727, 0.4707527897, -0.0004691718519, 4.512361554, 7.186118718, 0.4705711997, -0.0004691729874}


    MBDRSSCS RESULTS: {MBDrsSCS_alpha, MBDrsSCS_C6, MBDrsSCS_omega, MBDrsSCS_Energy, MBDF1rsSCS_alpha, MBDF1rsSCS_C6, MBDF1rsSCS_omega, MBDF1rsSCS_Energy, MBDF2rsSCS_alpha, MBDF2rsSCS_C6, MBDF2rsSCS_omega, MBDF2rsSCS_Energy, MBDX1rsSCS_alpha, MBDX1rsSCS_C6, MBDX1rsSCS_omega, MBDX1rsSCS_Energy, MBDX2rsSCS_alpha, MBDX2rsSCS_C6, MBDX2rsSCS_omega, MBDX2rsSCS_Energy}
Oscillator 1 MBDrsSCS Results: {4.502487529, 7.169313009, 0.4715320765, -0.0004372661584, 4.500008737, 7.161421231, 0.4715320773, -0.000436766529, 4.500008737, 7.16931299, 0.4720516972, -0.0004372650179, 4.50162072, 7.166552841, 0.4715320768, -0.0004370850101, 4.502487529, 7.166552848, 0.4713505383, -0.0004370854234}
Oscillator 2 MBDrsSCS Results: {4.502625007, 7.169745629, 0.4715317344, -0.0004372661584, 4.500013098, 7.161429923, 0.4715317355, -0.000436766529, 4.500013098, 7.1697456, 0.4720792666, -0.0004372650179, 4.501662165, 7.166679602, 0.4715317348, -0.0004370850101, 4.502625007, 7.166679613, 0.4713300921, -0.0004370854234}
Oscillator 3 MBDrsSCS Results: {4.502625007, 7.169745629, 0.4715317344, -0.0004372661584, 4.500013098, 7.161429923, 0.4715317355, -0.000436766529, 4.500013098, 7.1697456, 0.4720792666, -0.0004372650179, 4.501662165, 7.166679602, 0.4715317348, -0.0004370850101, 4.502625007, 7.166679613, 0.4713300921, -0.0004370854234}
Oscillator 4 MBDrsSCS Results: {4.502487529, 7.169313009, 0.4715320765, -0.0004372661584, 4.500008737, 7.161421231, 0.4715320773, -0.000436766529, 4.500008737, 7.16931299, 0.4720516972, -0.0004372650179, 4.50162072, 7.166552841, 0.4715320768, -0.0004370850101, 4.502487529, 7.166552848, 0.4713505383, -0.0004370854234}


         {R, Energy}
SUMMARY: {6.000001, 2.82873903}