Oscillators N=4 2022-12-24 w=0.471533 a=4.50000.nb ( N = 4, M = 4 )
~~~~~~~~~~~~~~~~~~~~~~~~~~~~~~~~~~~~~~
Run Commenced: Thu 29 Dec 2022 12:00:04
Run Completed: Thu 29 Dec 2022 13:39:41
Time Elapsed: 01:39:36

Oscillators Used: 4
Wavefunctions Used: 4
Internuclear Separation: 2.
omega: 0.472
nu : 0.235638

For display purposes, the threshold of Hamiltonian matrix elements has been set to: 10^-6.


    Hamiltonian Matrix A:    < psi_{i,A} | H_k | psi_{j,A} >
    H_1 = T_kin,    H_2 = V_pot,    H_3 = V_1-B,    H_4 = V_1-C,    H_5 = V_A-B,    H_6 = V_A-C 

HijkA: {{{0.35364975, 0.35364975, -0.4739132826, -0.2499741094, -0.1666665816, 0.49999975, 0.249999875, 0.1666665833}, {0., 0., -0.1835063117, -0.06426381975, -0.02861173364, 0., 0., 0.}, {0.2887538117, -0.2887538117, -0.04800932497, -0.0001679773589, -0.00000001354542343, 0., 0., 0.}, {0., 0., -0.09579699893, -0.02842495309, -0.008507452853, 0., 0., 0.}}, {{0., 0., -0.1835063117, -0.06426381975, -0.02861173364, 0., 0., 0.}, {0.58941625, 0.58941625, -0.5453306889, -0.2826592437, -0.1764901344, 0.49999975, 0.249999875, 0.1666665833}, {0., 0., 0.05661237852, 0.05181886995, 0.02336130361, 0., 0., 0.}, {0., 0., -0.2280716792, -0.09524171822, -0.03741930908, 0., 0., 0.}}, {{0.2887538117, -0.2887538117, -0.04800932497, -0.0001679773589, -0.00000001354542343, 0., 0., 0.}, {0., 0., 0.05661237852, 0.05181886995, 0.02336130361, 0., 0., 0.}, {0.82518275, 0.82518275, -0.3804184012, -0.2488712907, -0.1666663891, 0.49999975, 0.249999875, 0.1666665833}, {0., 0., 0.05193230052, 0.04495517904, 0.01389234696, 0., 0., 0.}}, {{0., 0., -0.09579699893, -0.02842495309, -0.008507452853, 0., 0., 0.}, {0., 0., -0.2280716792, -0.09524171822, -0.03741930908, 0., 0., 0.}, {0., 0., 0.05193230052, 0.04495517904, 0.01389234696, 0., 0., 0.}, {0.82518275, 0.82518275, -0.5047995933, -0.2996300788, -0.1790952853, 0.49999975, 0.249999875, 0.1666665833}}}
0.35365        0.             0.288754       0.
0.35365        0.             -0.288754      0.
-0.473913      -0.183506      -0.0480093     -0.095797
-0.249974      -0.0642638     -0.000167977   -0.028425
-0.166667      -0.0286117     0.             -0.00850745
0.5            0.             0.             0.
0.25           0.             0.             0.
0.166667       0.             0.             0.

0.             0.589416       0.             0.
0.             0.589416       0.             0.
-0.183506      -0.545331      0.0566124      -0.228072
-0.0642638     -0.282659      0.0518189      -0.0952417
-0.0286117     -0.17649       0.0233613      -0.0374193
0.             0.5            0.             0.
0.             0.25           0.             0.
0.             0.166667       0.             0.

0.288754       0.             0.825183       0.
-0.288754      0.             0.825183       0.
-0.0480093     0.0566124      -0.380418      0.0519323
-0.000167977   0.0518189      -0.248871      0.0449552
0.             0.0233613      -0.166666      0.0138923
0.             0.             0.5            0.
0.             0.             0.25           0.
0.             0.             0.166667       0.

0.             0.             0.             0.825183
0.             0.             0.             0.825183
-0.095797      -0.228072      0.0519323      -0.5048
-0.028425      -0.0952417     0.0449552      -0.29963
-0.00850745    -0.0374193     0.0138923      -0.179095
0.             0.             0.             0.5
0.             0.             0.             0.25
0.             0.             0.             0.166667


    Hamiltonian Matrix B:    < psi_{i,B} | H_k | psi_{j,B} >
    H_1 = T_kin,    H_2 = V_pot,    H_3 = V_2-A,    H_4 = V_2-C,    H_5 = V_B-A,    H_6 = V_B-C 

HijkB: {{{0.35364975, 0.35364975, -0.4739132826, -0.4739132826, -0.2499741094, 0.49999975, 0.49999975, 0.249999875}, {0., 0., -0.1835063117, 0.1835063117, 0.06426381975, 0., 0., 0.}, {0.2887538117, -0.2887538117, -0.04800932497, -0.04800932497, -0.0001679773589, 0., 0., 0.}, {0., 0., -0.09579699893, -0.09579699893, -0.02842495309, 0., 0., 0.}}, {{0., 0., -0.1835063117, 0.1835063117, 0.06426381975, 0., 0., 0.}, {0.58941625, 0.58941625, -0.5453306889, -0.5453306889, -0.2826592437, 0.49999975, 0.49999975, 0.249999875}, {0., 0., 0.05661237852, -0.05661237852, -0.05181886995, 0., 0., 0.}, {0., 0., -0.2280716792, 0.2280716792, 0.09524171822, 0., 0., 0.}}, {{0.2887538117, -0.2887538117, -0.04800932497, -0.04800932497, -0.0001679773589, 0., 0., 0.}, {0., 0., 0.05661237852, -0.05661237852, -0.05181886995, 0., 0., 0.}, {0.82518275, 0.82518275, -0.3804184012, -0.3804184012, -0.2488712907, 0.49999975, 0.49999975, 0.249999875}, {0., 0., 0.05193230052, 0.05193230052, 0.04495517904, 0., 0., 0.}}, {{0., 0., -0.09579699893, -0.09579699893, -0.02842495309, 0., 0., 0.}, {0., 0., -0.2280716792, 0.2280716792, 0.09524171822, 0., 0., 0.}, {0., 0., 0.05193230052, 0.05193230052, 0.04495517904, 0., 0., 0.}, {0.82518275, 0.82518275, -0.5047995933, -0.5047995933, -0.2996300788, 0.49999975, 0.49999975, 0.249999875}}}
0.35365        0.             0.288754       0.
0.35365        0.             -0.288754      0.
-0.473913      -0.183506      -0.0480093     -0.095797
-0.473913      0.183506       -0.0480093     -0.095797
-0.249974      0.0642638      -0.000167977   -0.028425
0.5            0.             0.             0.
0.5            0.             0.             0.
0.25           0.             0.             0.

0.             0.589416       0.             0.
0.             0.589416       0.             0.
-0.183506      -0.545331      0.0566124      -0.228072
0.183506       -0.545331      -0.0566124     0.228072
0.0642638      -0.282659      -0.0518189     0.0952417
0.             0.5            0.             0.
0.             0.5            0.             0.
0.             0.25           0.             0.

0.288754       0.             0.825183       0.
-0.288754      0.             0.825183       0.
-0.0480093     0.0566124      -0.380418      0.0519323
-0.0480093     -0.0566124     -0.380418      0.0519323
-0.000167977   -0.0518189     -0.248871      0.0449552
0.             0.             0.5            0.
0.             0.             0.5            0.
0.             0.             0.25           0.

0.             0.             0.             0.825183
0.             0.             0.             0.825183
-0.095797      -0.228072      0.0519323      -0.5048
-0.095797      0.228072       0.0519323      -0.5048
-0.028425      0.0952417      0.0449552      -0.29963
0.             0.             0.             0.5
0.             0.             0.             0.5
0.             0.             0.             0.25


    Hamiltonian Matrix C:    < psi_{i,C} | H_k | psi_{j,C} >
    H_1 = T_kin,    H_2 = V_pot,    H_3 = V_3-A,    H_4 = V_3-B,    H_5 = V_C-A,    H_6 = V_C-B 

HijkC: {{{0.35364975, 0.35364975, -0.2499741094, -0.4739132826, -0.4739132826, 0.249999875, 0.49999975, 0.49999975}, {0., 0., 0.06426381975, 0.1835063117, -0.1835063117, 0., 0., 0.}, {0.2887538117, -0.2887538117, -0.0001679773589, -0.04800932497, -0.04800932497, 0., 0., 0.}, {0., 0., -0.02842495309, -0.09579699893, -0.09579699893, 0., 0., 0.}}, {{0., 0., 0.06426381975, 0.1835063117, -0.1835063117, 0., 0., 0.}, {0.58941625, 0.58941625, -0.2826592437, -0.5453306889, -0.5453306889, 0.249999875, 0.49999975, 0.49999975}, {0., 0., -0.05181886995, -0.05661237852, 0.05661237852, 0., 0., 0.}, {0., 0., 0.09524171822, 0.2280716792, -0.2280716792, 0., 0., 0.}}, {{0.2887538117, -0.2887538117, -0.0001679773589, -0.04800932497, -0.04800932497, 0., 0., 0.}, {0., 0., -0.05181886995, -0.05661237852, 0.05661237852, 0., 0., 0.}, {0.82518275, 0.82518275, -0.2488712907, -0.3804184012, -0.3804184012, 0.249999875, 0.49999975, 0.49999975}, {0., 0., 0.04495517904, 0.05193230052, 0.05193230052, 0., 0., 0.}}, {{0., 0., -0.02842495309, -0.09579699893, -0.09579699893, 0., 0., 0.}, {0., 0., 0.09524171822, 0.2280716792, -0.2280716792, 0., 0., 0.}, {0., 0., 0.04495517904, 0.05193230052, 0.05193230052, 0., 0., 0.}, {0.82518275, 0.82518275, -0.2996300788, -0.5047995933, -0.5047995933, 0.249999875, 0.49999975, 0.49999975}}}
0.35365        0.             0.288754       0.
0.35365        0.             -0.288754      0.
-0.249974      0.0642638      -0.000167977   -0.028425
-0.473913      0.183506       -0.0480093     -0.095797
-0.473913      -0.183506      -0.0480093     -0.095797
0.25           0.             0.             0.
0.5            0.             0.             0.
0.5            0.             0.             0.

0.             0.589416       0.             0.
0.             0.589416       0.             0.
0.0642638      -0.282659      -0.0518189     0.0952417
0.183506       -0.545331      -0.0566124     0.228072
-0.183506      -0.545331      0.0566124      -0.228072
0.             0.25           0.             0.
0.             0.5            0.             0.
0.             0.5            0.             0.

0.288754       0.             0.825183       0.
-0.288754      0.             0.825183       0.
-0.000167977   -0.0518189     -0.248871      0.0449552
-0.0480093     -0.0566124     -0.380418      0.0519323
-0.0480093     0.0566124      -0.380418      0.0519323
0.             0.             0.25           0.
0.             0.             0.5            0.
0.             0.             0.5            0.

0.             0.             0.             0.825183
0.             0.             0.             0.825183
-0.028425      0.0952417      0.0449552      -0.29963
-0.095797      0.228072       0.0519323      -0.5048
-0.095797      -0.228072      0.0519323      -0.5048
0.             0.             0.             0.25
0.             0.             0.             0.5
0.             0.             0.             0.5


    Hamiltonian Matrix AB:    < psi_{i1,A} <psi_{i2,B} | V_e-e | psi_{i3,A} <psi_{i4,B} >

HijkAB: {{{{0.4153429063, 0.103933942, 0.04339152671, 0.03114321501}, {0.103933942, 0.00004232861479, 0.04247098613, -0.01220708445}, {0.04343113507, 0.04247098613, 0.009992514593, 0.02393481242}, {0.03114321501, -0.01220708445, 0.02393485058, -0.001197314179}}, {{0.103933942, 0.4164732305, -0.04277763081, 0.1090143166}, {0.00004232861479, 0.05561569625, 0.01931118176, -0.02066651761}, {0.04247098613, 0.06293467205, -0.007214489506, 0.04759898427}, {-0.01220708445, 0.01022092255, 0.008305267695, -0.007879887257}}, {{0.04339152671, -0.04277763081, 0.3541033176, -0.02730009205}, {0.04247098613, 0.01931118176, 0.06162819279, 0.01811079011}, {0.009992514593, -0.007214489506, 0.02669021936, -0.01408315217}, {0.02393485058, 0.008305267695, 0.01696726746, -0.001632907386}}, {{0.03114321501, 0.1090143166, -0.02730009205, 0.3792034391}, {-0.01220708445, -0.02066651761, 0.01811079011, 0.02692373135}, {0.02393481242, 0.04759898427, -0.01408315217, 0.05083469995}, {-0.001197314179, -0.007879887257, -0.001632907386, 0.007834711939}}}, {{{0.103933942, 0.00004232861479, 0.04247098613, -0.01220708445}, {0.4164732305, 0.05561569625, 0.06293467205, 0.01022101093}, {-0.04277763081, 0.01932771188, -0.007214489506, 0.008305267695}, {0.1090143166, -0.02066651761, 0.04759898427, -0.007879887257}}, {{0.00004232861479, 0.05561569625, 0.01931114375, -0.02066651761}, {0.05561569625, 0.3765115518, -0.02698240277, 0.06029244887}, {0.01932774989, -0.02698240277, -0.002053995825, 0.01468280806}, {-0.02066651761, 0.06029244887, 0.01468280806, -0.02522077356}}, {{0.04247098613, 0.01931118176, 0.06162819279, 0.01811079011}, {0.06293467205, -0.02698240277, 0.3519721434, -0.01737250707}, {-0.007214489506, -0.002053995825, -0.03056807422, -0.004436182588}, {0.04759898427, 0.01468280806, 0.06986807912, 0.0094884552}}, {{-0.01220708445, -0.02066651761, 0.01811079011, 0.02692373135}, {0.01022409866, 0.06029244887, -0.01737250707, 0.3461911898}, {0.008305267695, 0.01468280806, -0.004436182588, -0.02771155739}, {-0.007879887257, -0.02522077356, 0.0094884552, 0.0363274204}}}, {{{0.04343113507, 0.04247098613, 0.009992514593, 0.02393481242}, {-0.04277763081, 0.01932771188, -0.007214489506, 0.008305267695}, {0.3541157506, 0.06162819279, 0.02670188107, 0.01696726746}, {-0.02730052501, 0.01811079012, -0.01408315217, -0.001639694173}}, {{0.04247098613, 0.06293467205, -0.007214489506, 0.04759898427}, {0.01932771188, -0.02698240277, -0.002053995825, 0.01468280806}, {0.06162819279, 0.3519721434, -0.03056807422, 0.06986807912}, {0.01811079012, -0.01737250706, -0.004436182597, 0.0094884552}}, {{0.009992514593, -0.007214489506, 0.02669021936, -0.01408315217}, {-0.007214489506, -0.002053995825, -0.03056807422, -0.004436182588}, {0.02670188107, -0.03056807422, 0.3119080115, -0.01243618807}, {-0.01408315217, -0.004436182597, -0.01243618807, 0.003808954308}}, {{0.02393481242, 0.04759898427, -0.01408315217, 0.05083469995}, {0.008305267695, 0.01468280806, -0.004436182588, -0.02771155739}, {0.01696726746, 0.06986807912, -0.01243618807, 0.3307620724}, {-0.001639522716, 0.0094884552, 0.003808954308, -0.01232952797}}}, {{{0.03114321501, -0.01220708445, 0.02393485058, -0.001197314179}, {0.1090143166, -0.02066651761, 0.04759898427, -0.007879887257}, {-0.02730052501, 0.01811079012, -0.01408315217, -0.001639694173}, {0.3792034391, 0.02692373135, 0.05083469995, 0.007834711939}}, {{-0.01220708445, 0.01022092255, 0.008305267695, -0.007879887257}, {-0.02066651761, 0.06029244887, 0.01468280806, -0.02522077356}, {0.01811079012, -0.01737250706, -0.004436182597, 0.0094884552}, {0.02692373135, 0.3461911898, -0.02771155739, 0.0363274204}}, {{0.02393485058, 0.008305267695, 0.01696726746, -0.001633078843}, {0.04759898427, 0.01468280806, 0.06986807912, 0.0094884552}, {-0.01408315217, -0.004436182597, -0.01243618807, 0.003808954308}, {0.05083469995, -0.02771155739, 0.3307620724, -0.01232952797}}, {{-0.001197314179, -0.007879887257, -0.001633078843, 0.007834711939}, {-0.007879887257, -0.02522077356, 0.0094884552, 0.0363274204}, {-0.001639522716, 0.0094884552, 0.003808954308, -0.01232952797}, {0.007834711939, 0.0363274204, -0.01232952797, 0.317467487}}}}
0.415343     0.103934     0.0433915    0.0311432      0.103934     0.416473     -0.0427776   0.109014       0.0433915    -0.0427776   0.354103     -0.0273001     0.0311432    0.109014     -0.0273001   0.379203
0.103934     0.0000423286 0.042471     -0.0122071     0.0000423286 0.0556157    0.0193112    -0.0206665     0.042471     0.0193112    0.0616282    0.0181108      -0.0122071   -0.0206665   0.0181108    0.0269237
0.0434311    0.042471     0.00999251   0.0239348      0.042471     0.0629347    -0.00721449  0.047599       0.00999251   -0.00721449  0.0266902    -0.0140832     0.0239348    0.047599     -0.0140832   0.0508347
0.0311432    -0.0122071   0.0239349    -0.00119731    -0.0122071   0.0102209    0.00830527   -0.00787989    0.0239349    0.00830527   0.0169673    -0.00163291    -0.00119731  -0.00787989  -0.00163291  0.00783471

0.103934     0.0000423286 0.042471     -0.0122071     0.0000423286 0.0556157    0.0193111    -0.0206665     0.042471     0.0193112    0.0616282    0.0181108      -0.0122071   -0.0206665   0.0181108    0.0269237
0.416473     0.0556157    0.0629347    0.010221       0.0556157    0.376512     -0.0269824   0.0602924      0.0629347    -0.0269824   0.351972     -0.0173725     0.0102241    0.0602924    -0.0173725   0.346191
-0.0427776   0.0193277    -0.00721449  0.00830527     0.0193277    -0.0269824   -0.002054    0.0146828      -0.00721449  -0.002054    -0.0305681   -0.00443618    0.00830527   0.0146828    -0.00443618  -0.0277116
0.109014     -0.0206665   0.047599     -0.00787989    -0.0206665   0.0602924    0.0146828    -0.0252208     0.047599     0.0146828    0.0698681    0.00948846     -0.00787989  -0.0252208   0.00948846   0.0363274

0.0434311    0.042471     0.00999251   0.0239348      0.042471     0.0629347    -0.00721449  0.047599       0.00999251   -0.00721449  0.0266902    -0.0140832     0.0239348    0.047599     -0.0140832   0.0508347
-0.0427776   0.0193277    -0.00721449  0.00830527     0.0193277    -0.0269824   -0.002054    0.0146828      -0.00721449  -0.002054    -0.0305681   -0.00443618    0.00830527   0.0146828    -0.00443618  -0.0277116
0.354116     0.0616282    0.0267019    0.0169673      0.0616282    0.351972     -0.0305681   0.0698681      0.0267019    -0.0305681   0.311908     -0.0124362     0.0169673    0.0698681    -0.0124362   0.330762
-0.0273005   0.0181108    -0.0140832   -0.00163969    0.0181108    -0.0173725   -0.00443618  0.00948846     -0.0140832   -0.00443618  -0.0124362   0.00380895     -0.00163952  0.00948846   0.00380895   -0.0123295

0.0311432    -0.0122071   0.0239349    -0.00119731    -0.0122071   0.0102209    0.00830527   -0.00787989    0.0239349    0.00830527   0.0169673    -0.00163308    -0.00119731  -0.00787989  -0.00163308  0.00783471
0.109014     -0.0206665   0.047599     -0.00787989    -0.0206665   0.0602924    0.0146828    -0.0252208     0.047599     0.0146828    0.0698681    0.00948846     -0.00787989  -0.0252208   0.00948846   0.0363274
-0.0273005   0.0181108    -0.0140832   -0.00163969    0.0181108    -0.0173725   -0.00443618  0.00948846     -0.0140832   -0.00443618  -0.0124362   0.00380895     -0.00163952  0.00948846   0.00380895   -0.0123295
0.379203     0.0269237    0.0508347    0.00783471     0.0269237    0.346191     -0.0277116   0.0363274      0.0508347    -0.0277116   0.330762     -0.0123295     0.00783471   0.0363274    -0.0123295   0.317467


    Hamiltonian Matrix AC:    < psi_{i1,A} <psi_{i2,C} | V_e-e | psi_{i3,A} <psi_{i4,C} >

HijkAC: {{{{0.2485511724, -0.06084121941, 0.002558899419, 0.0235373492}, {0.06084121941, -0.0251889842, 0.004935469474, 0.0111536739}, {0.002556672834, -0.004935469474, -0.002359256987, 0.005602333647}, {0.0235373492, -0.0111536739, 0.005602333647, 0.00512023808}}, {{-0.06084121941, 0.2736689758, 0.0446694823, -0.08130215329}, {-0.0251889842, 0.06955203166, 0.01208756976, -0.03016636548}, {-0.004935469474, 0.01078766475, 0.006634131029, -0.01378791147}, {-0.0111536739, 0.02484505393, 0.001024481464, -0.01125913666}}, {{0.002558899419, 0.0446694823, 0.2418522048, -0.03270055034}, {0.004935469474, 0.01208756976, 0.05003915047, -0.01003281154}, {-0.002359256987, 0.006634131029, 0.006046913647, -0.009757420676}, {0.005602333647, 0.001024481464, 0.01368590886, -0.001874586468}}, {{0.0235373492, -0.08130215329, -0.03270055034, 0.2766257757}, {0.0111536739, -0.03016636548, -0.01003281154, 0.06391675017}, {0.005602333647, -0.01378791147, -0.009757420676, 0.01938388932}, {0.00512023808, -0.01125913666, -0.001874586468, 0.01927182541}}}, {{{0.06084121941, -0.0251889842, 0.004935469474, 0.0111536739}, {0.2736689758, -0.06955203166, 0.01078766475, 0.02488431926}, {-0.0446694823, 0.01208879165, -0.006634131029, -0.001024481464}, {0.08130215329, -0.03016636548, 0.01378791147, 0.01125913666}}, {{-0.0251889842, 0.06955203166, 0.01208757001, -0.03016636548}, {-0.06955203166, 0.2933545052, 0.04046508553, -0.0830126696}, {0.0120887914, -0.04046508553, -0.002526532968, 0.006975147078}, {-0.03016636548, 0.0830126696, 0.006975147078, -0.03003449678}}, {{0.004935469474, 0.01208756976, 0.05003915047, -0.01003281154}, {0.01078766475, 0.04046508553, 0.2528391638, -0.02691282525}, {-0.006634131029, -0.002526532968, -0.034493744, -0.001261570979}, {0.01378791147, 0.006975147078, 0.05902667682, -0.005990705192}}, {{0.0111536739, -0.03016636548, -0.01003281154, 0.06391675017}, {0.02488431926, -0.0830126696, -0.02691282525, 0.2830827877}, {-0.001024481464, 0.006975147078, -0.001261570979, -0.0304792273}, {0.01125913666, -0.03003449678, -0.005990705192, 0.06928541563}}}, {{{0.002556672834, -0.004935469474, -0.002359256987, 0.005602333647}, {-0.0446694823, 0.01208879165, -0.006634131029, -0.001024481464}, {0.2418532265, -0.05003915047, 0.006043935117, 0.01368609924}, {-0.03270055034, 0.01003270861, -0.009757420676, -0.001876973023}}, {{-0.004935469474, 0.01078766475, 0.006634131029, -0.01378791147}, {0.01208879165, -0.04046508553, -0.002526532968, 0.006975147078}, {-0.05003915047, 0.2528391638, 0.034493744, -0.05902667682}, {0.01003270861, -0.02691282525, 0.001261570979, 0.005990705192}}, {{-0.002359256987, 0.006634131029, 0.006046913647, -0.009757420676}, {-0.006634131029, -0.002526532968, -0.034493744, -0.001261570979}, {0.006043935117, 0.034493744, 0.2320383673, -0.01946637824}, {-0.009757420676, 0.001261570979, -0.01946637824, -0.0006936200375}}, {{0.005602333647, -0.01378791147, -0.009757420676, 0.01938388932}, {-0.001024481464, 0.006975147078, -0.001261570979, -0.0304792273}, {0.01368609924, -0.05902667682, -0.01946637824, 0.2490786038}, {-0.001876973023, 0.005990705192, -0.0006936200375, -0.01807750206}}}, {{{0.0235373492, -0.0111536739, 0.005602333647, 0.00512023808}, {0.08130215329, -0.03016636548, 0.01378791147, 0.01125913666}, {-0.03270055034, 0.01003270861, -0.009757420676, -0.001876973023}, {0.2766257757, -0.06391675017, 0.01938388932, 0.01927182541}}, {{-0.0111536739, 0.02484573283, 0.001024481464, -0.01125913666}, {-0.03016636548, 0.0830126696, 0.006975147078, -0.03003449678}, {0.01003270861, -0.02691282525, 0.001261570979, 0.005990705192}, {-0.06391675017, 0.2830825289, 0.0304792273, -0.06928541563}}, {{0.005602333647, 0.001024481464, 0.01368590886, -0.001874586468}, {0.01378791147, 0.006975147078, 0.05902667682, -0.005990705192}, {-0.009757420676, 0.001261570979, -0.01946637824, -0.0006936200375}, {0.01938388932, 0.0304792273, 0.2490786038, -0.01807750206}}, {{0.00512023808, -0.01125913666, -0.001874586468, 0.01927182541}, {0.01125913666, -0.03003449678, -0.005990705192, 0.06928541563}, {-0.001876973023, 0.005990705192, -0.0006936200375, -0.01807750206}, {0.01927182541, -0.06928541563, -0.01807750206, 0.2660861275}}}}
0.248551    -0.0608412  0.0025589   0.0235373     -0.0608412  0.273669    0.0446695   -0.0813022    0.0025589   0.0446695   0.241852    -0.0327006    0.0235373   -0.0813022  -0.0327006  0.276626
0.0608412   -0.025189   0.00493547  0.0111537     -0.025189   0.069552    0.0120876   -0.0301664    0.00493547  0.0120876   0.0500392   -0.0100328    0.0111537   -0.0301664  -0.0100328  0.0639168
0.00255667  -0.00493547 -0.00235926 0.00560233    -0.00493547 0.0107877   0.00663413  -0.0137879    -0.00235926 0.00663413  0.00604691  -0.00975742   0.00560233  -0.0137879  -0.00975742 0.0193839
0.0235373   -0.0111537  0.00560233  0.00512024    -0.0111537  0.0248451   0.00102448  -0.0112591    0.00560233  0.00102448  0.0136859   -0.00187459   0.00512024  -0.0112591  -0.00187459 0.0192718

0.0608412   -0.025189   0.00493547  0.0111537     -0.025189   0.069552    0.0120876   -0.0301664    0.00493547  0.0120876   0.0500392   -0.0100328    0.0111537   -0.0301664  -0.0100328  0.0639168
0.273669    -0.069552   0.0107877   0.0248843     -0.069552   0.293355    0.0404651   -0.0830127    0.0107877   0.0404651   0.252839    -0.0269128    0.0248843   -0.0830127  -0.0269128  0.283083
-0.0446695  0.0120888   -0.00663413 -0.00102448   0.0120888   -0.0404651  -0.00252653 0.00697515    -0.00663413 -0.00252653 -0.0344937  -0.00126157   -0.00102448 0.00697515  -0.00126157 -0.0304792
0.0813022   -0.0301664  0.0137879   0.0112591     -0.0301664  0.0830127   0.00697515  -0.0300345    0.0137879   0.00697515  0.0590267   -0.00599071   0.0112591   -0.0300345  -0.00599071 0.0692854

0.00255667  -0.00493547 -0.00235926 0.00560233    -0.00493547 0.0107877   0.00663413  -0.0137879    -0.00235926 0.00663413  0.00604691  -0.00975742   0.00560233  -0.0137879  -0.00975742 0.0193839
-0.0446695  0.0120888   -0.00663413 -0.00102448   0.0120888   -0.0404651  -0.00252653 0.00697515    -0.00663413 -0.00252653 -0.0344937  -0.00126157   -0.00102448 0.00697515  -0.00126157 -0.0304792
0.241853    -0.0500392  0.00604394  0.0136861     -0.0500392  0.252839    0.0344937   -0.0590267    0.00604394  0.0344937   0.232038    -0.0194664    0.0136861   -0.0590267  -0.0194664  0.249079
-0.0327006  0.0100327   -0.00975742 -0.00187697   0.0100327   -0.0269128  0.00126157  0.00599071    -0.00975742 0.00126157  -0.0194664  -0.00069362   -0.00187697 0.00599071  -0.00069362 -0.0180775

0.0235373   -0.0111537  0.00560233  0.00512024    -0.0111537  0.0248457   0.00102448  -0.0112591    0.00560233  0.00102448  0.0136859   -0.00187459   0.00512024  -0.0112591  -0.00187459 0.0192718
0.0813022   -0.0301664  0.0137879   0.0112591     -0.0301664  0.0830127   0.00697515  -0.0300345    0.0137879   0.00697515  0.0590267   -0.00599071   0.0112591   -0.0300345  -0.00599071 0.0692854
-0.0327006  0.0100327   -0.00975742 -0.00187697   0.0100327   -0.0269128  0.00126157  0.00599071    -0.00975742 0.00126157  -0.0194664  -0.00069362   -0.00187697 0.00599071  -0.00069362 -0.0180775
0.276626    -0.0639168  0.0193839   0.0192718     -0.0639168  0.283083    0.0304792   -0.0692854    0.0193839   0.0304792   0.249079    -0.0180775    0.0192718   -0.0692854  -0.0180775  0.266086


    Hamiltonian Matrix BA:    < psi_{i1,B} <psi_{i2,A} | V_e-e | psi_{i3,B} <psi_{i4,A} >

HijkBA: {{{{0.4153429063, 0.103933942, 0.04339152671, 0.03114321501}, {0.103933942, 0.00004232861479, 0.04247098613, -0.01220708445}, {0.04343113507, 0.04247098613, 0.009992514593, 0.02393481242}, {0.03114321501, -0.01220708445, 0.02393485058, -0.001197314179}}, {{0.103933942, 0.4164732305, -0.04277763081, 0.1090143166}, {0.00004232861479, 0.05561569625, 0.01931118176, -0.02066651761}, {0.04247098613, 0.06293467205, -0.007214489506, 0.04759898427}, {-0.01220708445, 0.01022092255, 0.008305267695, -0.007879887257}}, {{0.04339152671, -0.04277763081, 0.3541033176, -0.02730009205}, {0.04247098613, 0.01931118176, 0.06162819279, 0.01811079011}, {0.009992514593, -0.007214489506, 0.02669021936, -0.01408315217}, {0.02393485058, 0.008305267695, 0.01696726746, -0.001632907386}}, {{0.03114321501, 0.1090143166, -0.02730009205, 0.3792034391}, {-0.01220708445, -0.02066651761, 0.01811079011, 0.02692373135}, {0.02393481242, 0.04759898427, -0.01408315217, 0.05083469995}, {-0.001197314179, -0.007879887257, -0.001632907386, 0.007834711939}}}, {{{0.103933942, 0.00004232861479, 0.04247098613, -0.01220708445}, {0.4164732305, 0.05561569625, 0.06293467205, 0.01022101093}, {-0.04277763081, 0.01932771188, -0.007214489506, 0.008305267695}, {0.1090143166, -0.02066651761, 0.04759898427, -0.007879887257}}, {{0.00004232861479, 0.05561569625, 0.01931114375, -0.02066651761}, {0.05561569625, 0.3765115518, -0.02698240277, 0.06029244887}, {0.01932774989, -0.02698240277, -0.002053995825, 0.01468280806}, {-0.02066651761, 0.06029244887, 0.01468280806, -0.02522077356}}, {{0.04247098613, 0.01931118176, 0.06162819279, 0.01811079011}, {0.06293467205, -0.02698240277, 0.3519721434, -0.01737250707}, {-0.007214489506, -0.002053995825, -0.03056807422, -0.004436182588}, {0.04759898427, 0.01468280806, 0.06986807912, 0.0094884552}}, {{-0.01220708445, -0.02066651761, 0.01811079011, 0.02692373135}, {0.01022409866, 0.06029244887, -0.01737250707, 0.3461911898}, {0.008305267695, 0.01468280806, -0.004436182588, -0.02771155739}, {-0.007879887257, -0.02522077356, 0.0094884552, 0.0363274204}}}, {{{0.04343113507, 0.04247098613, 0.009992514593, 0.02393481242}, {-0.04277763081, 0.01932771188, -0.007214489506, 0.008305267695}, {0.3541157506, 0.06162819279, 0.02670188107, 0.01696726746}, {-0.02730052501, 0.01811079012, -0.01408315217, -0.001639694173}}, {{0.04247098613, 0.06293467205, -0.007214489506, 0.04759898427}, {0.01932771188, -0.02698240277, -0.002053995825, 0.01468280806}, {0.06162819279, 0.3519721434, -0.03056807422, 0.06986807912}, {0.01811079012, -0.01737250706, -0.004436182597, 0.0094884552}}, {{0.009992514593, -0.007214489506, 0.02669021936, -0.01408315217}, {-0.007214489506, -0.002053995825, -0.03056807422, -0.004436182588}, {0.02670188107, -0.03056807422, 0.3119080115, -0.01243618807}, {-0.01408315217, -0.004436182597, -0.01243618807, 0.003808954308}}, {{0.02393481242, 0.04759898427, -0.01408315217, 0.05083469995}, {0.008305267695, 0.01468280806, -0.004436182588, -0.02771155739}, {0.01696726746, 0.06986807912, -0.01243618807, 0.3307620724}, {-0.001639522716, 0.0094884552, 0.003808954308, -0.01232952797}}}, {{{0.03114321501, -0.01220708445, 0.02393485058, -0.001197314179}, {0.1090143166, -0.02066651761, 0.04759898427, -0.007879887257}, {-0.02730052501, 0.01811079012, -0.01408315217, -0.001639694173}, {0.3792034391, 0.02692373135, 0.05083469995, 0.007834711939}}, {{-0.01220708445, 0.01022092255, 0.008305267695, -0.007879887257}, {-0.02066651761, 0.06029244887, 0.01468280806, -0.02522077356}, {0.01811079012, -0.01737250706, -0.004436182597, 0.0094884552}, {0.02692373135, 0.3461911898, -0.02771155739, 0.0363274204}}, {{0.02393485058, 0.008305267695, 0.01696726746, -0.001633078843}, {0.04759898427, 0.01468280806, 0.06986807912, 0.0094884552}, {-0.01408315217, -0.004436182597, -0.01243618807, 0.003808954308}, {0.05083469995, -0.02771155739, 0.3307620724, -0.01232952797}}, {{-0.001197314179, -0.007879887257, -0.001633078843, 0.007834711939}, {-0.007879887257, -0.02522077356, 0.0094884552, 0.0363274204}, {-0.001639522716, 0.0094884552, 0.003808954308, -0.01232952797}, {0.007834711939, 0.0363274204, -0.01232952797, 0.317467487}}}}
0.415343     0.103934     0.0433915    0.0311432      0.103934     0.416473     -0.0427776   0.109014       0.0433915    -0.0427776   0.354103     -0.0273001     0.0311432    0.109014     -0.0273001   0.379203
0.103934     0.0000423286 0.042471     -0.0122071     0.0000423286 0.0556157    0.0193112    -0.0206665     0.042471     0.0193112    0.0616282    0.0181108      -0.0122071   -0.0206665   0.0181108    0.0269237
0.0434311    0.042471     0.00999251   0.0239348      0.042471     0.0629347    -0.00721449  0.047599       0.00999251   -0.00721449  0.0266902    -0.0140832     0.0239348    0.047599     -0.0140832   0.0508347
0.0311432    -0.0122071   0.0239349    -0.00119731    -0.0122071   0.0102209    0.00830527   -0.00787989    0.0239349    0.00830527   0.0169673    -0.00163291    -0.00119731  -0.00787989  -0.00163291  0.00783471

0.103934     0.0000423286 0.042471     -0.0122071     0.0000423286 0.0556157    0.0193111    -0.0206665     0.042471     0.0193112    0.0616282    0.0181108      -0.0122071   -0.0206665   0.0181108    0.0269237
0.416473     0.0556157    0.0629347    0.010221       0.0556157    0.376512     -0.0269824   0.0602924      0.0629347    -0.0269824   0.351972     -0.0173725     0.0102241    0.0602924    -0.0173725   0.346191
-0.0427776   0.0193277    -0.00721449  0.00830527     0.0193277    -0.0269824   -0.002054    0.0146828      -0.00721449  -0.002054    -0.0305681   -0.00443618    0.00830527   0.0146828    -0.00443618  -0.0277116
0.109014     -0.0206665   0.047599     -0.00787989    -0.0206665   0.0602924    0.0146828    -0.0252208     0.047599     0.0146828    0.0698681    0.00948846     -0.00787989  -0.0252208   0.00948846   0.0363274

0.0434311    0.042471     0.00999251   0.0239348      0.042471     0.0629347    -0.00721449  0.047599       0.00999251   -0.00721449  0.0266902    -0.0140832     0.0239348    0.047599     -0.0140832   0.0508347
-0.0427776   0.0193277    -0.00721449  0.00830527     0.0193277    -0.0269824   -0.002054    0.0146828      -0.00721449  -0.002054    -0.0305681   -0.00443618    0.00830527   0.0146828    -0.00443618  -0.0277116
0.354116     0.0616282    0.0267019    0.0169673      0.0616282    0.351972     -0.0305681   0.0698681      0.0267019    -0.0305681   0.311908     -0.0124362     0.0169673    0.0698681    -0.0124362   0.330762
-0.0273005   0.0181108    -0.0140832   -0.00163969    0.0181108    -0.0173725   -0.00443618  0.00948846     -0.0140832   -0.00443618  -0.0124362   0.00380895     -0.00163952  0.00948846   0.00380895   -0.0123295

0.0311432    -0.0122071   0.0239349    -0.00119731    -0.0122071   0.0102209    0.00830527   -0.00787989    0.0239349    0.00830527   0.0169673    -0.00163308    -0.00119731  -0.00787989  -0.00163308  0.00783471
0.109014     -0.0206665   0.047599     -0.00787989    -0.0206665   0.0602924    0.0146828    -0.0252208     0.047599     0.0146828    0.0698681    0.00948846     -0.00787989  -0.0252208   0.00948846   0.0363274
-0.0273005   0.0181108    -0.0140832   -0.00163969    0.0181108    -0.0173725   -0.00443618  0.00948846     -0.0140832   -0.00443618  -0.0124362   0.00380895     -0.00163952  0.00948846   0.00380895   -0.0123295
0.379203     0.0269237    0.0508347    0.00783471     0.0269237    0.346191     -0.0277116   0.0363274      0.0508347    -0.0277116   0.330762     -0.0123295     0.00783471   0.0363274    -0.0123295   0.317467


    Hamiltonian Matrix BC:    < psi_{i1,B} <psi_{i2,C} | V_e-e | psi_{i3,B} <psi_{i4,C} >

HijkBC: {{{{0.4153429063, -0.103933942, 0.04339152671, 0.03114321501}, {-0.103933942, 0.00004232861479, -0.04247098613, 0.01220708445}, {0.04343113507, -0.04247098613, 0.009992514593, 0.02393481242}, {0.03114321501, 0.01220708445, 0.02393485058, -0.001197314179}}, {{-0.103933942, 0.4164732305, 0.04277763081, -0.1090143166}, {0.00004232861479, -0.05561569625, 0.01931118176, -0.02066651761}, {-0.04247098613, 0.06293467205, 0.007214489506, -0.04759898427}, {0.01220708445, 0.01022099002, -0.008305267695, 0.007879887257}}, {{0.04339152671, 0.04277763081, 0.3541033176, -0.02730009205}, {-0.04247098613, 0.01931118176, -0.06162819279, -0.01811079011}, {0.009992514593, 0.007214489506, 0.02669021936, -0.01408315217}, {0.02393485058, -0.008305267695, 0.01696726746, -0.001633079548}}, {{0.03114321501, -0.1090143166, -0.02730009205, 0.3792034391}, {0.01220708445, -0.02066651761, -0.01811079011, -0.02692373135}, {0.02393481242, -0.04759898427, -0.01408315217, 0.05083469995}, {-0.001197314179, 0.007879887257, -0.001633079548, 0.007834711939}}}, {{{-0.103933942, 0.00004232861479, -0.04247098613, 0.01220708445}, {0.4164732305, -0.05561569625, 0.06293467205, 0.01022101093}, {0.04277763081, 0.01932771188, 0.007214489506, -0.008305267695}, {-0.1090143166, -0.02066651761, -0.04759898427, 0.007879887257}}, {{0.00004232861479, -0.05561569625, 0.01931114375, -0.02066651761}, {-0.05561569625, 0.3765115518, 0.02698240277, -0.06029244887}, {0.01932774989, 0.02698240277, -0.002053995825, 0.01468280806}, {-0.02066651761, -0.06029244887, 0.01468280806, -0.02522077356}}, {{-0.04247098613, 0.01931118176, -0.06162819279, -0.01811079011}, {0.06293467205, 0.02698240277, 0.3519721434, -0.01737250707}, {0.007214489506, -0.002053995825, 0.03056807422, 0.004436182588}, {-0.04759898427, 0.01468280806, -0.06986807912, -0.0094884552}}, {{0.01220708445, -0.02066651761, -0.01811079011, -0.02692373135}, {0.01022101093, -0.06029244887, -0.01737250707, 0.3461911898}, {-0.008305267695, 0.01468280806, 0.004436182588, 0.02771155739}, {0.007879887257, -0.02522077356, -0.0094884552, -0.0363274204}}}, {{{0.04343113507, -0.04247098613, 0.009992514593, 0.02393481242}, {0.04277763081, 0.01932771188, 0.007214489506, -0.008305267695}, {0.3541157506, -0.06162819279, 0.02670188107, 0.01696726746}, {-0.02730052501, -0.01811079012, -0.01408315217, -0.001639522011}}, {{-0.04247098613, 0.06293467205, 0.007214489506, -0.04759898427}, {0.01932771188, 0.02698240277, -0.002053995825, 0.01468280806}, {-0.06162819279, 0.3519721434, 0.03056807422, -0.06986807912}, {-0.01811079012, -0.01737250706, 0.004436182597, -0.0094884552}}, {{0.009992514593, 0.007214489506, 0.02669021936, -0.01408315217}, {0.007214489506, -0.002053995825, 0.03056807422, 0.004436182588}, {0.02670188107, 0.03056807422, 0.3119080115, -0.01243618807}, {-0.01408315217, 0.004436182597, -0.01243618807, 0.003808954308}}, {{0.02393481242, -0.04759898427, -0.01408315217, 0.05083469995}, {-0.008305267695, 0.01468280806, 0.004436182588, 0.02771155739}, {0.01696726746, -0.06986807912, -0.01243618807, 0.3307620724}, {-0.001639535948, -0.0094884552, 0.003808954308, -0.01232952797}}}, {{{0.03114321501, 0.01220708445, 0.02393485058, -0.001197314179}, {-0.1090143166, -0.02066651761, -0.04759898427, 0.007879887257}, {-0.02730052501, -0.01811079012, -0.01408315217, -0.001639522011}, {0.3792034391, -0.02692373135, 0.05083469995, 0.007834711939}}, {{0.01220708445, 0.01022060397, -0.008305267695, 0.007879887257}, {-0.02066651761, -0.06029244887, 0.01468280806, -0.02522077356}, {-0.01811079012, -0.01737250706, 0.004436182597, -0.0094884552}, {-0.02692373135, 0.3461911898, 0.02771155739, -0.0363274204}}, {{0.02393485058, -0.008305267695, 0.01696726746, -0.001633065611}, {-0.04759898427, 0.01468280806, -0.06986807912, -0.0094884552}, {-0.01408315217, 0.004436182597, -0.01243618807, 0.003808954308}, {0.05083469995, 0.02771155739, 0.3307620724, -0.01232952797}}, {{-0.001197314179, 0.007879887257, -0.001633065611, 0.007834711939}, {0.007879887257, -0.02522077356, -0.0094884552, -0.0363274204}, {-0.001639535948, -0.0094884552, 0.003808954308, -0.01232952797}, {0.007834711939, -0.0363274204, -0.01232952797, 0.317467487}}}}
0.415343     -0.103934    0.0433915    0.0311432      -0.103934    0.416473     0.0427776    -0.109014      0.0433915    0.0427776    0.354103     -0.0273001     0.0311432    -0.109014    -0.0273001   0.379203
-0.103934    0.0000423286 -0.042471    0.0122071      0.0000423286 -0.0556157   0.0193112    -0.0206665     -0.042471    0.0193112    -0.0616282   -0.0181108     0.0122071    -0.0206665   -0.0181108   -0.0269237
0.0434311    -0.042471    0.00999251   0.0239348      -0.042471    0.0629347    0.00721449   -0.047599      0.00999251   0.00721449   0.0266902    -0.0140832     0.0239348    -0.047599    -0.0140832   0.0508347
0.0311432    0.0122071    0.0239349    -0.00119731    0.0122071    0.010221     -0.00830527  0.00787989     0.0239349    -0.00830527  0.0169673    -0.00163308    -0.00119731  0.00787989   -0.00163308  0.00783471

-0.103934    0.0000423286 -0.042471    0.0122071      0.0000423286 -0.0556157   0.0193111    -0.0206665     -0.042471    0.0193112    -0.0616282   -0.0181108     0.0122071    -0.0206665   -0.0181108   -0.0269237
0.416473     -0.0556157   0.0629347    0.010221       -0.0556157   0.376512     0.0269824    -0.0602924     0.0629347    0.0269824    0.351972     -0.0173725     0.010221     -0.0602924   -0.0173725   0.346191
0.0427776    0.0193277    0.00721449   -0.00830527    0.0193277    0.0269824    -0.002054    0.0146828      0.00721449   -0.002054    0.0305681    0.00443618     -0.00830527  0.0146828    0.00443618   0.0277116
-0.109014    -0.0206665   -0.047599    0.00787989     -0.0206665   -0.0602924   0.0146828    -0.0252208     -0.047599    0.0146828    -0.0698681   -0.00948846    0.00787989   -0.0252208   -0.00948846  -0.0363274

0.0434311    -0.042471    0.00999251   0.0239348      -0.042471    0.0629347    0.00721449   -0.047599      0.00999251   0.00721449   0.0266902    -0.0140832     0.0239348    -0.047599    -0.0140832   0.0508347
0.0427776    0.0193277    0.00721449   -0.00830527    0.0193277    0.0269824    -0.002054    0.0146828      0.00721449   -0.002054    0.0305681    0.00443618     -0.00830527  0.0146828    0.00443618   0.0277116
0.354116     -0.0616282   0.0267019    0.0169673      -0.0616282   0.351972     0.0305681    -0.0698681     0.0267019    0.0305681    0.311908     -0.0124362     0.0169673    -0.0698681   -0.0124362   0.330762
-0.0273005   -0.0181108   -0.0140832   -0.00163952    -0.0181108   -0.0173725   0.00443618   -0.00948846    -0.0140832   0.00443618   -0.0124362   0.00380895     -0.00163954  -0.00948846  0.00380895   -0.0123295

0.0311432    0.0122071    0.0239349    -0.00119731    0.0122071    0.0102206    -0.00830527  0.00787989     0.0239349    -0.00830527  0.0169673    -0.00163307    -0.00119731  0.00787989   -0.00163307  0.00783471
-0.109014    -0.0206665   -0.047599    0.00787989     -0.0206665   -0.0602924   0.0146828    -0.0252208     -0.047599    0.0146828    -0.0698681   -0.00948846    0.00787989   -0.0252208   -0.00948846  -0.0363274
-0.0273005   -0.0181108   -0.0140832   -0.00163952    -0.0181108   -0.0173725   0.00443618   -0.00948846    -0.0140832   0.00443618   -0.0124362   0.00380895     -0.00163954  -0.00948846  0.00380895   -0.0123295
0.379203     -0.0269237   0.0508347    0.00783471     -0.0269237   0.346191     0.0277116    -0.0363274     0.0508347    0.0277116    0.330762     -0.0123295     0.00783471   -0.0363274   -0.0123295   0.317467


    Hamiltonian Matrix CA:    < psi_{i1,C} <psi_{i2,A} | V_e-e | psi_{i3,C} <psi_{i4,A} >

HijkCA: {{{{0.2485511724, -0.06084121941, 0.002558899419, 0.0235373492}, {0.06084121941, -0.0251889842, 0.004935469474, 0.0111536739}, {0.002556672834, -0.004935469474, -0.002359256987, 0.005602333647}, {0.0235373492, -0.0111536739, 0.005602333647, 0.00512023808}}, {{-0.06084121941, 0.2736689758, 0.0446694823, -0.08130215329}, {-0.0251889842, 0.06955203166, 0.01208756976, -0.03016636548}, {-0.004935469474, 0.01078766475, 0.006634131029, -0.01378791147}, {-0.0111536739, 0.02484505393, 0.001024481464, -0.01125913666}}, {{0.002558899419, 0.0446694823, 0.2418522048, -0.03270055034}, {0.004935469474, 0.01208756976, 0.05003915047, -0.01003281154}, {-0.002359256987, 0.006634131029, 0.006046913647, -0.009757420676}, {0.005602333647, 0.001024481464, 0.01368590886, -0.001874586468}}, {{0.0235373492, -0.08130215329, -0.03270055034, 0.2766257757}, {0.0111536739, -0.03016636548, -0.01003281154, 0.06391675017}, {0.005602333647, -0.01378791147, -0.009757420676, 0.01938388932}, {0.00512023808, -0.01125913666, -0.001874586468, 0.01927182541}}}, {{{0.06084121941, -0.0251889842, 0.004935469474, 0.0111536739}, {0.2736689758, -0.06955203166, 0.01078766475, 0.02488431926}, {-0.0446694823, 0.01208879165, -0.006634131029, -0.001024481464}, {0.08130215329, -0.03016636548, 0.01378791147, 0.01125913666}}, {{-0.0251889842, 0.06955203166, 0.01208757001, -0.03016636548}, {-0.06955203166, 0.2933545052, 0.04046508553, -0.0830126696}, {0.0120887914, -0.04046508553, -0.002526532968, 0.006975147078}, {-0.03016636548, 0.0830126696, 0.006975147078, -0.03003449678}}, {{0.004935469474, 0.01208756976, 0.05003915047, -0.01003281154}, {0.01078766475, 0.04046508553, 0.2528391638, -0.02691282525}, {-0.006634131029, -0.002526532968, -0.034493744, -0.001261570979}, {0.01378791147, 0.006975147078, 0.05902667682, -0.005990705192}}, {{0.0111536739, -0.03016636548, -0.01003281154, 0.06391675017}, {0.02488431926, -0.0830126696, -0.02691282525, 0.2830827877}, {-0.001024481464, 0.006975147078, -0.001261570979, -0.0304792273}, {0.01125913666, -0.03003449678, -0.005990705192, 0.06928541563}}}, {{{0.002556672834, -0.004935469474, -0.002359256987, 0.005602333647}, {-0.0446694823, 0.01208879165, -0.006634131029, -0.001024481464}, {0.2418532265, -0.05003915047, 0.006043935117, 0.01368609924}, {-0.03270055034, 0.01003270861, -0.009757420676, -0.001876973023}}, {{-0.004935469474, 0.01078766475, 0.006634131029, -0.01378791147}, {0.01208879165, -0.04046508553, -0.002526532968, 0.006975147078}, {-0.05003915047, 0.2528391638, 0.034493744, -0.05902667682}, {0.01003270861, -0.02691282525, 0.001261570979, 0.005990705192}}, {{-0.002359256987, 0.006634131029, 0.006046913647, -0.009757420676}, {-0.006634131029, -0.002526532968, -0.034493744, -0.001261570979}, {0.006043935117, 0.034493744, 0.2320383673, -0.01946637824}, {-0.009757420676, 0.001261570979, -0.01946637824, -0.0006936200375}}, {{0.005602333647, -0.01378791147, -0.009757420676, 0.01938388932}, {-0.001024481464, 0.006975147078, -0.001261570979, -0.0304792273}, {0.01368609924, -0.05902667682, -0.01946637824, 0.2490786038}, {-0.001876973023, 0.005990705192, -0.0006936200375, -0.01807750206}}}, {{{0.0235373492, -0.0111536739, 0.005602333647, 0.00512023808}, {0.08130215329, -0.03016636548, 0.01378791147, 0.01125913666}, {-0.03270055034, 0.01003270861, -0.009757420676, -0.001876973023}, {0.2766257757, -0.06391675017, 0.01938388932, 0.01927182541}}, {{-0.0111536739, 0.02484573283, 0.001024481464, -0.01125913666}, {-0.03016636548, 0.0830126696, 0.006975147078, -0.03003449678}, {0.01003270861, -0.02691282525, 0.001261570979, 0.005990705192}, {-0.06391675017, 0.2830825289, 0.0304792273, -0.06928541563}}, {{0.005602333647, 0.001024481464, 0.01368590886, -0.001874586468}, {0.01378791147, 0.006975147078, 0.05902667682, -0.005990705192}, {-0.009757420676, 0.001261570979, -0.01946637824, -0.0006936200375}, {0.01938388932, 0.0304792273, 0.2490786038, -0.01807750206}}, {{0.00512023808, -0.01125913666, -0.001874586468, 0.01927182541}, {0.01125913666, -0.03003449678, -0.005990705192, 0.06928541563}, {-0.001876973023, 0.005990705192, -0.0006936200375, -0.01807750206}, {0.01927182541, -0.06928541563, -0.01807750206, 0.2660861275}}}}
0.248551    -0.0608412  0.0025589   0.0235373     -0.0608412  0.273669    0.0446695   -0.0813022    0.0025589   0.0446695   0.241852    -0.0327006    0.0235373   -0.0813022  -0.0327006  0.276626
0.0608412   -0.025189   0.00493547  0.0111537     -0.025189   0.069552    0.0120876   -0.0301664    0.00493547  0.0120876   0.0500392   -0.0100328    0.0111537   -0.0301664  -0.0100328  0.0639168
0.00255667  -0.00493547 -0.00235926 0.00560233    -0.00493547 0.0107877   0.00663413  -0.0137879    -0.00235926 0.00663413  0.00604691  -0.00975742   0.00560233  -0.0137879  -0.00975742 0.0193839
0.0235373   -0.0111537  0.00560233  0.00512024    -0.0111537  0.0248451   0.00102448  -0.0112591    0.00560233  0.00102448  0.0136859   -0.00187459   0.00512024  -0.0112591  -0.00187459 0.0192718

0.0608412   -0.025189   0.00493547  0.0111537     -0.025189   0.069552    0.0120876   -0.0301664    0.00493547  0.0120876   0.0500392   -0.0100328    0.0111537   -0.0301664  -0.0100328  0.0639168
0.273669    -0.069552   0.0107877   0.0248843     -0.069552   0.293355    0.0404651   -0.0830127    0.0107877   0.0404651   0.252839    -0.0269128    0.0248843   -0.0830127  -0.0269128  0.283083
-0.0446695  0.0120888   -0.00663413 -0.00102448   0.0120888   -0.0404651  -0.00252653 0.00697515    -0.00663413 -0.00252653 -0.0344937  -0.00126157   -0.00102448 0.00697515  -0.00126157 -0.0304792
0.0813022   -0.0301664  0.0137879   0.0112591     -0.0301664  0.0830127   0.00697515  -0.0300345    0.0137879   0.00697515  0.0590267   -0.00599071   0.0112591   -0.0300345  -0.00599071 0.0692854

0.00255667  -0.00493547 -0.00235926 0.00560233    -0.00493547 0.0107877   0.00663413  -0.0137879    -0.00235926 0.00663413  0.00604691  -0.00975742   0.00560233  -0.0137879  -0.00975742 0.0193839
-0.0446695  0.0120888   -0.00663413 -0.00102448   0.0120888   -0.0404651  -0.00252653 0.00697515    -0.00663413 -0.00252653 -0.0344937  -0.00126157   -0.00102448 0.00697515  -0.00126157 -0.0304792
0.241853    -0.0500392  0.00604394  0.0136861     -0.0500392  0.252839    0.0344937   -0.0590267    0.00604394  0.0344937   0.232038    -0.0194664    0.0136861   -0.0590267  -0.0194664  0.249079
-0.0327006  0.0100327   -0.00975742 -0.00187697   0.0100327   -0.0269128  0.00126157  0.00599071    -0.00975742 0.00126157  -0.0194664  -0.00069362   -0.00187697 0.00599071  -0.00069362 -0.0180775

0.0235373   -0.0111537  0.00560233  0.00512024    -0.0111537  0.0248457   0.00102448  -0.0112591    0.00560233  0.00102448  0.0136859   -0.00187459   0.00512024  -0.0112591  -0.00187459 0.0192718
0.0813022   -0.0301664  0.0137879   0.0112591     -0.0301664  0.0830127   0.00697515  -0.0300345    0.0137879   0.00697515  0.0590267   -0.00599071   0.0112591   -0.0300345  -0.00599071 0.0692854
-0.0327006  0.0100327   -0.00975742 -0.00187697   0.0100327   -0.0269128  0.00126157  0.00599071    -0.00975742 0.00126157  -0.0194664  -0.00069362   -0.00187697 0.00599071  -0.00069362 -0.0180775
0.276626    -0.0639168  0.0193839   0.0192718     -0.0639168  0.283083    0.0304792   -0.0692854    0.0193839   0.0304792   0.249079    -0.0180775    0.0192718   -0.0692854  -0.0180775  0.266086


    Hamiltonian Matrix CB:    < psi_{i1,C} <psi_{i2,B} | V_e-e | psi_{i3,C} <psi_{i4,B} >

HijkCB: {{{{0.4153429063, -0.103933942, 0.04339152671, 0.03114321501}, {-0.103933942, 0.00004232861479, -0.04247098613, 0.01220708445}, {0.04343113507, -0.04247098613, 0.009992514593, 0.02393481242}, {0.03114321501, 0.01220708445, 0.02393485058, -0.001197314179}}, {{-0.103933942, 0.4164732305, 0.04277763081, -0.1090143166}, {0.00004232861479, -0.05561569625, 0.01931118176, -0.02066651761}, {-0.04247098613, 0.06293467205, 0.007214489506, -0.04759898427}, {0.01220708445, 0.01022099002, -0.008305267695, 0.007879887257}}, {{0.04339152671, 0.04277763081, 0.3541033176, -0.02730009205}, {-0.04247098613, 0.01931118176, -0.06162819279, -0.01811079011}, {0.009992514593, 0.007214489506, 0.02669021936, -0.01408315217}, {0.02393485058, -0.008305267695, 0.01696726746, -0.001633079548}}, {{0.03114321501, -0.1090143166, -0.02730009205, 0.3792034391}, {0.01220708445, -0.02066651761, -0.01811079011, -0.02692373135}, {0.02393481242, -0.04759898427, -0.01408315217, 0.05083469995}, {-0.001197314179, 0.007879887257, -0.001633079548, 0.007834711939}}}, {{{-0.103933942, 0.00004232861479, -0.04247098613, 0.01220708445}, {0.4164732305, -0.05561569625, 0.06293467205, 0.01022101093}, {0.04277763081, 0.01932771188, 0.007214489506, -0.008305267695}, {-0.1090143166, -0.02066651761, -0.04759898427, 0.007879887257}}, {{0.00004232861479, -0.05561569625, 0.01931114375, -0.02066651761}, {-0.05561569625, 0.3765115518, 0.02698240277, -0.06029244887}, {0.01932774989, 0.02698240277, -0.002053995825, 0.01468280806}, {-0.02066651761, -0.06029244887, 0.01468280806, -0.02522077356}}, {{-0.04247098613, 0.01931118176, -0.06162819279, -0.01811079011}, {0.06293467205, 0.02698240277, 0.3519721434, -0.01737250707}, {0.007214489506, -0.002053995825, 0.03056807422, 0.004436182588}, {-0.04759898427, 0.01468280806, -0.06986807912, -0.0094884552}}, {{0.01220708445, -0.02066651761, -0.01811079011, -0.02692373135}, {0.01022101093, -0.06029244887, -0.01737250707, 0.3461911898}, {-0.008305267695, 0.01468280806, 0.004436182588, 0.02771155739}, {0.007879887257, -0.02522077356, -0.0094884552, -0.0363274204}}}, {{{0.04343113507, -0.04247098613, 0.009992514593, 0.02393481242}, {0.04277763081, 0.01932771188, 0.007214489506, -0.008305267695}, {0.3541157506, -0.06162819279, 0.02670188107, 0.01696726746}, {-0.02730052501, -0.01811079012, -0.01408315217, -0.001639522011}}, {{-0.04247098613, 0.06293467205, 0.007214489506, -0.04759898427}, {0.01932771188, 0.02698240277, -0.002053995825, 0.01468280806}, {-0.06162819279, 0.3519721434, 0.03056807422, -0.06986807912}, {-0.01811079012, -0.01737250706, 0.004436182597, -0.0094884552}}, {{0.009992514593, 0.007214489506, 0.02669021936, -0.01408315217}, {0.007214489506, -0.002053995825, 0.03056807422, 0.004436182588}, {0.02670188107, 0.03056807422, 0.3119080115, -0.01243618807}, {-0.01408315217, 0.004436182597, -0.01243618807, 0.003808954308}}, {{0.02393481242, -0.04759898427, -0.01408315217, 0.05083469995}, {-0.008305267695, 0.01468280806, 0.004436182588, 0.02771155739}, {0.01696726746, -0.06986807912, -0.01243618807, 0.3307620724}, {-0.001639535948, -0.0094884552, 0.003808954308, -0.01232952797}}}, {{{0.03114321501, 0.01220708445, 0.02393485058, -0.001197314179}, {-0.1090143166, -0.02066651761, -0.04759898427, 0.007879887257}, {-0.02730052501, -0.01811079012, -0.01408315217, -0.001639522011}, {0.3792034391, -0.02692373135, 0.05083469995, 0.007834711939}}, {{0.01220708445, 0.01022060397, -0.008305267695, 0.007879887257}, {-0.02066651761, -0.06029244887, 0.01468280806, -0.02522077356}, {-0.01811079012, -0.01737250706, 0.004436182597, -0.0094884552}, {-0.02692373135, 0.3461911898, 0.02771155739, -0.0363274204}}, {{0.02393485058, -0.008305267695, 0.01696726746, -0.001633065611}, {-0.04759898427, 0.01468280806, -0.06986807912, -0.0094884552}, {-0.01408315217, 0.004436182597, -0.01243618807, 0.003808954308}, {0.05083469995, 0.02771155739, 0.3307620724, -0.01232952797}}, {{-0.001197314179, 0.007879887257, -0.001633065611, 0.007834711939}, {0.007879887257, -0.02522077356, -0.0094884552, -0.0363274204}, {-0.001639535948, -0.0094884552, 0.003808954308, -0.01232952797}, {0.007834711939, -0.0363274204, -0.01232952797, 0.317467487}}}}
0.415343     -0.103934    0.0433915    0.0311432      -0.103934    0.416473     0.0427776    -0.109014      0.0433915    0.0427776    0.354103     -0.0273001     0.0311432    -0.109014    -0.0273001   0.379203
-0.103934    0.0000423286 -0.042471    0.0122071      0.0000423286 -0.0556157   0.0193112    -0.0206665     -0.042471    0.0193112    -0.0616282   -0.0181108     0.0122071    -0.0206665   -0.0181108   -0.0269237
0.0434311    -0.042471    0.00999251   0.0239348      -0.042471    0.0629347    0.00721449   -0.047599      0.00999251   0.00721449   0.0266902    -0.0140832     0.0239348    -0.047599    -0.0140832   0.0508347
0.0311432    0.0122071    0.0239349    -0.00119731    0.0122071    0.010221     -0.00830527  0.00787989     0.0239349    -0.00830527  0.0169673    -0.00163308    -0.00119731  0.00787989   -0.00163308  0.00783471

-0.103934    0.0000423286 -0.042471    0.0122071      0.0000423286 -0.0556157   0.0193111    -0.0206665     -0.042471    0.0193112    -0.0616282   -0.0181108     0.0122071    -0.0206665   -0.0181108   -0.0269237
0.416473     -0.0556157   0.0629347    0.010221       -0.0556157   0.376512     0.0269824    -0.0602924     0.0629347    0.0269824    0.351972     -0.0173725     0.010221     -0.0602924   -0.0173725   0.346191
0.0427776    0.0193277    0.00721449   -0.00830527    0.0193277    0.0269824    -0.002054    0.0146828      0.00721449   -0.002054    0.0305681    0.00443618     -0.00830527  0.0146828    0.00443618   0.0277116
-0.109014    -0.0206665   -0.047599    0.00787989     -0.0206665   -0.0602924   0.0146828    -0.0252208     -0.047599    0.0146828    -0.0698681   -0.00948846    0.00787989   -0.0252208   -0.00948846  -0.0363274

0.0434311    -0.042471    0.00999251   0.0239348      -0.042471    0.0629347    0.00721449   -0.047599      0.00999251   0.00721449   0.0266902    -0.0140832     0.0239348    -0.047599    -0.0140832   0.0508347
0.0427776    0.0193277    0.00721449   -0.00830527    0.0193277    0.0269824    -0.002054    0.0146828      0.00721449   -0.002054    0.0305681    0.00443618     -0.00830527  0.0146828    0.00443618   0.0277116
0.354116     -0.0616282   0.0267019    0.0169673      -0.0616282   0.351972     0.0305681    -0.0698681     0.0267019    0.0305681    0.311908     -0.0124362     0.0169673    -0.0698681   -0.0124362   0.330762
-0.0273005   -0.0181108   -0.0140832   -0.00163952    -0.0181108   -0.0173725   0.00443618   -0.00948846    -0.0140832   0.00443618   -0.0124362   0.00380895     -0.00163954  -0.00948846  0.00380895   -0.0123295

0.0311432    0.0122071    0.0239349    -0.00119731    0.0122071    0.0102206    -0.00830527  0.00787989     0.0239349    -0.00830527  0.0169673    -0.00163307    -0.00119731  0.00787989   -0.00163307  0.00783471
-0.109014    -0.0206665   -0.047599    0.00787989     -0.0206665   -0.0602924   0.0146828    -0.0252208     -0.047599    0.0146828    -0.0698681   -0.00948846    0.00787989   -0.0252208   -0.00948846  -0.0363274
-0.0273005   -0.0181108   -0.0140832   -0.00163952    -0.0181108   -0.0173725   0.00443618   -0.00948846    -0.0140832   0.00443618   -0.0124362   0.00380895     -0.00163954  -0.00948846  0.00380895   -0.0123295
0.379203     -0.0269237   0.0508347    0.00783471     -0.0269237   0.346191     0.0277116    -0.0363274     0.0508347    0.0277116    0.330762     -0.0123295     0.00783471   -0.0363274   -0.0123295   0.317467


Energy:  {2.506035695}


Coefficients: {{0.9357945436, 0.3276894773, -0.005073598634, 0.129932433}, {0.9193985969, -0.2837750653, -0.1042807097, 0.2516018004}, {0.9193985969, -0.2837750653, -0.1042807097, 0.2516018004}, {0.9357945436, 0.3276894773, -0.005073598634, 0.129932433}}


r2: {3.507128415, 4.166834282, 4.166834282, 3.507128415}
r2f: {3.18284615}


r3: {8.06511523, 10.33640456, 10.33640456, 8.06511523}
r3f: {6.975440461}


alpha: {5.202971589, 6.668227018, 6.668227018, 5.202971589}
alphaf: {4.5}




~~~XDM (a1=0.65, a2=3.17474)~~~

M1^2: {3.614172004, 3.745972941, 3.745972941, 3.614172004}
M1f^2: {3.18284615}

M2^2: {18.97395772, 22.10744682, 22.10744682, 18.97395772}
M2f^2: {16.88418269}

M3^2: {164.2118423, 200.9503944, 200.9503944, 164.2118423}
M3f^2: {125.3927637}

C6XDM: {{9.402217128, 10.77569586, 10.77569586, 9.402217128}, {10.77569586, 12.48949899, 12.48949899, 10.77569586}, {10.77569586, 12.48949899, 12.48949899, 10.77569586}, {9.402217128, 10.77569586, 10.77569586, 9.402217128}}
C6XDMf: {7.161403837}

C8XDM: {{148.0814444, 180.2483022, 180.2483022, 148.0814444}, {180.2483022, 221.1262113, 221.1262113, 180.2483022}, {180.2483022, 221.1262113, 221.1262113, 180.2483022}, {148.0814444, 180.2483022, 180.2483022, 148.0814444}}
C8XDMf: {113.9682331}

C10XDM: {{2797.152174, 3537.53499, 3537.53499, 2797.152174}, {3537.53499, 4506.981122, 4506.981122, 3537.53499}, {3537.53499, 4506.981122, 4506.981122, 3537.53499}, {2797.152174, 3537.53499, 3537.53499, 2797.152174}}
C10XDMf: {1974.936028}

EXDMC6: {-0.5373503977}
EXDMC8: {-2.277543919}
EXDMC10: {-11.31733376}

EXDMBJC6: {-0.001307990175}
EXDMBJC8: {-0.0006317487955}
EXDMBJC10: {-0.0003540107975}

EXDM: {-14.13222808}
EXDMBJ: {-0.002293749767}




~~~TS (dTS=20, sR=0.62)~~~

C6TS: {{9.573616927, 12.26972893, 12.26972893, 9.573616927}, {12.26972893, 15.72511719, 15.72511719, 12.26972893}, {12.26972893, 15.72511719, 15.72511719, 12.26972893}, {9.573616927, 12.26972893, 12.26972893, 9.573616927}}
C6TSf: {7.161403837}

ETS: {-0.6353283537}
ETSWY: {-0.001842499467}




~~~MBD~~~

 alpha: {5.852795515, 6.472858759, 6.472858759, 5.852795515}
  C6ii: {13.04690264, 18.37107618, 18.37107618, 13.04690264}
 omega: {0.5078312897, 0.5846299682, 0.5846299682, 0.5078312897}
lambda: {0.583727278, 0.583727278, 0.4046085924, 0.3747930628, 0.3285636369, 0.3285636369, 0.271723148, 0.1816776434, 0.1816776434, 0.1482448337, 0.1054010788, 0.1054010788}
Energy: {-0.1119724579}

~~~MBD@rsSCS (drsSCS=6, sR=0.62)~~~

 alpha: {5.31058529, 5.876909931, 5.876909931, 5.31058529}
  C6ii: {11.0058986, 15.51705284, 15.51705284, 11.0058986}
 omega: {0.5203307202, 0.5990318388, 0.5990318388, 0.5203307202}
lambda: {0.3785891777, 0.3729718392, 0.3729718392, 0.3565468921, 0.3491929156, 0.3491929156, 0.2830846728, 0.2726566873, 0.2726566873, 0.2643449626, 0.2643449626, 0.2409456619}
Energy: {-0.002472397885}




~~~MBDFree1~~~

 alpha: {5.432259497, 5.130693947, 5.130693947, 5.432259497}
  C6ii: {10.43390167, 10.18831134, 10.18831134, 10.43390167}
 omega: {0.4714378641, 0.5160463686, 0.5160463686, 0.4714378641}
lambda: {0.445225157, 0.445225157, 0.3327316053, 0.3021579834, 0.2740158358, 0.2740158358, 0.2302955395, 0.1591718314, 0.1591718314, 0.1119299003, 0.09870220434, 0.09870220434}
Energy: {-0.08811884512}

~~~MBDFree1@rsSCS (drsSCS=6, sR=0.62)~~~

 alpha: {4.934284138, 4.602555491, 4.602555491, 4.934284138}
  C6ii: {8.916555026, 8.543079566, 8.543079566, 8.916555026}
 omega: {0.4883008966, 0.5377186766, 0.5377186766, 0.4883008966}
lambda: {0.3016918698, 0.299203703, 0.299203703, 0.2907821345, 0.2830745567, 0.2830745567, 0.2485032779, 0.2396834412, 0.2396834412, 0.2331965805, 0.2331965805, 0.2141809993}
Energy: {-0.001634477977}




~~~MBDFree2~~~

 alpha: {5.432259497, 5.130693947, 5.130693947, 5.432259497}
  C6ii: {14.11077584, 21.55988113, 21.55988113, 14.11077584}
 omega: {0.6375710863, 1.092025753, 1.092025753, 0.6375710863}
lambda: {1.776160764, 1.776160764, 1.478366861, 1.024877004, 0.8273529638, 0.8273529638, 0.4245159158, 0.3267835989, 0.3267835989, 0.2702744899, 0.2677369437, 0.2677369437}
Energy: {-0.1575556504}

~~~MBDFree2@rsSCS (drsSCS=6, sR=0.62)~~~

 alpha: {4.934284138, 4.602555491, 4.602555491, 4.934284138}
  C6ii: {11.94904078, 18.54097433, 18.54097433, 11.94904078}
 omega: {0.6543701361, 1.167006359, 1.167006359, 0.6543701361}
lambda: {1.419861695, 1.392751567, 1.392751567, 1.333020855, 1.333020855, 1.312247556, 0.4466401769, 0.4355514271, 0.4355514271, 0.4188843851, 0.4188843851, 0.4014588069}
Energy: {-0.002723096146}




~~~MBD@XDM1~~~

 alpha: {5.945011181, 6.046825496, 6.046825496, 5.945011181}
  C6ii: {13.17016491, 15.57457369, 15.57457369, 13.17016491}
 omega: {0.4968492037, 0.5679368304, 0.5679368304, 0.4968492037}
lambda: {0.5469705772, 0.5469705772, 0.3876513899, 0.3534623359, 0.3137125444, 0.3137125444, 0.2600429035, 0.1742804518, 0.1742804518, 0.1376661198, 0.1038591757, 0.1038591757}
Energy: {-0.1058813208}

~~~MBD@XDM1@rsSCS (drsSCS=6, sR=0.62)~~~

 alpha: {5.387545731, 5.453699879, 5.453699879, 5.387545731}
  C6ii: {11.11784719, 13.054293, 13.054293, 11.11784719}
 omega: {0.5107136883, 0.5852071496, 0.5852071496, 0.5107136883}
lambda: {0.3599776966, 0.3552277004, 0.3552277004, 0.341036783, 0.3339275191, 0.3339275191, 0.2728975941, 0.2628578846, 0.2628578846, 0.2545786546, 0.2545786546, 0.232679685}
Energy: {-0.002268618751}




~~~MBD@XDM2~~~

 alpha: {5.852795515, 6.472858759, 6.472858759, 5.852795515}
  C6ii: {12.87271431, 14.70146588, 14.70146588, 12.87271431}
 omega: {0.501051268, 0.4678505191, 0.4678505191, 0.501051268}
lambda: {0.4215618309, 0.4215618309, 0.3011971388, 0.2859918257, 0.2859918257, 0.2662947818, 0.2573810603, 0.1568294782, 0.1568294782, 0.1149999819, 0.07548982798, 0.07548982798}
Energy: {-0.09622639342}

~~~MBD@XDM2@rsSCS (drsSCS=6, sR=0.62)~~~

 alpha: {5.31058529, 5.876909931, 5.876909931, 5.31058529}
  C6ii: {10.90291721, 12.28951959, 12.28951959, 10.90291721}
 omega: {0.515462024, 0.474433747, 0.474433747, 0.515462024}
lambda: {0.2785160072, 0.2775135205, 0.2775135205, 0.2711526454, 0.2596076332, 0.2596076332, 0.2368754978, 0.2255764712, 0.2255764712, 0.2188793321, 0.2188793321, 0.1950328065}
Energy: {-0.002183849545}




    ENERGY MATRIX: {Non-Interacting, Electron-Nuclear, Electron-Electron, Nuclear-Nuclear, Total Energy}
Oscillator 1 Energy: {0.7738784274, -1.136981704, 0.5110531042, 0.4583331042, 0.6062829318}
Oscillator 2 Energy: {0.815225931, -1.250480898, 0.6609976107, 0.6249996875, 0.8507423312}
Oscillator 3 Energy: {0.815225931, -1.608694118, 0.5648088943, 0.6249996875, 0.3963403951}
Oscillator 4 Energy: {0.7738784274, -1.136981704, 0.4148643703, 0.4583331042, 0.5100941979}
Energy Totals: {3.178208717, -5.133138424, 2.15172398, 2.166665583, 2.363459856}


    COEFFICIENT MATRIX: {c1, c2, c5, c6, c11, c14}
Oscillator 1 Cs: {0.9357945436, 0.3276894773, -0.005073598634, 0.129932433}
Oscillator 2 Cs: {0.9193985969, -0.2837750653, -0.1042807097, 0.2516018004}
Oscillator 3 Cs: {0.9193985969, -0.2837750653, -0.1042807097, 0.2516018004}
Oscillator 4 Cs: {0.9357945436, 0.3276894773, -0.005073598634, 0.129932433}


    GENERAL RESULTS: {R, E, r2, r2f, r3, r3f, alpha, alphaf}
Oscillator 1 General Results: {2.000001, 2.506035695, 3.507128415, 3.18284615, 8.06511523, 6.975440461, 5.202971589, 4.5}
Oscillator 2 General Results: {2.000001, 2.506035695, 4.166834282, 3.18284615, 10.33640456, 6.975440461, 6.668227018, 4.5}
Oscillator 3 General Results: {2.000001, 2.506035695, 4.166834282, 3.18284615, 10.33640456, 6.975440461, 6.668227018, 4.5}
Oscillator 4 General Results: {2.000001, 2.506035695, 3.507128415, 3.18284615, 8.06511523, 6.975440461, 5.202971589, 4.5}


    XDM RESULTS: {M1^2, M1f^2, M2^2, M2f^2, M3^2, M3f^2, C6XDMii, C6XDMij, C6XDMf, C8XDMii, C8XDMij, C8XDMf, C10XDMii, C10XDMij, C10XDMf, EXDMC6, EXDMC8, EXDMC10, EXDMBJC6, EXDMBJC8, EXDMBJC10, EXDM, EXDMBJ}
Oscillator 1 XDM Results: {3.614172004, 3.18284615, 18.97395772, 16.88418269, 164.2118423, 125.3927637, 9.402217128, {{9.402217128, 10.77569586, 10.77569586, 9.402217128}, {10.77569586, 12.48949899, 12.48949899, 10.77569586}, {10.77569586, 12.48949899, 12.48949899, 10.77569586}, {9.402217128, 10.77569586, 10.77569586, 9.402217128}}, 7.161403837, 148.0814444, {{148.0814444, 180.2483022, 180.2483022, 148.0814444}, {180.2483022, 221.1262113, 221.1262113, 180.2483022}, {180.2483022, 221.1262113, 221.1262113, 180.2483022}, {148.0814444, 180.2483022, 180.2483022, 148.0814444}}, 113.9682331, 2797.152174, {{2797.152174, 3537.53499, 3537.53499, 2797.152174}, {3537.53499, 4506.981122, 4506.981122, 3537.53499}, {3537.53499, 4506.981122, 4506.981122, 3537.53499}, {2797.152174, 3537.53499, 3537.53499, 2797.152174}}, 1974.936028, -0.5373503977, -2.277543919, -11.31733376, -0.001307990175, -0.0006317487955, -0.0003540107975, -14.13222808, -0.002293749767}
Oscillator 2 XDM Results: {3.745972941, 3.18284615, 22.10744682, 16.88418269, 200.9503944, 125.3927637, 12.48949899, {{9.402217128, 10.77569586, 10.77569586, 9.402217128}, {10.77569586, 12.48949899, 12.48949899, 10.77569586}, {10.77569586, 12.48949899, 12.48949899, 10.77569586}, {9.402217128, 10.77569586, 10.77569586, 9.402217128}}, 7.161403837, 221.1262113, {{148.0814444, 180.2483022, 180.2483022, 148.0814444}, {180.2483022, 221.1262113, 221.1262113, 180.2483022}, {180.2483022, 221.1262113, 221.1262113, 180.2483022}, {148.0814444, 180.2483022, 180.2483022, 148.0814444}}, 113.9682331, 4506.981122, {{2797.152174, 3537.53499, 3537.53499, 2797.152174}, {3537.53499, 4506.981122, 4506.981122, 3537.53499}, {3537.53499, 4506.981122, 4506.981122, 3537.53499}, {2797.152174, 3537.53499, 3537.53499, 2797.152174}}, 1974.936028, -0.5373503977, -2.277543919, -11.31733376, -0.001307990175, -0.0006317487955, -0.0003540107975, -14.13222808, -0.002293749767}
Oscillator 3 XDM Results: {3.745972941, 3.18284615, 22.10744682, 16.88418269, 200.9503944, 125.3927637, 12.48949899, {{9.402217128, 10.77569586, 10.77569586, 9.402217128}, {10.77569586, 12.48949899, 12.48949899, 10.77569586}, {10.77569586, 12.48949899, 12.48949899, 10.77569586}, {9.402217128, 10.77569586, 10.77569586, 9.402217128}}, 7.161403837, 221.1262113, {{148.0814444, 180.2483022, 180.2483022, 148.0814444}, {180.2483022, 221.1262113, 221.1262113, 180.2483022}, {180.2483022, 221.1262113, 221.1262113, 180.2483022}, {148.0814444, 180.2483022, 180.2483022, 148.0814444}}, 113.9682331, 4506.981122, {{2797.152174, 3537.53499, 3537.53499, 2797.152174}, {3537.53499, 4506.981122, 4506.981122, 3537.53499}, {3537.53499, 4506.981122, 4506.981122, 3537.53499}, {2797.152174, 3537.53499, 3537.53499, 2797.152174}}, 1974.936028, -0.5373503977, -2.277543919, -11.31733376, -0.001307990175, -0.0006317487955, -0.0003540107975, -14.13222808, -0.002293749767}
Oscillator 4 XDM Results: {3.614172004, 3.18284615, 18.97395772, 16.88418269, 164.2118423, 125.3927637, 9.402217128, {{9.402217128, 10.77569586, 10.77569586, 9.402217128}, {10.77569586, 12.48949899, 12.48949899, 10.77569586}, {10.77569586, 12.48949899, 12.48949899, 10.77569586}, {9.402217128, 10.77569586, 10.77569586, 9.402217128}}, 7.161403837, 148.0814444, {{148.0814444, 180.2483022, 180.2483022, 148.0814444}, {180.2483022, 221.1262113, 221.1262113, 180.2483022}, {180.2483022, 221.1262113, 221.1262113, 180.2483022}, {148.0814444, 180.2483022, 180.2483022, 148.0814444}}, 113.9682331, 2797.152174, {{2797.152174, 3537.53499, 3537.53499, 2797.152174}, {3537.53499, 4506.981122, 4506.981122, 3537.53499}, {3537.53499, 4506.981122, 4506.981122, 3537.53499}, {2797.152174, 3537.53499, 3537.53499, 2797.152174}}, 1974.936028, -0.5373503977, -2.277543919, -11.31733376, -0.001307990175, -0.0006317487955, -0.0003540107975, -14.13222808, -0.002293749767}


    TS RESULTS: {C6TSii, C6TSij, C6TSf, ETS, ETSWY}
Oscillator 1 TS Results: {9.573616927, {{9.573616927, 12.26972893, 12.26972893, 9.573616927}, {12.26972893, 15.72511719, 15.72511719, 12.26972893}, {12.26972893, 15.72511719, 15.72511719, 12.26972893}, {9.573616927, 12.26972893, 12.26972893, 9.573616927}}, 7.161403837, -0.6353283537, -0.001842499467}
Oscillator 2 TS Results: {15.72511719, {{9.573616927, 12.26972893, 12.26972893, 9.573616927}, {12.26972893, 15.72511719, 15.72511719, 12.26972893}, {12.26972893, 15.72511719, 15.72511719, 12.26972893}, {9.573616927, 12.26972893, 12.26972893, 9.573616927}}, 7.161403837, -0.6353283537, -0.001842499467}
Oscillator 3 TS Results: {15.72511719, {{9.573616927, 12.26972893, 12.26972893, 9.573616927}, {12.26972893, 15.72511719, 15.72511719, 12.26972893}, {12.26972893, 15.72511719, 15.72511719, 12.26972893}, {9.573616927, 12.26972893, 12.26972893, 9.573616927}}, 7.161403837, -0.6353283537, -0.001842499467}
Oscillator 4 TS Results: {9.573616927, {{9.573616927, 12.26972893, 12.26972893, 9.573616927}, {12.26972893, 15.72511719, 15.72511719, 12.26972893}, {12.26972893, 15.72511719, 15.72511719, 12.26972893}, {9.573616927, 12.26972893, 12.26972893, 9.573616927}}, 7.161403837, -0.6353283537, -0.001842499467}


    MBD RESULTS: {MBD_alpha, MBD_C6, MBD_omega, MBD_Energy, MBDF1_alpha, MBDF1_C6, MBDF1_omega, MBDF1_Energy, MBDF2_alpha, MBDF2_C6, MBDF2_omega, MBDF2_Energy, MBDX1_alpha, MBDX1_C6, MBDX1_omega, MBDX1_Energy, MBDX2_alpha, MBDX2_C6, MBDX2_omega, MBDX2_Energy}
Oscillator 1 MBD Results: {5.852795515, 13.04690264, 0.5078312897, -0.1119724579, 5.432259497, 10.43390167, 0.4714378641, -0.08811884512, 5.432259497, 14.11077584, 0.6375710863, -0.1575556504, 5.945011181, 13.17016491, 0.4968492037, -0.1058813208, 5.852795515, 12.87271431, 0.501051268, -0.09622639342}
Oscillator 2 MBD Results: {6.472858759, 18.37107618, 0.5846299682, -0.1119724579, 5.130693947, 10.18831134, 0.5160463686, -0.08811884512, 5.130693947, 21.55988113, 1.092025753, -0.1575556504, 6.046825496, 15.57457369, 0.5679368304, -0.1058813208, 6.472858759, 14.70146588, 0.4678505191, -0.09622639342}
Oscillator 3 MBD Results: {6.472858759, 18.37107618, 0.5846299682, -0.1119724579, 5.130693947, 10.18831134, 0.5160463686, -0.08811884512, 5.130693947, 21.55988113, 1.092025753, -0.1575556504, 6.046825496, 15.57457369, 0.5679368304, -0.1058813208, 6.472858759, 14.70146588, 0.4678505191, -0.09622639342}
Oscillator 4 MBD Results: {5.852795515, 13.04690264, 0.5078312897, -0.1119724579, 5.432259497, 10.43390167, 0.4714378641, -0.08811884512, 5.432259497, 14.11077584, 0.6375710863, -0.1575556504, 5.945011181, 13.17016491, 0.4968492037, -0.1058813208, 5.852795515, 12.87271431, 0.501051268, -0.09622639342}


    MBDRSSCS RESULTS: {MBDrsSCS_alpha, MBDrsSCS_C6, MBDrsSCS_omega, MBDrsSCS_Energy, MBDF1rsSCS_alpha, MBDF1rsSCS_C6, MBDF1rsSCS_omega, MBDF1rsSCS_Energy, MBDF2rsSCS_alpha, MBDF2rsSCS_C6, MBDF2rsSCS_omega, MBDF2rsSCS_Energy, MBDX1rsSCS_alpha, MBDX1rsSCS_C6, MBDX1rsSCS_omega, MBDX1rsSCS_Energy, MBDX2rsSCS_alpha, MBDX2rsSCS_C6, MBDX2rsSCS_omega, MBDX2rsSCS_Energy}
Oscillator 1 MBDrsSCS Results: {5.31058529, 11.0058986, 0.5203307202, -0.002472397885, 4.934284138, 8.916555026, 0.4883008966, -0.001634477977, 4.934284138, 11.94904078, 0.6543701361, -0.002723096146, 5.387545731, 11.11784719, 0.5107136883, -0.002268618751, 5.31058529, 10.90291721, 0.515462024, -0.002183849545}
Oscillator 2 MBDrsSCS Results: {5.876909931, 15.51705284, 0.5990318388, -0.002472397885, 4.602555491, 8.543079566, 0.5377186766, -0.001634477977, 4.602555491, 18.54097433, 1.167006359, -0.002723096146, 5.453699879, 13.054293, 0.5852071496, -0.002268618751, 5.876909931, 12.28951959, 0.474433747, -0.002183849545}
Oscillator 3 MBDrsSCS Results: {5.876909931, 15.51705284, 0.5990318388, -0.002472397885, 4.602555491, 8.543079566, 0.5377186766, -0.001634477977, 4.602555491, 18.54097433, 1.167006359, -0.002723096146, 5.453699879, 13.054293, 0.5852071496, -0.002268618751, 5.876909931, 12.28951959, 0.474433747, -0.002183849545}
Oscillator 4 MBDrsSCS Results: {5.31058529, 11.0058986, 0.5203307202, -0.002472397885, 4.934284138, 8.916555026, 0.4883008966, -0.001634477977, 4.934284138, 11.94904078, 0.6543701361, -0.002723096146, 5.387545731, 11.11784719, 0.5107136883, -0.002268618751, 5.31058529, 10.90291721, 0.515462024, -0.002183849545}


         {R, Energy}
SUMMARY: {2.000001, 2.506035695}